method,dataset,target_attribute,total_time,init_time,model_time,del_time,update_time,leakage,utility,paths_blocked,mask_size,num_paths,memory_overhead_bytes,num_instantiated_cells,num_cells_updated,leakage,utitlity
delmin,airport,latitude_deg,0.1525418758392334,0.04026293754577637,0.10739874839782715,0.0031821727752685547,0.0016980171203613281,0.0,,36,16,36,304968,0.0,0
delmin,airport,latitude_deg,0.12122893333435059,0.02564215660095215,0.09062027931213379,0.0032966136932373047,0.0016698837280273438,0.0,,36,16,36,304968,0.0,0
delmin,airport,latitude_deg,0.11757206916809082,0.023661136627197266,0.08944892883300781,0.0030269622802734375,0.0014350414276123047,0.0,,36,16,36,304968,0.0,0
delmin,airport,latitude_deg,0.13473296165466309,0.026586055755615234,0.08737397193908691,0.01890277862548828,0.0018701553344726562,0.0,,36,16,36,304968,0.0,0
delmin,airport,latitude_deg,0.12239289283752441,0.024116992950439453,0.09263801574707031,0.004067897796630859,0.001569986343383789,0.0,,36,16,36,304968,0.0,0
delmin,airport,latitude_deg,0.1240849494934082,0.025478124618530273,0.0922689437866211,0.004709959030151367,0.0016279220581054688,0.0,,36,16,36,304968,0.0,0
delmin,airport,latitude_deg,0.1256089210510254,0.030911922454833984,0.08939909934997559,0.003579854965209961,0.0017180442810058594,0.0,,36,16,36,304968,0.0,0
delmin,airport,latitude_deg,0.12024068832397461,0.024632692337036133,0.09056997299194336,0.003370046615600586,0.0016679763793945312,0.0,,36,16,36,304968,0.0,0
delmin,airport,latitude_deg,0.12076807022094727,0.023643970489501953,0.09213113784790039,0.003506898880004883,0.001486063003540039,0.0,,36,16,36,304968,0.0,0
delmin,airport,latitude_deg,0.12200713157653809,0.02399301528930664,0.09343600273132324,0.0031070709228515625,0.0014710426330566406,0.0,,36,16,36,304968,0.0,0
delmin,airport,latitude_deg,0.12199234962463379,0.024477005004882812,0.09143400192260742,0.0043790340423583984,0.0017023086547851562,0.0,,36,16,36,304968,0.0,0
delmin,airport,latitude_deg,0.12212419509887695,0.02421402931213379,0.09329795837402344,0.003074169158935547,0.0015380382537841797,0.0,,36,16,36,304968,0.0,0
delmin,airport,latitude_deg,0.12359786033630371,0.02684307098388672,0.09147381782531738,0.0038199424743652344,0.001461029052734375,0.0,,36,16,36,304968,0.0,0
delmin,airport,latitude_deg,0.12171411514282227,0.024893999099731445,0.09171319007873535,0.0035347938537597656,0.0015721321105957031,0.0,,36,16,36,304968,0.0,0
delmin,airport,latitude_deg,0.1199953556060791,0.02497410774230957,0.0900111198425293,0.003509998321533203,0.0015001296997070312,0.0,,36,16,36,304968,0.0,0
delmin,airport,latitude_deg,0.12057328224182129,0.02344822883605957,0.09200930595397949,0.0031087398529052734,0.002007007598876953,0.0,,36,16,36,304968,0.0,0
delmin,airport,latitude_deg,0.11821651458740234,0.023530244827270508,0.08923983573913574,0.004022121429443359,0.0014243125915527344,0.0,,36,16,36,304968,0.0,0
delmin,airport,latitude_deg,0.13086700439453125,0.022891998291015625,0.10379433631896973,0.002749919891357422,0.0014307498931884766,0.0,,36,16,36,304968,0.0,0
delmin,airport,latitude_deg,0.1179344654083252,0.022865772247314453,0.08947491645812988,0.003950834274291992,0.0016429424285888672,0.0,,36,16,36,304968,0.0,0
delmin,airport,latitude_deg,0.11954522132873535,0.02329707145690918,0.09120607376098633,0.0034019947052001953,0.0016400814056396484,0.0,,36,16,36,304968,0.0,0
delmin,airport,latitude_deg,0.11920285224914551,0.023122787475585938,0.09149789810180664,0.003119230270385742,0.0014629364013671875,0.0,,36,16,36,304968,0.0,0
delmin,airport,latitude_deg,0.12090253829956055,0.023648738861083984,0.09290409088134766,0.0029277801513671875,0.0014219284057617188,0.0,,36,16,36,304968,0.0,0
delmin,airport,latitude_deg,0.1204080581665039,0.02441883087158203,0.09029603004455566,0.0036592483520507812,0.0020339488983154297,0.0,,36,16,36,304968,0.0,0
delmin,airport,latitude_deg,0.12180495262145996,0.025646209716796875,0.09079766273498535,0.0038383007049560547,0.0015227794647216797,0.0,,36,16,36,304968,0.0,0
delmin,airport,latitude_deg,0.12038874626159668,0.02472090721130371,0.08980894088745117,0.004312992095947266,0.0015459060668945312,0.0,,36,16,36,304968,0.0,0
delmin,airport,latitude_deg,0.12016510963439941,0.0240781307220459,0.09077692031860352,0.0034949779510498047,0.0018150806427001953,0.0,,36,16,36,304968,0.0,0
delmin,airport,latitude_deg,0.11929178237915039,0.0238039493560791,0.09055185317993164,0.0035691261291503906,0.0013668537139892578,0.0,,36,16,36,304968,0.0,0
delmin,airport,latitude_deg,0.11963558197021484,0.02342081069946289,0.09125614166259766,0.0033416748046875,0.0016169548034667969,0.0,,36,16,36,304968,0.0,0
delmin,airport,latitude_deg,0.12005281448364258,0.023692846298217773,0.09073805809020996,0.004190921783447266,0.0014309883117675781,0.0,,36,16,36,304968,0.0,0
delmin,airport,latitude_deg,0.13591241836547852,0.02669692039489746,0.10414600372314453,0.0032842159271240234,0.0017852783203125,0.0,,36,16,36,304968,0.0,0
delmin,airport,latitude_deg,0.12176871299743652,0.025109052658081055,0.09033894538879395,0.0045928955078125,0.0017278194427490234,0.0,,36,16,36,304968,0.0,0
delmin,airport,latitude_deg,0.11880135536193848,0.023230314254760742,0.09090304374694824,0.0031480789184570312,0.001519918441772461,0.0,,36,16,36,304968,0.0,0
delmin,airport,latitude_deg,0.1255040168762207,0.024228811264038086,0.09414505958557129,0.0037419795989990234,0.0033881664276123047,0.0,,36,16,36,304968,0.0,0
delmin,airport,latitude_deg,0.12258100509643555,0.025016069412231445,0.09250783920288086,0.0033540725708007812,0.001703023910522461,0.0,,36,16,36,304968,0.0,0
delmin,airport,latitude_deg,0.12292909622192383,0.02494502067565918,0.09033012390136719,0.0040090084075927734,0.0036449432373046875,0.0,,36,16,36,304968,0.0,0
delmin,airport,latitude_deg,0.12955307960510254,0.02418994903564453,0.09938192367553711,0.0042951107025146484,0.00168609619140625,0.0,,36,16,36,304968,0.0,0
delmin,airport,latitude_deg,0.11923718452453613,0.024385929107666016,0.0898139476776123,0.003444194793701172,0.0015931129455566406,0.0,,36,16,36,304968,0.0,0
delmin,airport,latitude_deg,0.12173795700073242,0.02403402328491211,0.09147119522094727,0.004230976104736328,0.0020017623901367188,0.0,,36,16,36,304968,0.0,0
delmin,airport,latitude_deg,0.13054466247558594,0.025927066802978516,0.0941457748413086,0.008689165115356445,0.0017826557159423828,0.0,,36,16,36,304968,0.0,0
delmin,airport,latitude_deg,0.13122010231018066,0.0272519588470459,0.09880399703979492,0.0032210350036621094,0.0019431114196777344,0.0,,36,16,36,304968,0.0,0
delmin,airport,latitude_deg,0.1360921859741211,0.03430914878845215,0.09320402145385742,0.007009029388427734,0.001569986343383789,0.0,,36,16,36,304968,0.0,0
delmin,airport,latitude_deg,0.12226104736328125,0.024564027786254883,0.09307289123535156,0.003068208694458008,0.0015559196472167969,0.0,,36,16,36,304968,0.0,0
delmin,airport,latitude_deg,0.11876106262207031,0.02369999885559082,0.08960103988647461,0.0039119720458984375,0.0015480518341064453,0.0,,36,16,36,304968,0.0,0
delmin,airport,latitude_deg,0.12106180191040039,0.024777889251708984,0.09128594398498535,0.0033071041107177734,0.0016908645629882812,0.0,,36,16,36,304968,0.0,0
delmin,airport,latitude_deg,0.11916708946228027,0.024737119674682617,0.08974790573120117,0.0031342506408691406,0.0015478134155273438,0.0,,36,16,36,304968,0.0,0
delmin,airport,latitude_deg,0.1202096939086914,0.022658109664916992,0.09222769737243652,0.0036449432373046875,0.0016789436340332031,0.0,,36,16,36,304968,0.0,0
delmin,airport,latitude_deg,0.12406539916992188,0.025562047958374023,0.09352493286132812,0.0033791065216064453,0.0015993118286132812,0.0,,36,16,36,304968,0.0,0
delmin,airport,latitude_deg,0.12442612648010254,0.026996135711669922,0.09189772605895996,0.0034563541412353516,0.0020759105682373047,0.0,,36,16,36,304968,0.0,0
delmin,airport,latitude_deg,0.1191861629486084,0.024185895919799805,0.09032201766967773,0.0032050609588623047,0.0014731884002685547,0.0,,36,16,36,304968,0.0,0
delmin,airport,latitude_deg,0.12199807167053223,0.024463176727294922,0.09205126762390137,0.0033566951751708984,0.002126932144165039,0.0,,36,16,36,304968,0.0,0
delmin,hospital,ProviderNumber,0.06280660629272461,0.021399736404418945,0.036939144134521484,0.002881765365600586,0.0015859603881835938,0.0,,39,13,39,156232,0.0,0
delmin,hospital,ProviderNumber,0.062068939208984375,0.01970982551574707,0.03783988952636719,0.0029811859130859375,0.0015380382537841797,0.0,,39,13,39,156232,0.0,0
delmin,hospital,ProviderNumber,0.06540083885192871,0.02277207374572754,0.03790903091430664,0.003160715103149414,0.0015590190887451172,0.0,,39,13,39,156232,0.0,0
delmin,hospital,ProviderNumber,0.06422686576843262,0.02200794219970703,0.03763890266418457,0.0030832290649414062,0.0014967918395996094,0.0,,39,13,39,156232,0.0,0
delmin,hospital,ProviderNumber,0.06415224075317383,0.02035689353942871,0.03902006149291992,0.0033321380615234375,0.0014431476593017578,0.0,,39,13,39,156232,0.0,0
delmin,hospital,ProviderNumber,0.060869455337524414,0.019242048263549805,0.03731107711791992,0.002729177474975586,0.0015871524810791016,0.0,,39,13,39,156232,0.0,0
delmin,hospital,ProviderNumber,0.061264991760253906,0.019295930862426758,0.037648916244506836,0.002763986587524414,0.0015561580657958984,0.0,,39,13,39,156232,0.0,0
delmin,hospital,ProviderNumber,0.06461191177368164,0.020066022872924805,0.03963422775268555,0.0032036304473876953,0.0017080307006835938,0.0,,39,13,39,156232,0.0,0
delmin,hospital,ProviderNumber,0.06254076957702637,0.019328832626342773,0.03851318359375,0.003147602081298828,0.0015511512756347656,0.0,,39,13,39,156232,0.0,0
delmin,hospital,ProviderNumber,0.061686038970947266,0.019919872283935547,0.03763079643249512,0.0026030540466308594,0.0015323162078857422,0.0,,39,13,39,156232,0.0,0
delmin,hospital,ProviderNumber,0.06557202339172363,0.02079486846923828,0.03978919982910156,0.003493070602416992,0.0014948844909667969,0.0,,39,13,39,156232,0.0,0
delmin,hospital,ProviderNumber,0.06317448616027832,0.020293235778808594,0.038227081298828125,0.0031099319458007812,0.0015442371368408203,0.0,,39,13,39,156232,0.0,0
delmin,hospital,ProviderNumber,0.061843156814575195,0.020303964614868164,0.03740692138671875,0.002668142318725586,0.0014641284942626953,0.0,,39,13,39,156232,0.0,0
delmin,hospital,ProviderNumber,0.0647287368774414,0.020309925079345703,0.03995513916015625,0.0030498504638671875,0.0014138221740722656,0.0,,39,13,39,156232,0.0,0
delmin,hospital,ProviderNumber,0.06318926811218262,0.01976299285888672,0.038246870040893555,0.0036993026733398438,0.0014801025390625,0.0,,39,13,39,156232,0.0,0
delmin,hospital,ProviderNumber,0.061532020568847656,0.019390106201171875,0.03752017021179199,0.0030558109283447266,0.0015659332275390625,0.0,,39,13,39,156232,0.0,0
delmin,hospital,ProviderNumber,0.06290388107299805,0.018748998641967773,0.03985595703125,0.002836942672729492,0.0014619827270507812,0.0,,39,13,39,156232,0.0,0
delmin,hospital,ProviderNumber,0.06183624267578125,0.01885223388671875,0.03770089149475098,0.003702878952026367,0.0015802383422851562,0.0,,39,13,39,156232,0.0,0
delmin,hospital,ProviderNumber,0.06055426597595215,0.019696950912475586,0.0367279052734375,0.0026912689208984375,0.001438140869140625,0.0,,39,13,39,156232,0.0,0
delmin,hospital,ProviderNumber,0.06516861915588379,0.021258831024169922,0.03979182243347168,0.002727031707763672,0.0013909339904785156,0.0,,39,13,39,156232,0.0,0
delmin,hospital,ProviderNumber,0.06572222709655762,0.020863056182861328,0.03940415382385254,0.003827810287475586,0.001627206802368164,0.0,,39,13,39,156232,0.0,0
delmin,hospital,ProviderNumber,0.06124377250671387,0.019345760345458984,0.03754115104675293,0.0028319358825683594,0.0015249252319335938,0.0,,39,13,39,156232,0.0,0
delmin,hospital,ProviderNumber,0.06419062614440918,0.0202329158782959,0.03963923454284668,0.002831697463989258,0.0014867782592773438,0.0,,39,13,39,156232,0.0,0
delmin,hospital,ProviderNumber,0.061553955078125,0.018825054168701172,0.037695884704589844,0.0035419464111328125,0.0014910697937011719,0.0,,39,13,39,156232,0.0,0
delmin,hospital,ProviderNumber,0.06107592582702637,0.019433975219726562,0.03712272644042969,0.0030624866485595703,0.0014567375183105469,0.0,,39,13,39,156232,0.0,0
delmin,hospital,ProviderNumber,0.06420016288757324,0.019626855850219727,0.03998208045959473,0.002875089645385742,0.0017161369323730469,0.0,,39,13,39,156232,0.0,0
delmin,hospital,ProviderNumber,0.06156802177429199,0.019392013549804688,0.03760194778442383,0.0030188560485839844,0.0015552043914794922,0.0,,39,13,39,156232,0.0,0
delmin,hospital,ProviderNumber,0.0622248649597168,0.019757747650146484,0.037741899490356445,0.003404378890991211,0.0013208389282226562,0.0,,39,13,39,156232,0.0,0
delmin,hospital,ProviderNumber,0.06237292289733887,0.018433094024658203,0.03906369209289551,0.003225088119506836,0.0016510486602783203,0.0,,39,13,39,156232,0.0,0
delmin,hospital,ProviderNumber,0.061251163482666016,0.019063949584960938,0.03772306442260742,0.002863168716430664,0.0016009807586669922,0.0,,39,13,39,156232,0.0,0
delmin,hospital,ProviderNumber,0.06267070770263672,0.02049088478088379,0.0373990535736084,0.0033800601959228516,0.0014007091522216797,0.0,,39,13,39,156232,0.0,0
delmin,hospital,ProviderNumber,0.06501197814941406,0.02023601531982422,0.04037904739379883,0.002866029739379883,0.0015308856964111328,0.0,,39,13,39,156232,0.0,0
delmin,hospital,ProviderNumber,0.06157803535461426,0.019369125366210938,0.03772592544555664,0.0028839111328125,0.0015990734100341797,0.0,,39,13,39,156232,0.0,0
delmin,hospital,ProviderNumber,0.06195831298828125,0.020051956176757812,0.037886857986450195,0.0026793479919433594,0.0013401508331298828,0.0,,39,13,39,156232,0.0,0
delmin,hospital,ProviderNumber,0.06411004066467285,0.01935291290283203,0.04002499580383301,0.003116130828857422,0.0016160011291503906,0.0,,39,13,39,156232,0.0,0
delmin,hospital,ProviderNumber,0.062052249908447266,0.01883220672607422,0.037606000900268555,0.0035088062286376953,0.002105236053466797,0.0,,39,13,39,156232,0.0,0
delmin,hospital,ProviderNumber,0.06204700469970703,0.020174741744995117,0.037795066833496094,0.002782106399536133,0.0012950897216796875,0.0,,39,13,39,156232,0.0,0
delmin,hospital,ProviderNumber,0.06322765350341797,0.018075942993164062,0.040154218673706055,0.0034155845642089844,0.0015819072723388672,0.0,,39,13,39,156232,0.0,0
delmin,hospital,ProviderNumber,0.06201887130737305,0.02043437957763672,0.03730893135070801,0.002808809280395508,0.0014667510986328125,0.0,,39,13,39,156232,0.0,0
delmin,hospital,ProviderNumber,0.06085085868835449,0.01920771598815918,0.03710293769836426,0.003130197525024414,0.0014100074768066406,0.0,,39,13,39,156232,0.0,0
delmin,hospital,ProviderNumber,0.06556057929992676,0.02031421661376953,0.0403590202331543,0.003237009048461914,0.0016503334045410156,0.0,,39,13,39,156232,0.0,0
delmin,hospital,ProviderNumber,0.06215381622314453,0.02005767822265625,0.03758406639099121,0.002958059310913086,0.0015540122985839844,0.0,,39,13,39,156232,0.0,0
delmin,hospital,ProviderNumber,0.06373405456542969,0.020066022872924805,0.037878990173339844,0.003692150115966797,0.002096891403198242,0.0,,39,13,39,156232,0.0,0
delmin,hospital,ProviderNumber,0.06548285484313965,0.020039796829223633,0.04036307334899902,0.003448963165283203,0.001631021499633789,0.0,,39,13,39,156232,0.0,0
delmin,hospital,ProviderNumber,0.0614321231842041,0.019107818603515625,0.037312984466552734,0.003450155258178711,0.0015611648559570312,0.0,,39,13,39,156232,0.0,0
delmin,hospital,ProviderNumber,0.06354594230651855,0.02046799659729004,0.03817915916442871,0.0035059452056884766,0.0013928413391113281,0.0,,39,13,39,156232,0.0,0
delmin,hospital,ProviderNumber,0.0633859634399414,0.01857924461364746,0.03966522216796875,0.003491640090942383,0.0016498565673828125,0.0,,39,13,39,156232,0.0,0
delmin,hospital,ProviderNumber,0.06125211715698242,0.019513845443725586,0.03753995895385742,0.002707242965698242,0.0014910697937011719,0.0,,39,13,39,156232,0.0,0
delmin,hospital,ProviderNumber,0.061553955078125,0.01944589614868164,0.03763890266418457,0.0030841827392578125,0.0013849735260009766,0.0,,39,13,39,156232,0.0,0
delmin,hospital,ProviderNumber,0.06424689292907715,0.018801212310791016,0.03988289833068848,0.00391387939453125,0.0016489028930664062,0.0,,39,13,39,156232,0.0,0
delmin,ncvoter,voter_reg_num,0.05089521408081055,0.02171611785888672,0.024565935134887695,0.003111124038696289,0.0015020370483398438,0.0,,34,18,34,113640,0.0,0
delmin,ncvoter,voter_reg_num,0.053002119064331055,0.02285909652709961,0.024986982345581055,0.0035369396209716797,0.001619100570678711,0.0,,34,18,34,113640,0.0,0
delmin,ncvoter,voter_reg_num,0.055615901947021484,0.022929906845092773,0.0250091552734375,0.006123781204223633,0.0015530586242675781,0.0,,34,18,34,113640,0.0,0
delmin,ncvoter,voter_reg_num,0.05353093147277832,0.02357196807861328,0.025137901306152344,0.0032570362091064453,0.00156402587890625,0.0,,34,18,34,113640,0.0,0
delmin,ncvoter,voter_reg_num,0.055144548416137695,0.02297377586364746,0.02503490447998047,0.0030281543731689453,0.00410771369934082,0.0,,34,18,34,113640,0.0,0
delmin,ncvoter,voter_reg_num,0.054704904556274414,0.022115230560302734,0.02484893798828125,0.00619196891784668,0.00154876708984375,0.0,,34,18,34,113640,0.0,0
delmin,ncvoter,voter_reg_num,0.05089116096496582,0.021536827087402344,0.024670839309692383,0.003282308578491211,0.0014011859893798828,0.0,,34,18,34,113640,0.0,0
delmin,ncvoter,voter_reg_num,0.05330801010131836,0.023625850677490234,0.02506113052368164,0.002955913543701172,0.0016651153564453125,0.0,,34,18,34,113640,0.0,0
delmin,ncvoter,voter_reg_num,0.05243086814880371,0.0225679874420166,0.02504706382751465,0.0032608509063720703,0.0015549659729003906,0.0,,34,18,34,113640,0.0,0
delmin,ncvoter,voter_reg_num,0.05163168907165527,0.022089004516601562,0.025303125381469727,0.0028967857360839844,0.0013427734375,0.0,,34,18,34,113640,0.0,0
delmin,ncvoter,voter_reg_num,0.05187511444091797,0.022172927856445312,0.025066852569580078,0.002990245819091797,0.0016450881958007812,0.0,,34,18,34,113640,0.0,0
delmin,ncvoter,voter_reg_num,0.055466651916503906,0.022746801376342773,0.026340246200561523,0.004742622375488281,0.0016369819641113281,0.0,,34,18,34,113640,0.0,0
delmin,ncvoter,voter_reg_num,0.05356407165527344,0.02311396598815918,0.025789260864257812,0.003251791000366211,0.0014090538024902344,0.0,,34,18,34,113640,0.0,0
delmin,ncvoter,voter_reg_num,0.051139116287231445,0.0222170352935791,0.02410721778869629,0.0032358169555664062,0.0015790462493896484,0.0,,34,18,34,113640,0.0,0
delmin,ncvoter,voter_reg_num,0.05531597137451172,0.02440619468688965,0.026371002197265625,0.003187894821166992,0.0013508796691894531,0.0,,34,18,34,113640,0.0,0
delmin,ncvoter,voter_reg_num,0.05248308181762695,0.022260189056396484,0.025115966796875,0.0036439895629882812,0.0014629364013671875,0.0,,34,18,34,113640,0.0,0
delmin,ncvoter,voter_reg_num,0.05352783203125,0.023410797119140625,0.025174856185913086,0.003431081771850586,0.0015110969543457031,0.0,,34,18,34,113640,0.0,0
delmin,ncvoter,voter_reg_num,0.0508270263671875,0.02145218849182129,0.025327205657958984,0.002695798873901367,0.0013518333435058594,0.0,,34,18,34,113640,0.0,0
delmin,ncvoter,voter_reg_num,0.05207204818725586,0.022029876708984375,0.02474498748779297,0.003545045852661133,0.0017521381378173828,0.0,,34,18,34,113640,0.0,0
delmin,ncvoter,voter_reg_num,0.05260777473449707,0.02232074737548828,0.02550196647644043,0.0030622482299804688,0.0017228126525878906,0.0,,34,18,34,113640,0.0,0
delmin,ncvoter,voter_reg_num,0.053493499755859375,0.022858142852783203,0.026249170303344727,0.002939939498901367,0.0014462471008300781,0.0,,34,18,34,113640,0.0,0
delmin,ncvoter,voter_reg_num,0.05184483528137207,0.021897077560424805,0.025395870208740234,0.003014087677001953,0.0015377998352050781,0.0,,34,18,34,113640,0.0,0
delmin,ncvoter,voter_reg_num,0.05231118202209473,0.021429061889648438,0.02628302574157715,0.0030961036682128906,0.00150299072265625,0.0,,34,18,34,113640,0.0,0
delmin,ncvoter,voter_reg_num,0.0559840202331543,0.024995088577270508,0.025242090225219727,0.004343748092651367,0.0014030933380126953,0.0,,34,18,34,113640,0.0,0
delmin,ncvoter,voter_reg_num,0.05267333984375,0.02259206771850586,0.02491903305053711,0.0035331249237060547,0.0016291141510009766,0.0,,34,18,34,113640,0.0,0
delmin,ncvoter,voter_reg_num,0.05100536346435547,0.021731138229370117,0.02470707893371582,0.003123044967651367,0.001444101333618164,0.0,,34,18,34,113640,0.0,0
delmin,ncvoter,voter_reg_num,0.05091595649719238,0.021715879440307617,0.02411818504333496,0.0034058094024658203,0.0016760826110839844,0.0,,34,18,34,113640,0.0,0
delmin,ncvoter,voter_reg_num,0.05333304405212402,0.02200007438659668,0.024959087371826172,0.004784822463989258,0.001589059829711914,0.0,,34,18,34,113640,0.0,0
delmin,ncvoter,voter_reg_num,0.053720951080322266,0.023637056350708008,0.02618408203125,0.002447843551635742,0.0014519691467285156,0.0,,34,18,34,113640,0.0,0
delmin,ncvoter,voter_reg_num,0.05222582817077637,0.02304983139038086,0.02383589744567871,0.0039081573486328125,0.0014319419860839844,0.0,,34,18,34,113640,0.0,0
delmin,ncvoter,voter_reg_num,0.05234718322753906,0.021799325942993164,0.025911808013916016,0.003206968307495117,0.0014290809631347656,0.0,,34,18,34,113640,0.0,0
delmin,ncvoter,voter_reg_num,0.06469893455505371,0.030651092529296875,0.02720785140991211,0.0052700042724609375,0.001569986343383789,0.0,,34,18,34,113640,0.0,0
delmin,ncvoter,voter_reg_num,0.05249500274658203,0.02316904067993164,0.025591135025024414,0.002343893051147461,0.0013909339904785156,0.0,,34,18,34,113640,0.0,0
delmin,ncvoter,voter_reg_num,0.05427885055541992,0.021443843841552734,0.02648782730102539,0.0044672489166259766,0.0018799304962158203,0.0,,34,18,34,113640,0.0,0
delmin,ncvoter,voter_reg_num,0.06356310844421387,0.0318751335144043,0.02551412582397461,0.004641056060791016,0.0015327930450439453,0.0,,34,18,34,113640,0.0,0
delmin,ncvoter,voter_reg_num,0.06405806541442871,0.03191399574279785,0.0265810489654541,0.003919124603271484,0.0016438961029052734,0.0,,34,18,34,113640,0.0,0
delmin,ncvoter,voter_reg_num,0.05911898612976074,0.025523900985717773,0.028208017349243164,0.003643035888671875,0.0017440319061279297,0.0,,34,18,34,113640,0.0,0
delmin,ncvoter,voter_reg_num,0.05202889442443848,0.0230557918548584,0.02446293830871582,0.003052234649658203,0.0014579296112060547,0.0,,34,18,34,113640,0.0,0
delmin,ncvoter,voter_reg_num,0.054305076599121094,0.024782896041870117,0.02468705177307129,0.0034780502319335938,0.0013570785522460938,0.0,,34,18,34,113640,0.0,0
delmin,ncvoter,voter_reg_num,0.06298184394836426,0.03055715560913086,0.027063846588134766,0.0037000179290771484,0.0016608238220214844,0.0,,34,18,34,113640,0.0,0
delmin,ncvoter,voter_reg_num,0.0536198616027832,0.023791074752807617,0.025175094604492188,0.0031087398529052734,0.001544952392578125,0.0,,34,18,34,113640,0.0,0
delmin,ncvoter,voter_reg_num,0.059301137924194336,0.024065017700195312,0.03078913688659668,0.0029671192169189453,0.0014798641204833984,0.0,,34,18,34,113640,0.0,0
delmin,ncvoter,voter_reg_num,0.07704997062683105,0.04047584533691406,0.029181957244873047,0.005276203155517578,0.002115964889526367,0.0,,34,18,34,113640,0.0,0
delmin,ncvoter,voter_reg_num,0.056981801986694336,0.025259017944335938,0.026159048080444336,0.00397181510925293,0.0015919208526611328,0.0,,34,18,34,113640,0.0,0
delmin,ncvoter,voter_reg_num,0.053323984146118164,0.023768901824951172,0.024707794189453125,0.0032393932342529297,0.0016078948974609375,0.0,,34,18,34,113640,0.0,0
delmin,ncvoter,voter_reg_num,0.052538394927978516,0.023169755935668945,0.024426937103271484,0.003551006317138672,0.001390695571899414,0.0,,34,18,34,113640,0.0,0
delmin,ncvoter,voter_reg_num,0.05978202819824219,0.02378392219543457,0.03153204917907715,0.0029420852661132812,0.0015239715576171875,0.0,,34,18,34,113640,0.0,0
delmin,ncvoter,voter_reg_num,0.05487966537475586,0.023884057998657227,0.025894880294799805,0.0035288333892822266,0.0015718936920166016,0.0,,34,18,34,113640,0.0,0
delmin,ncvoter,voter_reg_num,0.059220314025878906,0.023594141006469727,0.027598857879638672,0.005499124526977539,0.0025281906127929688,0.0,,34,18,34,113640,0.0,0
delmin,ncvoter,voter_reg_num,0.0608372688293457,0.028849124908447266,0.026972055435180664,0.003495931625366211,0.0015201568603515625,0.0,,34,18,34,113640,0.0,0
delmin,Onlineretail,InvoiceNo,0.07970404624938965,0.015473365783691406,0.05970001220703125,0.00299072265625,0.0015399456024169922,0.0,,22,8,22,192480,0.0,0
delmin,Onlineretail,InvoiceNo,0.07847929000854492,0.014452934265136719,0.05980396270751953,0.002553224563598633,0.001669168472290039,0.0,,22,8,22,192480,0.0,0
delmin,Onlineretail,InvoiceNo,0.07541871070861816,0.014844179153442383,0.05672502517700195,0.0022346973419189453,0.0016148090362548828,0.0,,22,8,22,192480,0.0,0
delmin,Onlineretail,InvoiceNo,0.07982897758483887,0.015266895294189453,0.05942106246948242,0.0031888484954833984,0.0019521713256835938,0.0,,22,8,22,192480,0.0,0
delmin,Onlineretail,InvoiceNo,0.07735204696655273,0.014733076095581055,0.05878901481628418,0.002115011215209961,0.001714944839477539,0.0,,22,8,22,192480,0.0,0
delmin,Onlineretail,InvoiceNo,0.07751202583312988,0.013075113296508789,0.06096076965332031,0.0020792484283447266,0.0013968944549560547,0.0,,22,8,22,192480,0.0,0
delmin,Onlineretail,InvoiceNo,0.07604026794433594,0.01416921615600586,0.058054208755493164,0.002442598342895508,0.0013742446899414062,0.0,,22,8,22,192480,0.0,0
delmin,Onlineretail,InvoiceNo,0.07784771919250488,0.014301776885986328,0.05940604209899902,0.0024340152740478516,0.0017058849334716797,0.0,,22,8,22,192480,0.0,0
delmin,Onlineretail,InvoiceNo,0.07808923721313477,0.014961004257202148,0.05900096893310547,0.00246429443359375,0.0016629695892333984,0.0,,22,8,22,192480,0.0,0
delmin,Onlineretail,InvoiceNo,0.07994818687438965,0.015073060989379883,0.06034684181213379,0.002736330032348633,0.0017919540405273438,0.0,,22,8,22,192480,0.0,0
delmin,Onlineretail,InvoiceNo,0.07744812965393066,0.013875246047973633,0.0601499080657959,0.001965045928955078,0.0014579296112060547,0.0,,22,8,22,192480,0.0,0
delmin,Onlineretail,InvoiceNo,0.07882905006408691,0.014152050018310547,0.06037783622741699,0.0025701522827148438,0.0017290115356445312,0.0,,22,8,22,192480,0.0,0
delmin,Onlineretail,InvoiceNo,0.07718515396118164,0.014091014862060547,0.05904388427734375,0.0025141239166259766,0.0015361309051513672,0.0,,22,8,22,192480,0.0,0
delmin,Onlineretail,InvoiceNo,0.07852673530578613,0.015170812606811523,0.059422969818115234,0.002357006072998047,0.0015759468078613281,0.0,,22,8,22,192480,0.0,0
delmin,Onlineretail,InvoiceNo,0.0836179256439209,0.02032303810119629,0.05941414833068848,0.002385854721069336,0.0014948844909667969,0.0,,22,8,22,192480,0.0,0
delmin,Onlineretail,InvoiceNo,0.07759547233581543,0.013775825500488281,0.05983424186706543,0.002465486526489258,0.001519918441772461,0.0,,22,8,22,192480,0.0,0
delmin,Onlineretail,InvoiceNo,0.07606792449951172,0.014084815979003906,0.05813789367675781,0.0022792816162109375,0.0015659332275390625,0.0,,22,8,22,192480,0.0,0
delmin,Onlineretail,InvoiceNo,0.09131717681884766,0.014636039733886719,0.07303285598754883,0.0021042823791503906,0.0015439987182617188,0.0,,22,8,22,192480,0.0,0
delmin,Onlineretail,InvoiceNo,0.07702922821044922,0.013365030288696289,0.059329986572265625,0.002946138381958008,0.0013880729675292969,0.0,,22,8,22,192480,0.0,0
delmin,Onlineretail,InvoiceNo,0.07921218872070312,0.014487028121948242,0.060494184494018555,0.0025017261505126953,0.0017292499542236328,0.0,,22,8,22,192480,0.0,0
delmin,Onlineretail,InvoiceNo,0.07823801040649414,0.014593124389648438,0.059386253356933594,0.0025877952575683594,0.00167083740234375,0.0,,22,8,22,192480,0.0,0
delmin,Onlineretail,InvoiceNo,0.07759785652160645,0.014525890350341797,0.059334754943847656,0.0020592212677001953,0.0016779899597167969,0.0,,22,8,22,192480,0.0,0
delmin,Onlineretail,InvoiceNo,0.08578276634216309,0.02316594123840332,0.05885887145996094,0.002251148223876953,0.001506805419921875,0.0,,22,8,22,192480,0.0,0
delmin,Onlineretail,InvoiceNo,0.0780019760131836,0.01484990119934082,0.05880999565124512,0.0024869441986083984,0.0018551349639892578,0.0,,22,8,22,192480,0.0,0
delmin,Onlineretail,InvoiceNo,0.07618904113769531,0.014342308044433594,0.05777478218078613,0.0025091171264648438,0.0015628337860107422,0.0,,22,8,22,192480,0.0,0
delmin,Onlineretail,InvoiceNo,0.0784912109375,0.014528036117553711,0.05977487564086914,0.0025482177734375,0.0016400814056396484,0.0,,22,8,22,192480,0.0,0
delmin,Onlineretail,InvoiceNo,0.07770109176635742,0.014432191848754883,0.0589289665222168,0.002908945083618164,0.0014309883117675781,0.0,,22,8,22,192480,0.0,0
delmin,Onlineretail,InvoiceNo,0.07819962501525879,0.013469934463500977,0.06092691421508789,0.0023758411407470703,0.0014269351959228516,0.0,,22,8,22,192480,0.0,0
delmin,Onlineretail,InvoiceNo,0.07676315307617188,0.013837099075317383,0.05948901176452637,0.0020639896392822266,0.0013730525970458984,0.0,,22,8,22,192480,0.0,0
delmin,Onlineretail,InvoiceNo,0.07865715026855469,0.01386404037475586,0.059684038162231445,0.0033500194549560547,0.0017590522766113281,0.0,,22,8,22,192480,0.0,0
delmin,Onlineretail,InvoiceNo,0.07659482955932617,0.014361858367919922,0.05783200263977051,0.0025582313537597656,0.0018427371978759766,0.0,,22,8,22,192480,0.0,0
delmin,Onlineretail,InvoiceNo,0.10058259963989258,0.029432058334350586,0.0663292407989502,0.003103971481323242,0.0017173290252685547,0.0,,22,8,22,192480,0.0,0
delmin,Onlineretail,InvoiceNo,0.08267736434936523,0.015624046325683594,0.06276988983154297,0.002520322799682617,0.0017631053924560547,0.0,,22,8,22,192480,0.0,0
delmin,Onlineretail,InvoiceNo,0.08419609069824219,0.015529155731201172,0.06416010856628418,0.0028367042541503906,0.0016701221466064453,0.0,,22,8,22,192480,0.0,0
delmin,Onlineretail,InvoiceNo,0.07861709594726562,0.015564918518066406,0.05913114547729492,0.0023009777069091797,0.0016200542449951172,0.0,,22,8,22,192480,0.0,0
delmin,Onlineretail,InvoiceNo,0.07949709892272949,0.015051841735839844,0.05951070785522461,0.0031845569610595703,0.0017499923706054688,0.0,,22,8,22,192480,0.0,0
delmin,Onlineretail,InvoiceNo,0.07715010643005371,0.01409292221069336,0.05906486511230469,0.0024843215942382812,0.0015079975128173828,0.0,,22,8,22,192480,0.0,0
delmin,Onlineretail,InvoiceNo,0.07786345481872559,0.01328587532043457,0.060749053955078125,0.0024042129516601562,0.0014243125915527344,0.0,,22,8,22,192480,0.0,0
delmin,Onlineretail,InvoiceNo,0.07855105400085449,0.014221906661987305,0.0600590705871582,0.0024840831756591797,0.0017859935760498047,0.0,,22,8,22,192480,0.0,0
delmin,Onlineretail,InvoiceNo,0.07808804512023926,0.014383077621459961,0.05968308448791504,0.0024688243865966797,0.0015530586242675781,0.0,,22,8,22,192480,0.0,0
delmin,Onlineretail,InvoiceNo,0.07646965980529785,0.01433110237121582,0.0581059455871582,0.0025167465209960938,0.0015158653259277344,0.0,,22,8,22,192480,0.0,0
delmin,Onlineretail,InvoiceNo,0.07810091972351074,0.013506174087524414,0.06109023094177246,0.002038717269897461,0.0014657974243164062,0.0,,22,8,22,192480,0.0,0
delmin,Onlineretail,InvoiceNo,0.07606244087219238,0.013278961181640625,0.05901598930358887,0.0023641586303710938,0.0014033317565917969,0.0,,22,8,22,192480,0.0,0
delmin,Onlineretail,InvoiceNo,0.07938361167907715,0.015555858612060547,0.06006193161010742,0.002323150634765625,0.0014426708221435547,0.0,,22,8,22,192480,0.0,0
delmin,Onlineretail,InvoiceNo,0.077178955078125,0.013787984848022461,0.05872201919555664,0.0029518604278564453,0.0017170906066894531,0.0,,22,8,22,192480,0.0,0
delmin,Onlineretail,InvoiceNo,0.07906627655029297,0.015302896499633789,0.05996084213256836,0.002224445343017578,0.0015780925750732422,0.0,,22,8,22,192480,0.0,0
delmin,Onlineretail,InvoiceNo,0.07823681831359863,0.014614105224609375,0.05946993827819824,0.0025191307067871094,0.0016336441040039062,0.0,,22,8,22,192480,0.0,0
delmin,Onlineretail,InvoiceNo,0.07709693908691406,0.013646841049194336,0.0601198673248291,0.001953125,0.001377105712890625,0.0,,22,8,22,192480,0.0,0
delmin,Onlineretail,InvoiceNo,0.07634425163269043,0.013294219970703125,0.05931997299194336,0.0023310184478759766,0.0013990402221679688,0.0,,22,8,22,192480,0.0,0
delmin,Onlineretail,InvoiceNo,0.08012580871582031,0.014093160629272461,0.061686038970947266,0.0025436878204345703,0.0018029212951660156,0.0,,22,8,22,192480,0.0,0
delmin,adult,education,0.024557828903198242,0.012704133987426758,0.007685184478759766,0.002468585968017578,0.0016999244689941406,0.0,,3,9,3,26632,0.0,0
delmin,adult,education,0.023425817489624023,0.011642217636108398,0.007930994033813477,0.002258777618408203,0.0015938282012939453,0.0,,3,9,3,26632,0.0,0
delmin,adult,education,0.023183345794677734,0.011884212493896484,0.0073337554931640625,0.0024411678314208984,0.001524209976196289,0.0,,3,9,3,26632,0.0,0
delmin,adult,education,0.022841691970825195,0.011368751525878906,0.007522106170654297,0.0025899410247802734,0.0013608932495117188,0.0,,3,9,3,26632,0.0,0
delmin,adult,education,0.02374100685119629,0.012025117874145508,0.007850885391235352,0.0023288726806640625,0.0015361309051513672,0.0,,3,9,3,26632,0.0,0
delmin,adult,education,0.023645877838134766,0.011781930923461914,0.00817418098449707,0.002313852310180664,0.0013759136199951172,0.0,,3,9,3,26632,0.0,0
delmin,adult,education,0.023142337799072266,0.011411190032958984,0.00792694091796875,0.002315998077392578,0.0014882087707519531,0.0,,3,9,3,26632,0.0,0
delmin,adult,education,0.023273706436157227,0.011773824691772461,0.007843255996704102,0.0022525787353515625,0.0014040470123291016,0.0,,3,9,3,26632,0.0,0
delmin,adult,education,0.02260136604309082,0.010683059692382812,0.007852792739868164,0.0025742053985595703,0.0014913082122802734,0.0,,3,9,3,26632,0.0,0
delmin,adult,education,0.024398326873779297,0.012337923049926758,0.008154153823852539,0.0023109912872314453,0.0015952587127685547,0.0,,3,9,3,26632,0.0,0
delmin,adult,education,0.02224278450012207,0.010302066802978516,0.008111238479614258,0.0022776126861572266,0.0015518665313720703,0.0,,3,9,3,26632,0.0,0
delmin,adult,education,0.022431373596191406,0.010489225387573242,0.008192062377929688,0.0021898746490478516,0.001560211181640625,0.0,,3,9,3,26632,0.0,0
delmin,adult,education,0.021270751953125,0.010776042938232422,0.006975889205932617,0.0021660327911376953,0.0013527870178222656,0.0,,3,9,3,26632,0.0,0
delmin,adult,education,0.021840810775756836,0.011057853698730469,0.00711512565612793,0.0022268295288085938,0.0014410018920898438,0.0,,3,9,3,26632,0.0,0
delmin,adult,education,0.02184605598449707,0.011345863342285156,0.0070002079010009766,0.002202749252319336,0.0012972354888916016,0.0,,3,9,3,26632,0.0,0
delmin,adult,education,0.023489952087402344,0.012078046798706055,0.007569074630737305,0.0025298595428466797,0.0013129711151123047,0.0,,3,9,3,26632,0.0,0
delmin,adult,education,0.02386188507080078,0.011759042739868164,0.008022785186767578,0.002643108367919922,0.0014369487762451172,0.0,,3,9,3,26632,0.0,0
delmin,adult,education,0.02493000030517578,0.012373924255371094,0.008388996124267578,0.002524137496948242,0.0016429424285888672,0.0,,3,9,3,26632,0.0,0
delmin,adult,education,0.020828723907470703,0.009964942932128906,0.007123231887817383,0.002239704132080078,0.001500844955444336,0.0,,3,9,3,26632,0.0,0
delmin,adult,education,0.025190353393554688,0.012739896774291992,0.007669210433959961,0.0022039413452148438,0.0025773048400878906,0.0,,3,9,3,26632,0.0,0
delmin,adult,education,0.02587580680847168,0.011423826217651367,0.00789499282836914,0.00504302978515625,0.0015139579772949219,0.0,,3,9,3,26632,0.0,0
delmin,adult,education,0.021973133087158203,0.010792016983032227,0.007513999938964844,0.002233266830444336,0.0014338493347167969,0.0,,3,9,3,26632,0.0,0
delmin,adult,education,0.02189016342163086,0.009803056716918945,0.007797956466674805,0.002838134765625,0.0014510154724121094,0.0,,3,9,3,26632,0.0,0
delmin,adult,education,0.020623207092285156,0.009899139404296875,0.007375001907348633,0.002003908157348633,0.0013451576232910156,0.0,,3,9,3,26632,0.0,0
delmin,adult,education,0.02111506462097168,0.010665178298950195,0.006872892379760742,0.002109050750732422,0.0014679431915283203,0.0,,3,9,3,26632,0.0,0
delmin,adult,education,0.02104496955871582,0.010890007019042969,0.006762981414794922,0.0020589828491210938,0.001332998275756836,0.0,,3,9,3,26632,0.0,0
delmin,adult,education,0.022024869918823242,0.01061391830444336,0.007271289825439453,0.0022516250610351562,0.0018880367279052734,0.0,,3,9,3,26632,0.0,0
delmin,adult,education,0.023203134536743164,0.011143922805786133,0.008022069931030273,0.0024361610412597656,0.0016009807586669922,0.0,,3,9,3,26632,0.0,0
delmin,adult,education,0.023434877395629883,0.011615991592407227,0.008117914199829102,0.002346038818359375,0.0013549327850341797,0.0,,3,9,3,26632,0.0,0
delmin,adult,education,0.023170948028564453,0.011832952499389648,0.00764012336730957,0.0021529197692871094,0.001544952392578125,0.0,,3,9,3,26632,0.0,0
delmin,adult,education,0.02230525016784668,0.010512113571166992,0.008009910583496094,0.0023300647735595703,0.0014531612396240234,0.0,,3,9,3,26632,0.0,0
delmin,adult,education,0.022338151931762695,0.01047968864440918,0.008205652236938477,0.002242565155029297,0.0014102458953857422,0.0,,3,9,3,26632,0.0,0
delmin,adult,education,0.02220010757446289,0.010716915130615234,0.0075681209564208984,0.002363920211791992,0.0015511512756347656,0.0,,3,9,3,26632,0.0,0
delmin,adult,education,0.023488759994506836,0.01178288459777832,0.0077097415924072266,0.0024390220642089844,0.0015571117401123047,0.0,,3,9,3,26632,0.0,0
delmin,adult,education,0.023267745971679688,0.01128077507019043,0.007285118103027344,0.002485990524291992,0.002215862274169922,0.0,,3,9,3,26632,0.0,0
delmin,adult,education,0.021862268447875977,0.011462926864624023,0.006789207458496094,0.002177000045776367,0.0014331340789794922,0.0,,3,9,3,26632,0.0,0
delmin,adult,education,0.023273229598999023,0.011630058288574219,0.007267951965332031,0.0030901432037353516,0.0012850761413574219,0.0,,3,9,3,26632,0.0,0
delmin,adult,education,0.02237534523010254,0.011538028717041016,0.007481098175048828,0.0021331310272216797,0.0012230873107910156,0.0,,3,9,3,26632,0.0,0
delmin,adult,education,0.02210521697998047,0.010797977447509766,0.007833003997802734,0.002128124237060547,0.0013461112976074219,0.0,,3,9,3,26632,0.0,0
delmin,adult,education,0.021826982498168945,0.01063990592956543,0.007412910461425781,0.0023932456970214844,0.00138092041015625,0.0,,3,9,3,26632,0.0,0
delmin,adult,education,0.02304697036743164,0.011178016662597656,0.00791788101196289,0.0023870468139648438,0.00156402587890625,0.0,,3,9,3,26632,0.0,0
delmin,adult,education,0.022040128707885742,0.010820865631103516,0.007670879364013672,0.0021982192993164062,0.0013501644134521484,0.0,,3,9,3,26632,0.0,0
delmin,adult,education,0.02070784568786621,0.010235071182250977,0.0071086883544921875,0.001977205276489258,0.001386880874633789,0.0,,3,9,3,26632,0.0,0
delmin,adult,education,0.022955894470214844,0.011823892593383789,0.007436037063598633,0.0022449493408203125,0.0014510154724121094,0.0,,3,9,3,26632,0.0,0
delmin,adult,education,0.02110123634338379,0.010935783386230469,0.006754875183105469,0.0020923614501953125,0.001318216323852539,0.0,,3,9,3,26632,0.0,0
delmin,adult,education,0.022876739501953125,0.011171817779541016,0.007512092590332031,0.0028450489044189453,0.0013477802276611328,0.0,,3,9,3,26632,0.0,0
delmin,adult,education,0.02367234230041504,0.011377334594726562,0.008029937744140625,0.002607107162475586,0.0016579627990722656,0.0,,3,9,3,26632,0.0,0
delmin,adult,education,0.023977279663085938,0.011614322662353516,0.007889986038208008,0.003097057342529297,0.0013759136199951172,0.0,,3,9,3,26632,0.0,0
delmin,adult,education,0.023754119873046875,0.011310100555419922,0.008146286010742188,0.0027136802673339844,0.0015840530395507812,0.0,,3,9,3,26632,0.0,0
delmin,adult,education,0.02253413200378418,0.011042118072509766,0.007751941680908203,0.0021750926971435547,0.0015649795532226562,0.0,,3,9,3,26632,0.0,0
delmin,tax,marital_status,0.039965152740478516,0.013132095336914062,0.02239680290222168,0.0028562545776367188,0.0015799999237060547,0.0,,26,15,26,100536,0.0,0
delmin,tax,marital_status,0.04014277458190918,0.013094902038574219,0.022173166275024414,0.003438711166381836,0.001435995101928711,0.0,,26,15,26,100536,0.0,0
delmin,tax,marital_status,0.03956484794616699,0.011777162551879883,0.022876977920532227,0.0029387474060058594,0.0019719600677490234,0.0,,26,15,26,100536,0.0,0
delmin,tax,marital_status,0.038904666900634766,0.010906219482421875,0.023813962936401367,0.0026967525482177734,0.00148773193359375,0.0,,26,15,26,100536,0.0,0
delmin,tax,marital_status,0.04092812538146973,0.012018918991088867,0.02461695671081543,0.0028421878814697266,0.0014500617980957031,0.0,,26,15,26,100536,0.0,0
delmin,tax,marital_status,0.03954124450683594,0.011738300323486328,0.0230100154876709,0.003248929977416992,0.0015439987182617188,0.0,,26,15,26,100536,0.0,0
delmin,tax,marital_status,0.039283037185668945,0.012212038040161133,0.02238297462463379,0.0030889511108398438,0.0015990734100341797,0.0,,26,15,26,100536,0.0,0
delmin,tax,marital_status,0.0406341552734375,0.01194906234741211,0.023180723190307617,0.0038623809814453125,0.001641988754272461,0.0,,26,15,26,100536,0.0,0
delmin,tax,marital_status,0.04105186462402344,0.011835098266601562,0.024160146713256836,0.003480672836303711,0.0015759468078613281,0.0,,26,15,26,100536,0.0,0
delmin,tax,marital_status,0.0391087532043457,0.011182785034179688,0.023632287979125977,0.0029478073120117188,0.0013458728790283203,0.0,,26,15,26,100536,0.0,0
delmin,tax,marital_status,0.03982853889465332,0.011604785919189453,0.023213863372802734,0.0036711692810058594,0.0013387203216552734,0.0,,26,15,26,100536,0.0,0
delmin,tax,marital_status,0.040541887283325195,0.01262807846069336,0.02305006980895996,0.0032377243041992188,0.0016260147094726562,0.0,,26,15,26,100536,0.0,0
delmin,tax,marital_status,0.03936505317687988,0.012320995330810547,0.022604942321777344,0.002911090850830078,0.001528024673461914,0.0,,26,15,26,100536,0.0,0
delmin,tax,marital_status,0.03964805603027344,0.011759042739868164,0.02232503890991211,0.004359006881713867,0.0012049674987792969,0.0,,26,15,26,100536,0.0,0
delmin,tax,marital_status,0.039467573165893555,0.011153936386108398,0.023585081100463867,0.0033998489379882812,0.0013287067413330078,0.0,,26,15,26,100536,0.0,0
delmin,tax,marital_status,0.03947615623474121,0.01145315170288086,0.023422956466674805,0.003220796585083008,0.001379251480102539,0.0,,26,15,26,100536,0.0,0
delmin,tax,marital_status,0.042337894439697266,0.013432025909423828,0.023801803588867188,0.0034830570220947266,0.0016210079193115234,0.0,,26,15,26,100536,0.0,0
delmin,tax,marital_status,0.04140114784240723,0.01270914077758789,0.02397298812866211,0.003098011016845703,0.0016210079193115234,0.0,,26,15,26,100536,0.0,0
delmin,tax,marital_status,0.041391849517822266,0.012994050979614258,0.02338099479675293,0.0034198760986328125,0.0015969276428222656,0.0,,26,15,26,100536,0.0,0
delmin,tax,marital_status,0.04320263862609863,0.014426946640014648,0.02398991584777832,0.003175973892211914,0.00160980224609375,0.0,,26,15,26,100536,0.0,0
delmin,tax,marital_status,0.042144060134887695,0.012151956558227539,0.024044036865234375,0.0036830902099609375,0.0022649765014648438,0.0,,26,15,26,100536,0.0,0
delmin,tax,marital_status,0.04075169563293457,0.011401891708374023,0.024425029754638672,0.0034008026123046875,0.0015239715576171875,0.0,,26,15,26,100536,0.0,0
delmin,tax,marital_status,0.04135704040527344,0.01168513298034668,0.02493906021118164,0.0033347606658935547,0.0013980865478515625,0.0,,26,15,26,100536,0.0,0
delmin,tax,marital_status,0.04250168800354004,0.012477874755859375,0.025176048278808594,0.0032777786254882812,0.001569986343383789,0.0,,26,15,26,100536,0.0,0
delmin,tax,marital_status,0.044672250747680664,0.014789104461669922,0.025127887725830078,0.0033540725708007812,0.0014011859893798828,0.0,,26,15,26,100536,0.0,0
delmin,tax,marital_status,0.04152488708496094,0.012870073318481445,0.023913860321044922,0.00298309326171875,0.0017578601837158203,0.0,,26,15,26,100536,0.0,0
delmin,tax,marital_status,0.03952908515930176,0.012334823608398438,0.022852659225463867,0.0026824474334716797,0.0016591548919677734,0.0,,26,15,26,100536,0.0,0
delmin,tax,marital_status,0.048638343811035156,0.0174562931060791,0.02477717399597168,0.004631757736206055,0.0017731189727783203,0.0,,26,15,26,100536,0.0,0
delmin,tax,marital_status,0.040307044982910156,0.012573957443237305,0.022600173950195312,0.0036728382110595703,0.0014600753784179688,0.0,,26,15,26,100536,0.0,0
delmin,tax,marital_status,0.04095578193664551,0.012959003448486328,0.022840261459350586,0.0037147998809814453,0.0014417171478271484,0.0,,26,15,26,100536,0.0,0
delmin,tax,marital_status,0.038308143615722656,0.011683940887451172,0.02283000946044922,0.0025191307067871094,0.0012750625610351562,0.0,,26,15,26,100536,0.0,0
delmin,tax,marital_status,0.039218902587890625,0.01123189926147461,0.0239870548248291,0.002557992935180664,0.00144195556640625,0.0,,26,15,26,100536,0.0,0
delmin,tax,marital_status,0.04194474220275879,0.014145851135253906,0.023714065551757812,0.0027070045471191406,0.0013778209686279297,0.0,,26,15,26,100536,0.0,0
delmin,tax,marital_status,0.040769100189208984,0.012378215789794922,0.022967100143432617,0.003954887390136719,0.0014688968658447266,0.0,,26,15,26,100536,0.0,0
delmin,tax,marital_status,0.0395350456237793,0.012305259704589844,0.022572040557861328,0.0030536651611328125,0.0016040802001953125,0.0,,26,15,26,100536,0.0,0
delmin,tax,marital_status,0.04043722152709961,0.01188516616821289,0.02311086654663086,0.003846883773803711,0.0015943050384521484,0.0,,26,15,26,100536,0.0,0
delmin,tax,marital_status,0.04209589958190918,0.012816905975341797,0.02392292022705078,0.003019094467163086,0.0023369789123535156,0.0,,26,15,26,100536,0.0,0
delmin,tax,marital_status,0.04054975509643555,0.01190495491027832,0.024317264556884766,0.002838611602783203,0.0014889240264892578,0.0,,26,15,26,100536,0.0,0
delmin,tax,marital_status,0.04046297073364258,0.011628150939941406,0.024235010147094727,0.0032808780670166016,0.0013189315795898438,0.0,,26,15,26,100536,0.0,0
delmin,tax,marital_status,0.04034566879272461,0.010967016220092773,0.02442002296447754,0.0032279491424560547,0.0017306804656982422,0.0,,26,15,26,100536,0.0,0
delmin,tax,marital_status,0.04074692726135254,0.012269020080566406,0.0231020450592041,0.0038199424743652344,0.0015559196472167969,0.0,,26,15,26,100536,0.0,0
delmin,tax,marital_status,0.0409550666809082,0.01195216178894043,0.02369403839111328,0.0036497116088867188,0.0016591548919677734,0.0,,26,15,26,100536,0.0,0
delmin,tax,marital_status,0.03952217102050781,0.011673212051391602,0.022436141967773438,0.0039517879486083984,0.001461029052734375,0.0,,26,15,26,100536,0.0,0
delmin,tax,marital_status,0.04089093208312988,0.011800050735473633,0.0244140625,0.0031287670135498047,0.0015480518341064453,0.0,,26,15,26,100536,0.0,0
delmin,tax,marital_status,0.0413661003112793,0.011821269989013672,0.024557828903198242,0.0035860538482666016,0.0014009475708007812,0.0,,26,15,26,100536,0.0,0
delmin,tax,marital_status,0.03995490074157715,0.011689901351928711,0.023991107940673828,0.0028769969940185547,0.0013968944549560547,0.0,,26,15,26,100536,0.0,0
delmin,tax,marital_status,0.03980851173400879,0.01200103759765625,0.02325606346130371,0.002955198287963867,0.001596212387084961,0.0,,26,15,26,100536,0.0,0
delmin,tax,marital_status,0.04061722755432129,0.012547969818115234,0.023369789123535156,0.0030732154846191406,0.0016262531280517578,0.0,,26,15,26,100536,0.0,0
delmin,tax,marital_status,0.04135584831237793,0.012790918350219727,0.02388286590576172,0.003069162368774414,0.0016129016876220703,0.0,,26,15,26,100536,0.0,0
delmin,tax,marital_status,0.040546417236328125,0.012089014053344727,0.023691892623901367,0.0027244091033935547,0.0020411014556884766,0.0,,26,15,26,100536,0.0,0
