dataset,epsilon,leakage,utility,mask_size
airport,10,0.051126318247808444,-0.6666666666666666,4
airport,10,0.22337399647872114,-0.5,3
airport,10,0.051126318247808444,-0.5,3
airport,10,0.22337399647872114,-0.16666666666666666,1
airport,10,0.03592524660768637,-0.5,3
airport,10,0.22337399647872114,-0.16666666666666666,1
airport,10,0.03592524660768637,-0.16666666666666666,1
airport,10,0.03592524660768637,-0.3333333333333333,2
airport,10,0.03592524660768637,-0.3333333333333333,2
airport,10,0.03592524660768637,-0.5,3
airport,10,0.008222647309668152,-0.6666666666666666,4
airport,10,0.03592524660768637,-0.3333333333333333,2
airport,10,0.015768127809462573,-0.8333333333333334,5
airport,10,0.03592524660768637,-0.5,3
airport,10,0.03592524660768637,-0.3333333333333333,2
airport,10,0.22337399647872114,-0.16666666666666666,1
airport,10,0.009414806213275395,-0.6666666666666666,4
airport,10,0.011469181810646378,-0.6666666666666666,4
airport,10,0.009414806213275395,-0.6666666666666666,4
airport,10,0.003306804705818678,-0.8333333333333334,5
airport,10,0.03592524660768637,-0.5,3
airport,10,0.03592524660768637,-0.3333333333333333,2
airport,10,0.013132038880604324,-0.6666666666666666,4
airport,10,0.03592524660768637,-0.16666666666666666,1
airport,10,0.013132038880604324,-0.5,3
airport,10,0.05853885744745513,-0.5,3
airport,10,0.22337399647872114,-0.6666666666666666,4
airport,10,0.03592524660768637,-0.3333333333333333,2
airport,10,0.03592524660768637,-0.5,3
airport,10,0.03592524660768637,-0.5,3
airport,10,0.22337399647872114,-0.3333333333333333,2
airport,10,0.015768127809462573,-0.8333333333333334,5
airport,10,0.03592524660768637,-0.6666666666666666,4
airport,10,0.05010955345870127,-0.5,3
airport,10,0.03592524660768637,-0.3333333333333333,2
airport,10,0.009414806213275395,-0.6666666666666666,4
airport,10,0.051126318247808444,-0.6666666666666666,4
airport,10,0.22337399647872114,-0.3333333333333333,2
airport,10,0.22337399647872114,-0.5,3
airport,10,0.22337399647872114,-0.3333333333333333,2
airport,10,0.03592524660768637,-0.6666666666666666,4
airport,10,0.22337399647872114,-0.6666666666666666,4
airport,10,0.011469181810646378,-0.6666666666666666,4
airport,10,0.013132038880604324,-0.6666666666666666,4
airport,10,0.003306804705818678,-0.8333333333333334,5
airport,10,0.03592524660768637,-0.3333333333333333,2
airport,10,0.003306804705818678,-0.6666666666666666,4
airport,10,0.009414806213275395,-0.3333333333333333,2
airport,10,0.03592524660768637,-0.5,3
airport,10,0.0,-0.6666666666666666,4
airport,10,0.22337399647872114,-0.3333333333333333,2
airport,10,0.0,-0.8333333333333334,5
airport,10,0.03592524660768637,-0.6666666666666666,4
airport,10,0.008222647309668152,-0.5,3
airport,10,0.22337399647872114,-0.3333333333333333,2
airport,10,0.03592524660768637,-0.5,3
airport,10,0.03592524660768637,-0.3333333333333333,2
airport,10,0.009414806213275395,-0.5,3
airport,10,0.013132038880604324,-0.5,3
airport,10,0.015768127809462573,-0.8333333333333334,5
airport,10,0.051126318247808444,-0.6666666666666666,4
airport,10,0.22337399647872114,-0.3333333333333333,2
airport,10,0.009414806213275395,-0.6666666666666666,4
airport,10,0.009414806213275395,-0.6666666666666666,4
airport,10,0.22337399647872114,-0.6666666666666666,4
airport,10,0.05010955345870127,-0.3333333333333333,2
airport,10,0.03592524660768637,-0.3333333333333333,2
airport,10,0.015768127809462573,-0.8333333333333334,5
airport,10,0.051126318247808444,-0.6666666666666666,4
airport,10,0.0,-0.6666666666666666,4
airport,10,0.03592524660768637,-0.3333333333333333,2
airport,10,0.015768127809462573,-0.8333333333333334,5
airport,10,0.22337399647872114,-0.16666666666666666,1
airport,10,0.0,-0.8333333333333334,5
airport,10,0.22337399647872114,-0.0,0
airport,10,0.22337399647872114,-0.5,3
airport,10,0.03592524660768637,-0.3333333333333333,2
airport,10,0.03592524660768637,-0.3333333333333333,2
airport,10,0.03592524660768637,-0.6666666666666666,4
airport,10,0.03592524660768637,-0.3333333333333333,2
airport,10,0.05010955345870127,-0.6666666666666666,4
airport,10,0.015768127809462573,-0.6666666666666666,4
airport,10,0.03592524660768637,-0.3333333333333333,2
airport,10,0.015768127809462573,-0.8333333333333334,5
airport,10,0.009414806213275395,-0.6666666666666666,4
airport,10,0.03592524660768637,-0.6666666666666666,4
airport,10,0.0,-0.6666666666666666,4
airport,10,0.03592524660768637,-0.3333333333333333,2
airport,10,0.013132038880604324,-0.5,3
airport,10,0.03592524660768637,-0.5,3
airport,10,0.03592524660768637,-0.3333333333333333,2
airport,10,0.03592524660768637,-0.16666666666666666,1
airport,10,0.22337399647872114,-0.16666666666666666,1
airport,10,0.013132038880604324,-0.5,3
airport,10,0.009414806213275395,-0.3333333333333333,2
airport,10,0.0,-1.0,6
airport,10,0.03592524660768637,-0.3333333333333333,2
airport,10,0.05853885744745513,-0.5,3
airport,10,0.008222647309668152,-0.5,3
airport,10,0.05010955345870127,-0.5,3
hospital,10,0.385599188513301,-100.9,9
hospital,10,0.5069645614182471,-100.6,6
hospital,10,0.46992211475481305,-100.5,5
hospital,10,0.46992211475481305,-100.3,3
hospital,10,0.3592419527878562,-100.3,3
hospital,10,0.5069358955522029,-100.6,6
hospital,10,0.24175913958548945,-0.4,4
hospital,10,0.6005002201919581,-100.3,3
hospital,10,0.5468475106079831,-100.6,6
hospital,10,0.6005002201919581,-100.3,3
hospital,10,0.26303652729247295,-0.6,6
hospital,10,0.41469597047666695,-100.5,5
hospital,10,0.24175913958548945,-0.6,6
hospital,10,0.5468475106079831,-100.5,5
hospital,10,0.16715725920573166,-0.7,7
hospital,10,0.6090400455538584,-100.6,6
hospital,10,0.42853421735144903,-100.7,7
hospital,10,0.4824620342632009,-100.5,5
hospital,10,0.5468475106079831,-100.3,3
hospital,10,0.42853421735144903,-100.6,6
hospital,10,0.5626500316767806,-100.5,5
hospital,10,0.6623992294064142,-100.2,2
hospital,10,0.42853421735144903,-100.7,7
hospital,10,0.2629936790618288,-0.6,6
hospital,10,0.385599188513301,-100.7,7
hospital,10,0.26303652729247295,-0.5,5
hospital,10,0.5468475106079831,-100.5,5
hospital,10,0.46992211475481305,-100.6,6
hospital,10,0.5468475106079831,-100.6,6
hospital,10,0.41469597047666695,-100.7,7
hospital,10,0.5626500316767806,-100.5,5
hospital,10,0.3592419527878562,-100.3,3
hospital,10,0.6090400455538584,-100.4,4
hospital,10,0.5468475106079831,-100.5,5
hospital,10,0.5626500316767806,-100.1,1
hospital,10,0.24175913958548945,-0.4,4
hospital,10,0.5626500316767806,-100.4,4
hospital,10,0.4824620342632009,-100.5,5
hospital,10,0.385599188513301,-100.6,6
hospital,10,0.6623992294064142,-100.4,4
hospital,10,0.46992211475481305,-100.5,5
hospital,10,0.1616508089511316,-0.7,7
hospital,10,0.6005002201919581,-100.3,3
hospital,10,0.44440927545847886,-100.5,5
hospital,10,0.21940735109689347,-0.6,6
hospital,10,0.6090400455538584,-100.4,4
hospital,10,0.46992211475481305,-100.6,6
hospital,10,0.24175913958548945,-0.5,5
hospital,10,0.6623992294064142,-100.2,2
hospital,10,0.3592419527878562,-100.6,6
hospital,10,0.6090400455538584,-100.6,6
hospital,10,0.14051562447887778,-0.9,9
hospital,10,0.5069645614182471,-100.5,5
hospital,10,0.24175913958548945,-0.4,4
hospital,10,0.42853421735144903,-100.5,5
hospital,10,0.6623992294064142,-100.4,4
hospital,10,0.26303652729247295,-0.7,7
hospital,10,0.6623992294064142,-100.3,3
hospital,10,0.5053837288882768,-100.6,6
hospital,10,0.24175913958548945,-0.7,7
hospital,10,0.6623992294064142,-100.3,3
hospital,10,0.3592419527878562,-100.5,5
hospital,10,0.5468475106079831,-100.5,5
hospital,10,0.4824620342632009,-100.4,4
hospital,10,0.21945273335876703,-0.5,5
hospital,10,0.6090400455538584,-100.4,4
hospital,10,0.4824620342632009,-100.4,4
hospital,10,0.41469597047666695,-100.4,4
hospital,10,0.3592419527878562,-100.7,7
hospital,10,0.6623992294064142,-100.4,4
hospital,10,0.24315756576632586,-0.8,8
hospital,10,0.4824620342632009,-100.5,5
hospital,10,0.41469597047666695,-100.7,7
hospital,10,0.385599188513301,-100.4,4
hospital,10,0.4824620342632009,-100.6,6
hospital,10,0.5626500316767806,-100.5,5
hospital,10,0.4824620342632009,-100.5,5
hospital,10,0.0,-0.9,9
hospital,10,0.24175913958548945,-0.7,7
hospital,10,0.5468475106079831,-100.4,4
hospital,10,0.6090400455538584,-100.5,5
hospital,10,0.385599188513301,-100.4,4
hospital,10,0.6005002201919581,-100.4,4
hospital,10,0.5053837288882768,-100.5,5
hospital,10,0.5626500316767806,-100.2,2
hospital,10,0.24315756576632586,-0.6,6
hospital,10,0.4824620342632009,-100.6,6
hospital,10,0.5069645614182471,-100.5,5
hospital,10,0.46992211475481305,-100.6,6
hospital,10,0.21945273335876703,-0.5,5
hospital,10,0.41469597047666695,-100.4,4
hospital,10,0.26303652729247295,-0.7,7
hospital,10,0.5053837288882768,-100.4,4
hospital,10,0.21945273335876703,-0.5,5
hospital,10,0.5053837288882768,-100.5,5
hospital,10,0.4824620342632009,-100.4,4
hospital,10,0.24175913958548945,-0.5,5
hospital,10,0.41469597047666695,-100.3,3
hospital,10,0.46992211475481305,-100.4,4
hospital,10,0.46992211475481305,-100.6,6
adult,10,0.3841446984469006,-100.5,6
adult,10,0.443789132193782,-100.5,6
adult,10,0.2632106059361412,-0.4166666666666667,5
adult,10,0.2632106059361412,-0.4166666666666667,5
adult,10,0.2875317665505275,-0.4166666666666667,5
adult,10,0.07522653229073395,-0.5833333333333334,7
adult,10,0.12193063424116057,-0.5,6
adult,10,0.2602038864131443,-0.3333333333333333,4
adult,10,0.06368250103941087,-0.5,6
adult,10,0.0007657060564544294,-0.8333333333333334,10
adult,10,0.3841446984469006,-100.25,3
adult,10,0.07441230210015781,-0.4166666666666667,5
adult,10,0.3306439061431553,-100.5,6
adult,10,0.15662894254159787,-0.5,6
adult,10,0.3571945736683646,-100.58333333333333,7
adult,10,0.07375548568242318,-0.6666666666666666,8
adult,10,0.48390655849303243,-100.16666666666667,2
adult,10,0.12809943965902804,-0.5833333333333334,7
adult,10,0.3199014354008477,-100.5,6
adult,10,0.07350440736125441,-0.5833333333333334,7
adult,10,0.4597782854988285,-100.16666666666667,2
adult,10,0.12672254358640023,-0.5,6
adult,10,0.3873413505738017,-100.33333333333333,4
adult,10,0.022357120470564373,-0.6666666666666666,8
adult,10,0.06536092908965718,-0.5833333333333334,7
adult,10,0.20036608478191653,-0.5,6
adult,10,0.06024612892074155,-0.5833333333333334,7
adult,10,0.093219863408044,-0.5,6
adult,10,0.06316545956830166,-0.5,6
adult,10,0.06309812667204373,-0.5,6
adult,10,0.2726821726489278,-0.3333333333333333,4
adult,10,0.08089777707595014,-0.4166666666666667,5
adult,10,0.40940983353048355,-100.5,6
adult,10,0.0878679316721257,-0.5,6
adult,10,0.2647190336348082,-0.25,3
adult,10,0.07116302203495017,-0.5833333333333334,7
adult,10,0.395391227220634,-100.33333333333333,4
adult,10,0.11690148973355508,-0.5,6
adult,10,0.016720588601748743,-0.75,9
adult,10,0.11023352473050418,-0.6666666666666666,8
adult,10,0.08000430165431949,-0.75,9
adult,10,0.06328614114172193,-0.5833333333333334,7
adult,10,0.054635175434495475,-0.6666666666666666,8
adult,10,0.396029780856501,-100.25,3
adult,10,0.08910145938526526,-0.5,6
adult,10,0.3503480940774988,-100.5,6
adult,10,0.16990908646869518,-0.5,6
adult,10,0.35228600966314305,-100.33333333333333,4
adult,10,0.2726821726489278,-0.16666666666666666,2
adult,10,0.3520786728624248,-100.5,6
adult,10,0.12809943965902804,-0.4166666666666667,5
adult,10,0.027001856212516606,-0.6666666666666666,8
adult,10,0.3975208049113568,-100.5,6
adult,10,0.0885185724517844,-0.4166666666666667,5
adult,10,0.009888450818510197,-0.5833333333333334,7
adult,10,0.3494730241774636,-100.33333333333333,4
adult,10,0.062333412471732186,-0.75,9
adult,10,0.017481653346723247,-0.5,6
adult,10,0.12672254358640023,-0.5833333333333334,7
adult,10,0.13022251179066036,-0.6666666666666666,8
adult,10,0.12672254358640023,-0.6666666666666666,8
adult,10,0.061605725886201945,-0.5833333333333334,7
adult,10,0.3804735400793795,-100.41666666666667,5
adult,10,0.07153766940792461,-0.5833333333333334,7
adult,10,0.20036608478191653,-0.25,3
adult,10,0.26705947660928453,-0.3333333333333333,4
adult,10,0.13346141606678164,-0.4166666666666667,5
adult,10,0.35869848485078126,-100.33333333333333,4
adult,10,0.3403148245701849,-100.5,6
adult,10,0.03505216494285601,-0.6666666666666666,8
adult,10,0.11023352473050418,-0.5,6
adult,10,0.17739376980609034,-0.5833333333333334,7
adult,10,0.4199947253310894,-100.33333333333333,4
adult,10,0.1934052928625536,-0.4166666666666667,5
adult,10,0.13754217745055075,-0.5,6
adult,10,0.005352765148951,-0.75,9
adult,10,0.0030605954381278666,-0.6666666666666666,8
adult,10,0.06499279188062379,-0.5833333333333334,7
adult,10,0.24774524565692913,-0.5833333333333334,7
adult,10,0.3876314032000986,-100.33333333333333,4
adult,10,0.06485300277393968,-0.5833333333333334,7
adult,10,0.2283606354012323,-0.5833333333333334,7
adult,10,0.07375548568242318,-0.5,6
adult,10,0.009888450818510197,-0.5833333333333334,7
adult,10,0.27720318927565857,-0.4166666666666667,5
adult,10,0.08942801745498186,-0.4166666666666667,5
adult,10,0.2602038864131443,-0.3333333333333333,4
adult,10,0.11638866551517613,-0.3333333333333333,4
adult,10,0.22077437718297643,-0.5833333333333334,7
adult,10,0.09530750949671285,-0.5,6
adult,10,0.2619944952694371,-0.4166666666666667,5
adult,10,0.40119750931158027,-100.58333333333333,7
adult,10,0.4406388896832574,-100.25,3
adult,10,0.009814936355965309,-0.6666666666666666,8
adult,10,0.07452758384010849,-0.5,6
adult,10,0.06364367934672599,-0.6666666666666666,8
adult,10,0.12034420633378995,-0.5,6
adult,10,0.06199637574091432,-0.5833333333333334,7
adult,10,0.14318097189868184,-0.5833333333333334,7
adult,10,0.08089777707595014,-0.5,6
flight,10,0.9680567115073361,-100.38461538461539,5
flight,10,0.11960338386169278,-0.5384615384615384,7
flight,10,0.8846850956852224,-100.61538461538461,8
flight,10,0.12744625720955838,-0.6923076923076923,9
flight,10,0.9680567115073361,-100.53846153846153,7
flight,10,0.8846850956852224,-100.61538461538461,8
flight,10,0.8846850956852224,-100.53846153846153,7
flight,10,0.9826408586840785,-100.38461538461539,5
flight,10,0.1689864093151694,-0.6153846153846154,8
flight,10,0.8846850956852224,-100.38461538461539,5
flight,10,0.9680567115073361,-100.38461538461539,5
flight,10,0.1689864093151694,-0.46153846153846156,6
flight,10,0.9680567115073361,-100.84615384615384,11
flight,10,0.9826408586840785,-100.46153846153847,6
flight,10,0.9826408586840785,-100.53846153846153,7
flight,10,0.9826408586840785,-100.38461538461539,5
flight,10,0.8846850956852224,-100.07692307692308,1
flight,10,0.9680567115073361,-100.38461538461539,5
flight,10,0.8846850956852224,-100.61538461538461,8
flight,10,0.1689864093151694,-0.5384615384615384,7
flight,10,0.9826408586840785,-100.3076923076923,4
flight,10,0.1689864093151694,-0.5384615384615384,7
flight,10,0.13818569520024426,-0.6153846153846154,8
flight,10,0.9826408586840785,-100.46153846153847,6
flight,10,0.9826408586840785,-100.61538461538461,8
flight,10,0.9680567115073361,-100.46153846153847,6
flight,10,0.8846850956852224,-100.6923076923077,9
flight,10,0.9826408586840785,-100.23076923076923,3
flight,10,0.24980936013667854,-0.5384615384615384,7
flight,10,0.9398289956970705,-100.46153846153847,6
flight,10,0.9826408586840785,-100.23076923076923,3
flight,10,0.9398289956970705,-100.46153846153847,6
flight,10,0.9826408586840785,-100.46153846153847,6
flight,10,0.1689864093151694,-0.23076923076923078,3
flight,10,0.8846850956852224,-100.61538461538461,8
flight,10,0.9394896498108463,-100.38461538461539,5
flight,10,0.9680567115073361,-100.6923076923077,9
flight,10,0.9826408586840785,-100.38461538461539,5
flight,10,0.13051054943857365,-0.5384615384615384,7
flight,10,0.1689864093151694,-0.6153846153846154,8
flight,10,0.17632192147614734,-0.5384615384615384,7
flight,10,0.1386589090293462,-0.6923076923076923,9
flight,10,0.8846850956852224,-100.38461538461539,5
flight,10,0.9680567115073361,-100.61538461538461,8
flight,10,0.8846850956852224,-100.61538461538461,8
flight,10,0.9826408586840785,-100.38461538461539,5
flight,10,0.2455785165522859,-0.5384615384615384,7
flight,10,0.9398289956970705,-100.46153846153847,6
flight,10,0.18094116044347042,-0.46153846153846156,6
flight,10,0.13818569520024426,-0.6153846153846154,8
flight,10,0.9826408586840785,-100.3076923076923,4
flight,10,0.9398289956970705,-100.38461538461539,5
flight,10,0.9680567115073361,-100.46153846153847,6
flight,10,0.2455785165522859,-0.5384615384615384,7
flight,10,0.9680567115073361,-100.38461538461539,5
flight,10,0.9398289956970705,-100.53846153846153,7
flight,10,0.8846850956852224,-100.46153846153847,6
flight,10,0.8846850956852224,-100.53846153846153,7
flight,10,0.13818569520024426,-0.46153846153846156,6
flight,10,0.9394896498108463,-100.46153846153847,6
flight,10,0.9394896498108463,-100.53846153846153,7
flight,10,0.9826408586840785,-100.38461538461539,5
flight,10,0.9680567115073361,-100.53846153846153,7
flight,10,0.9826408586840785,-100.46153846153847,6
flight,10,0.13818569520024426,-0.6153846153846154,8
flight,10,0.17632192147614734,-0.5384615384615384,7
flight,10,0.8846850956852224,-100.38461538461539,5
flight,10,0.9826408586840785,-100.3076923076923,4
flight,10,0.1689864093151694,-0.38461538461538464,5
flight,10,0.17364678630049102,-0.5384615384615384,7
flight,10,0.8846850956852224,-100.61538461538461,8
flight,10,0.9394896498108463,-100.53846153846153,7
flight,10,0.9826408586840785,-100.23076923076923,3
flight,10,0.8846850956852224,-100.53846153846153,7
flight,10,0.8846850956852224,-100.46153846153847,6
flight,10,0.8846850956852224,-100.6923076923077,9
flight,10,0.8846850956852224,-100.61538461538461,8
flight,10,0.9826408586840785,-100.23076923076923,3
flight,10,0.8846850956852224,-100.23076923076923,3
flight,10,0.9394896498108463,-100.46153846153847,6
flight,10,0.8846850956852224,-100.61538461538461,8
flight,10,0.9826408586840785,-100.46153846153847,6
flight,10,0.1222736628243225,-0.6923076923076923,9
flight,10,0.9394896498108463,-100.23076923076923,3
flight,10,0.24980936013667854,-0.5384615384615384,7
flight,10,0.18094116044347042,-0.5384615384615384,7
flight,10,0.8846850956852224,-100.61538461538461,8
flight,10,0.2455785165522859,-0.6153846153846154,8
flight,10,0.9398289956970705,-100.46153846153847,6
flight,10,0.1386589090293462,-0.7692307692307693,10
flight,10,0.8846850956852224,-100.46153846153847,6
flight,10,0.9826408586840785,-100.46153846153847,6
flight,10,0.9394896498108463,-100.38461538461539,5
flight,10,0.9394896498108463,-100.46153846153847,6
flight,10,0.8846850956852224,-100.61538461538461,8
flight,10,0.9826408586840785,-100.23076923076923,3
flight,10,0.8846850956852224,-100.46153846153847,6
flight,10,0.1689864093151694,-0.6153846153846154,8
flight,10,0.12744625720955838,-0.6153846153846154,8
flight,10,0.1689864093151694,-0.5384615384615384,7
tax,10,0.5548418449270073,-100.33333333333333,1
tax,10,0.2290091161470067,-0.6666666666666666,2
tax,10,0.5548418449270073,-100.66666666666667,2
tax,10,0.5548418449270073,-100.66666666666667,2
tax,10,0.5548418449270073,-100.33333333333333,1
tax,10,0.2290091161470067,-0.6666666666666666,2
tax,10,0.2290091161470067,-0.6666666666666666,2
tax,10,0.0,-1.0,3
tax,10,0.2290091161470067,-0.6666666666666666,2
tax,10,0.0,-1.0,3
tax,10,0.0,-1.0,3
tax,10,0.3057912208405609,-100.66666666666667,2
tax,10,0.2290091161470067,-0.6666666666666666,2
tax,10,0.5548418449270073,-100.33333333333333,1
tax,10,0.5548418449270073,-100.0,0
tax,10,0.2290091161470067,-0.6666666666666666,2
tax,10,0.2290091161470067,-0.6666666666666666,2
tax,10,0.2290091161470067,-0.6666666666666666,2
tax,10,0.2290091161470067,-0.6666666666666666,2
tax,10,0.0,-1.0,3
tax,10,0.2290091161470067,-0.6666666666666666,2
tax,10,0.2290091161470067,-0.6666666666666666,2
tax,10,0.2290091161470067,-0.6666666666666666,2
tax,10,0.0,-1.0,3
tax,10,0.0,-1.0,3
tax,10,0.2290091161470067,-0.6666666666666666,2
tax,10,0.2290091161470067,-0.6666666666666666,2
tax,10,0.3057912208405609,-100.66666666666667,2
tax,10,0.2290091161470067,-0.6666666666666666,2
tax,10,0.0,-1.0,3
tax,10,0.2290091161470067,-0.6666666666666666,2
tax,10,0.2290091161470067,-0.6666666666666666,2
tax,10,0.0,-1.0,3
tax,10,0.0,-1.0,3
tax,10,0.3057912208405609,-100.66666666666667,2
tax,10,0.2290091161470067,-0.6666666666666666,2
tax,10,0.2290091161470067,-0.6666666666666666,2
tax,10,0.2290091161470067,-0.6666666666666666,2
tax,10,0.0,-1.0,3
tax,10,0.0,-1.0,3
tax,10,0.5548418449270073,-100.33333333333333,1
tax,10,0.2290091161470067,-0.6666666666666666,2
tax,10,0.0,-1.0,3
tax,10,0.0,-1.0,3
tax,10,0.2290091161470067,-0.6666666666666666,2
tax,10,0.3057912208405609,-100.33333333333333,1
tax,10,0.3057912208405609,-100.66666666666667,2
tax,10,0.2290091161470067,-0.6666666666666666,2
tax,10,0.0,-1.0,3
tax,10,0.0,-1.0,3
tax,10,0.5548418449270073,-100.33333333333333,1
tax,10,0.5548418449270073,-100.33333333333333,1
tax,10,0.3057912208405609,-100.66666666666667,2
tax,10,0.2290091161470067,-0.6666666666666666,2
tax,10,0.2290091161470067,-0.6666666666666666,2
tax,10,0.2290091161470067,-0.6666666666666666,2
tax,10,0.5548418449270073,-100.33333333333333,1
tax,10,0.0,-1.0,3
tax,10,0.2290091161470067,-0.6666666666666666,2
tax,10,0.2290091161470067,-0.6666666666666666,2
tax,10,0.0,-1.0,3
tax,10,0.3057912208405609,-100.33333333333333,1
tax,10,0.0,-1.0,3
tax,10,0.3057912208405609,-100.33333333333333,1
tax,10,0.3057912208405609,-100.66666666666667,2
tax,10,0.0,-1.0,3
tax,10,0.2290091161470067,-0.6666666666666666,2
tax,10,0.0,-1.0,3
tax,10,0.2290091161470067,-0.6666666666666666,2
tax,10,0.0,-1.0,3
tax,10,0.0,-1.0,3
tax,10,0.2290091161470067,-0.6666666666666666,2
tax,10,0.5548418449270073,-100.33333333333333,1
tax,10,0.2290091161470067,-0.6666666666666666,2
tax,10,0.5548418449270073,-100.33333333333333,1
tax,10,0.2290091161470067,-0.6666666666666666,2
tax,10,0.0,-1.0,3
tax,10,0.3057912208405609,-100.66666666666667,2
tax,10,0.0,-1.0,3
tax,10,0.0,-1.0,3
tax,10,0.2290091161470067,-0.6666666666666666,2
tax,10,0.2290091161470067,-0.6666666666666666,2
tax,10,0.2290091161470067,-0.6666666666666666,2
tax,10,0.0,-1.0,3
tax,10,0.2290091161470067,-0.6666666666666666,2
tax,10,0.0,-1.0,3
tax,10,0.2290091161470067,-0.6666666666666666,2
tax,10,0.2290091161470067,-0.6666666666666666,2
tax,10,0.0,-1.0,3
tax,10,0.2290091161470067,-0.6666666666666666,2
tax,10,0.5548418449270073,-100.33333333333333,1
tax,10,0.2290091161470067,-0.6666666666666666,2
tax,10,0.3057912208405609,-100.66666666666667,2
tax,10,0.0,-1.0,3
tax,10,0.0,-1.0,3
tax,10,0.5548418449270073,-100.33333333333333,1
tax,10,0.2290091161470067,-0.6666666666666666,2
tax,10,0.5548418449270073,-100.33333333333333,1
tax,10,0.3057912208405609,-100.66666666666667,2
tax,10,0.3057912208405609,-100.33333333333333,1
