dataset,epsilon,leakage,utility,mask_size
airport,1000,0.22337399647872114,-0.16666666666666666,1
airport,1000,0.003609042830710618,-0.8333333333333334,5
airport,1000,0.05010955345870127,-0.5,3
airport,1000,0.05853885744745513,-0.5,3
airport,1000,0.03592524660768637,-0.3333333333333333,2
airport,1000,0.05010955345870127,-0.5,3
airport,1000,0.009414806213275395,-0.5,3
airport,1000,0.05853885744745513,-0.5,3
airport,1000,0.06016840572859605,-0.6666666666666666,4
airport,1000,0.03592524660768637,-0.5,3
airport,1000,0.22337399647872114,-0.3333333333333333,2
airport,1000,0.06016840572859605,-0.6666666666666666,4
airport,1000,0.03592524660768637,-0.3333333333333333,2
airport,1000,0.22337399647872114,-0.5,3
airport,1000,0.0,-0.8333333333333334,5
airport,1000,0.22337399647872114,-0.6666666666666666,4
airport,1000,0.003609042830710618,-0.8333333333333334,5
airport,1000,0.003306804705818678,-0.6666666666666666,4
airport,1000,0.22337399647872114,-0.3333333333333333,2
airport,1000,0.22337399647872114,-0.3333333333333333,2
airport,1000,0.03592524660768637,-0.6666666666666666,4
airport,1000,0.22337399647872114,-0.5,3
airport,1000,0.03592524660768637,-0.16666666666666666,1
airport,1000,0.009414806213275395,-0.6666666666666666,4
airport,1000,0.008222647309668152,-0.6666666666666666,4
airport,1000,0.051126318247808444,-0.6666666666666666,4
airport,1000,0.22337399647872114,-0.6666666666666666,4
airport,1000,0.03592524660768637,-0.3333333333333333,2
airport,1000,0.003306804705818678,-0.6666666666666666,4
airport,1000,0.0008907266304110095,-0.8333333333333334,5
airport,1000,0.03592524660768637,-0.3333333333333333,2
airport,1000,0.05010955345870127,-0.5,3
airport,1000,0.009414806213275395,-0.5,3
airport,1000,0.22337399647872114,-0.3333333333333333,2
airport,1000,0.009414806213275395,-0.6666666666666666,4
airport,1000,0.22337399647872114,-0.16666666666666666,1
airport,1000,0.06016840572859605,-0.6666666666666666,4
airport,1000,0.22337399647872114,-0.5,3
airport,1000,0.008222647309668152,-0.5,3
airport,1000,0.05853885744745513,-0.6666666666666666,4
airport,1000,0.013132038880604324,-0.6666666666666666,4
airport,1000,0.03592524660768637,-0.6666666666666666,4
airport,1000,0.22337399647872114,-0.16666666666666666,1
airport,1000,0.22337399647872114,-0.0,0
airport,1000,0.03592524660768637,-0.3333333333333333,2
airport,1000,0.03592524660768637,-0.5,3
airport,1000,0.22337399647872114,-0.3333333333333333,2
airport,1000,0.22337399647872114,-0.3333333333333333,2
airport,1000,0.003609042830710618,-0.8333333333333334,5
airport,1000,0.008222647309668152,-0.5,3
airport,1000,0.22337399647872114,-0.6666666666666666,4
airport,1000,0.22337399647872114,-0.16666666666666666,1
airport,1000,0.22337399647872114,-0.3333333333333333,2
airport,1000,0.03592524660768637,-0.3333333333333333,2
airport,1000,0.015768127809462573,-0.8333333333333334,5
airport,1000,0.05010955345870127,-0.5,3
airport,1000,0.22337399647872114,-0.3333333333333333,2
airport,1000,0.03592524660768637,-0.3333333333333333,2
airport,1000,0.05010955345870127,-0.5,3
airport,1000,0.22337399647872114,-0.3333333333333333,2
airport,1000,0.03592524660768637,-0.16666666666666666,1
airport,1000,0.22337399647872114,-0.16666666666666666,1
airport,1000,0.05010955345870127,-0.3333333333333333,2
airport,1000,0.013132038880604324,-0.6666666666666666,4
airport,1000,0.22337399647872114,-0.0,0
airport,1000,0.03592524660768637,-0.3333333333333333,2
airport,1000,0.051126318247808444,-0.5,3
airport,1000,0.03592524660768637,-0.3333333333333333,2
airport,1000,0.0,-1.0,6
airport,1000,0.008222647309668152,-0.5,3
airport,1000,0.03592524660768637,-0.6666666666666666,4
airport,1000,0.009414806213275395,-0.3333333333333333,2
airport,1000,0.05853885744745513,-0.5,3
airport,1000,0.008222647309668152,-0.5,3
airport,1000,0.03592524660768637,-0.3333333333333333,2
airport,1000,0.03592524660768637,-0.3333333333333333,2
airport,1000,0.051126318247808444,-0.6666666666666666,4
airport,1000,0.22337399647872114,-0.3333333333333333,2
airport,1000,0.22337399647872114,-0.3333333333333333,2
airport,1000,0.22337399647872114,-0.6666666666666666,4
airport,1000,0.22337399647872114,-0.5,3
airport,1000,0.03592524660768637,-0.3333333333333333,2
airport,1000,0.03592524660768637,-0.16666666666666666,1
airport,1000,0.008222647309668152,-0.6666666666666666,4
airport,1000,0.03592524660768637,-0.16666666666666666,1
airport,1000,0.03592524660768637,-0.16666666666666666,1
airport,1000,0.22337399647872114,-0.6666666666666666,4
airport,1000,0.03592524660768637,-0.3333333333333333,2
airport,1000,0.03592524660768637,-0.3333333333333333,2
airport,1000,0.22337399647872114,-0.3333333333333333,2
airport,1000,0.03592524660768637,-0.3333333333333333,2
airport,1000,0.22337399647872114,-0.16666666666666666,1
airport,1000,0.22337399647872114,-0.16666666666666666,1
airport,1000,0.0,-0.8333333333333334,5
airport,1000,0.05010955345870127,-0.5,3
airport,1000,0.05010955345870127,-0.3333333333333333,2
airport,1000,0.03592524660768637,-0.3333333333333333,2
airport,1000,0.22337399647872114,-0.16666666666666666,1
airport,1000,0.05010955345870127,-0.6666666666666666,4
airport,1000,0.05010955345870127,-0.5,3
hospital,1000,0.24175913958548945,-0.7,7
hospital,1000,0.1616508089511316,-0.7,7
hospital,1000,0.24315756576632586,-0.7,7
hospital,1000,0.21945273335876703,-0.6,6
hospital,1000,0.21940735109689347,-0.9,9
hospital,1000,0.26303652729247295,-0.5,5
hospital,1000,0.24175913958548945,-0.7,7
hospital,1000,0.24175913958548945,-0.5,5
hospital,1000,0.24175913958548945,-0.6,6
hospital,1000,0.24315756576632586,-0.8,8
hospital,1000,0.21945273335876703,-0.6,6
hospital,1000,0.2629936790618288,-0.4,4
hospital,1000,0.24315756576632586,-0.7,7
hospital,1000,0.2629936790618288,-0.7,7
hospital,1000,0.24175913958548945,-0.6,6
hospital,1000,0.2629936790618288,-0.7,7
hospital,1000,0.21945273335876703,-0.6,6
hospital,1000,0.24175913958548945,-0.7,7
hospital,1000,0.24315756576632586,-0.6,6
hospital,1000,0.24175913958548945,-0.7,7
hospital,1000,0.26303652729247295,-0.7,7
hospital,1000,0.24315756576632586,-0.7,7
hospital,1000,0.24175913958548945,-0.6,6
hospital,1000,0.24175913958548945,-0.7,7
hospital,1000,0.24175913958548945,-0.7,7
hospital,1000,0.24175913958548945,-0.4,4
hospital,1000,0.26303652729247295,-0.6,6
hospital,1000,0.2902622119955647,-0.8,8
hospital,1000,0.26303652729247295,-0.6,6
hospital,1000,0.26303652729247295,-0.6,6
hospital,1000,0.21940735109689347,-0.7,7
hospital,1000,0.24315756576632586,-0.7,7
hospital,1000,0.24315756576632586,-0.6,6
hospital,1000,0.17183457703769034,-0.6,6
hospital,1000,0.24315756576632586,-0.6,6
hospital,1000,0.2629936790618288,-0.8,8
hospital,1000,0.24175913958548945,-0.6,6
hospital,1000,0.2629936790618288,-0.7,7
hospital,1000,0.26303652729247295,-0.6,6
hospital,1000,0.16101836952116722,-0.7,7
hospital,1000,0.24175913958548945,-0.4,4
hospital,1000,0.2902622119955647,-0.8,8
hospital,1000,0.24315756576632586,-0.9,9
hospital,1000,0.26303652729247295,-0.6,6
hospital,1000,0.24175913958548945,-0.6,6
hospital,1000,0.21940735109689347,-0.6,6
hospital,1000,0.16715725920573166,-0.7,7
hospital,1000,0.24315756576632586,-0.7,7
hospital,1000,0.24315756576632586,-0.6,6
hospital,1000,0.2902622119955647,-0.9,9
hospital,1000,0.26303652729247295,-0.5,5
hospital,1000,0.24175913958548945,-0.8,8
hospital,1000,0.24175913958548945,-0.5,5
hospital,1000,0.26303652729247295,-0.3,3
hospital,1000,0.21940735109689347,-0.7,7
hospital,1000,0.24175913958548945,-0.4,4
hospital,1000,0.26303652729247295,-0.5,5
hospital,1000,0.24175913958548945,-0.6,6
hospital,1000,0.0,-0.9,9
hospital,1000,0.21940735109689347,-0.7,7
hospital,1000,0.26303652729247295,-0.7,7
hospital,1000,0.24175913958548945,-0.7,7
hospital,1000,0.24175913958548945,-0.7,7
hospital,1000,0.24175913958548945,-0.6,6
hospital,1000,0.24175913958548945,-0.8,8
hospital,1000,0.24175913958548945,-0.6,6
hospital,1000,0.26303652729247295,-0.6,6
hospital,1000,0.24175913958548945,-0.4,4
hospital,1000,0.26303652729247295,-0.6,6
hospital,1000,0.26303652729247295,-0.5,5
hospital,1000,0.14051562447887778,-0.9,9
hospital,1000,0.24315756576632586,-0.7,7
hospital,1000,0.24175913958548945,-0.6,6
hospital,1000,0.24175913958548945,-0.4,4
hospital,1000,0.21940735109689347,-0.8,8
hospital,1000,0.24175913958548945,-0.6,6
hospital,1000,0.24175913958548945,-0.5,5
hospital,1000,0.21940735109689347,-0.7,7
hospital,1000,0.21940735109689347,-0.7,7
hospital,1000,0.2629936790618288,-0.6,6
hospital,1000,0.26303652729247295,-0.5,5
hospital,1000,0.26303652729247295,-0.5,5
hospital,1000,0.24175913958548945,-0.5,5
hospital,1000,0.21940735109689347,-0.8,8
hospital,1000,0.26303652729247295,-0.6,6
hospital,1000,0.035544277937330504,-0.8,8
hospital,1000,0.24175913958548945,-0.4,4
hospital,1000,0.24315756576632586,-0.8,8
hospital,1000,0.24175913958548945,-0.4,4
hospital,1000,0.24175913958548945,-0.6,6
hospital,1000,0.24315756576632586,-0.8,8
hospital,1000,0.2629936790618288,-0.5,5
hospital,1000,0.21945273335876703,-0.6,6
hospital,1000,0.24175913958548945,-0.6,6
hospital,1000,0.24315756576632586,-0.9,9
hospital,1000,0.24315756576632586,-0.8,8
hospital,1000,0.17183457703769034,-0.6,6
hospital,1000,0.24175913958548945,-0.7,7
hospital,1000,0.24315756576632586,-0.8,8
hospital,1000,0.24175913958548945,-0.7,7
adult,1000,0.009867727230183587,-0.5,6
adult,1000,0.06624554427377594,-0.5833333333333334,7
adult,1000,0.20331554478980718,-0.5833333333333334,7
adult,1000,0.13754217745055075,-0.4166666666666667,5
adult,1000,0.28654868788713483,-0.4166666666666667,5
adult,1000,0.12250505511270016,-0.3333333333333333,4
adult,1000,0.028847808263706032,-0.6666666666666666,8
adult,1000,0.2218345146893813,-0.5,6
adult,1000,0.05386405117744575,-0.5833333333333334,7
adult,1000,0.08831357824388719,-0.5,6
adult,1000,0.07153766940792461,-0.4166666666666667,5
adult,1000,0.12672254358640023,-0.4166666666666667,5
adult,1000,0.23205899770290261,-0.4166666666666667,5
adult,1000,0.1302267998309552,-0.6666666666666666,8
adult,1000,0.25628917570674126,-0.4166666666666667,5
adult,1000,0.13199169267231325,-0.6666666666666666,8
adult,1000,0.06839724627941723,-0.75,9
adult,1000,0.07698315422113966,-0.4166666666666667,5
adult,1000,0.0039401224367705545,-0.75,9
adult,1000,0.22077437718297643,-0.6666666666666666,8
adult,1000,0.06309812667204373,-0.5,6
adult,1000,0.0032504936940986884,-0.8333333333333334,10
adult,1000,0.2619944952694371,-0.4166666666666667,5
adult,1000,0.0885185724517844,-0.5,6
adult,1000,0.2217268972245542,-0.4166666666666667,5
adult,1000,0.0039926715069840135,-0.6666666666666666,8
adult,1000,0.13754217745055075,-0.25,3
adult,1000,0.17085424768265522,-0.3333333333333333,4
adult,1000,0.15519851324930045,-0.4166666666666667,5
adult,1000,0.07698315422113966,-0.5,6
adult,1000,0.11023352473050418,-0.5,6
adult,1000,0.057685338454133706,-0.6666666666666666,8
adult,1000,0.14318097189868184,-0.4166666666666667,5
adult,1000,0.1878313247026666,-0.5833333333333334,7
adult,1000,0.12486866579692091,-0.5,6
adult,1000,0.17085424768265522,-0.5833333333333334,7
adult,1000,0.12672254358640023,-0.4166666666666667,5
adult,1000,0.152289551106487,-0.6666666666666666,8
adult,1000,0.12672254358640023,-0.5,6
adult,1000,0.08089777707595014,-0.4166666666666667,5
adult,1000,0.12809943965902804,-0.3333333333333333,4
adult,1000,0.18886292899071455,-0.5,6
adult,1000,0.05736802438628108,-0.75,9
adult,1000,0.0032504936940986884,-0.8333333333333334,10
adult,1000,0.09641339937435045,-0.4166666666666667,5
adult,1000,0.2283606354012323,-0.5,6
adult,1000,0.09822330773503263,-0.5,6
adult,1000,0.1934052928625536,-0.3333333333333333,4
adult,1000,0.135682350389002,-0.5,6
adult,1000,0.0039926715069840135,-0.6666666666666666,8
adult,1000,0.07698315422113966,-0.4166666666666667,5
adult,1000,0.11638866551517613,-0.4166666666666667,5
adult,1000,0.07960867680143258,-0.5833333333333334,7
adult,1000,0.059520287945169725,-0.75,9
adult,1000,0.08089777707595014,-0.5,6
adult,1000,0.17085424768265522,-0.4166666666666667,5
adult,1000,0.18942809175839703,-0.5,6
adult,1000,0.11174008934892732,-0.3333333333333333,4
adult,1000,0.07101526341642339,-0.5833333333333334,7
adult,1000,0.12672254358640023,-0.3333333333333333,4
adult,1000,0.17085424768265522,-0.3333333333333333,4
adult,1000,0.0032165142876398045,-0.8333333333333334,10
adult,1000,0.06296199010796566,-0.5833333333333334,7
adult,1000,0.006309350060280217,-0.5833333333333334,7
adult,1000,0.2218345146893813,-0.4166666666666667,5
adult,1000,0.2647190336348082,-0.3333333333333333,4
adult,1000,0.17085424768265522,-0.3333333333333333,4
adult,1000,0.21006949866701574,-0.5,6
adult,1000,0.2619944952694371,-0.3333333333333333,4
adult,1000,0.0763952562744098,-0.4166666666666667,5
adult,1000,0.08197296501073537,-0.3333333333333333,4
adult,1000,0.07441230210015781,-0.5,6
adult,1000,0.1349492663536822,-0.25,3
adult,1000,0.12672254358640023,-0.25,3
adult,1000,0.11174008934892732,-0.5,6
adult,1000,0.0763952562744098,-0.4166666666666667,5
adult,1000,0.011468188591506223,-0.5833333333333334,7
adult,1000,0.09530750949671285,-0.5833333333333334,7
adult,1000,0.07035713434806612,-0.5833333333333334,7
adult,1000,0.07227185137618986,-0.75,9
adult,1000,0.0004258560715968418,-0.75,9
adult,1000,0.18942809175839703,-0.4166666666666667,5
adult,1000,0.07156685548383412,-0.5833333333333334,7
adult,1000,0.28654868788713483,-0.4166666666666667,5
adult,1000,0.053846216177959594,-0.6666666666666666,8
adult,1000,0.06485300277393968,-0.6666666666666666,8
adult,1000,0.28654868788713483,-0.3333333333333333,4
adult,1000,0.13947309085243442,-0.6666666666666666,8
adult,1000,0.07375548568242318,-0.4166666666666667,5
adult,1000,0.07698315422113966,-0.5,6
adult,1000,0.02265987186085716,-0.6666666666666666,8
adult,1000,0.1934052928625536,-0.3333333333333333,4
adult,1000,0.01747947835964203,-0.5833333333333334,7
adult,1000,0.0,-0.8333333333333334,10
adult,1000,0.07101526341642339,-0.5833333333333334,7
adult,1000,0.12672254358640023,-0.3333333333333333,4
adult,1000,0.13346141606678164,-0.3333333333333333,4
adult,1000,0.07698315422113966,-0.4166666666666667,5
adult,1000,0.07839617199656113,-0.5,6
adult,1000,0.06186679412348017,-0.4166666666666667,5
flight,1000,0.18094116044347042,-0.46153846153846156,6
flight,1000,0.1689864093151694,-0.6923076923076923,9
flight,1000,0.12744625720955838,-0.38461538461538464,5
flight,1000,0.12744625720955838,-0.46153846153846156,6
flight,1000,0.17632192147614734,-0.46153846153846156,6
flight,1000,0.1689864093151694,-0.6153846153846154,8
flight,1000,0.13141143940118816,-0.7692307692307693,10
flight,1000,0.1689864093151694,-0.5384615384615384,7
flight,1000,0.2455785165522859,-0.6153846153846154,8
flight,1000,0.1386589090293462,-0.5384615384615384,7
flight,1000,0.14972638826141826,-0.46153846153846156,6
flight,1000,0.13818569520024426,-0.6153846153846154,8
flight,1000,0.18283430723891791,-0.6923076923076923,9
flight,1000,0.11650065212924676,-0.6923076923076923,9
flight,1000,0.13514845205100667,-0.7692307692307693,10
flight,1000,0.13514845205100667,-0.6923076923076923,9
flight,1000,0.1689864093151694,-0.38461538461538464,5
flight,1000,0.1689864093151694,-0.46153846153846156,6
flight,1000,0.13818569520024426,-0.5384615384615384,7
flight,1000,0.18094116044347042,-0.5384615384615384,7
flight,1000,0.18094116044347042,-0.46153846153846156,6
flight,1000,0.13818569520024426,-0.6923076923076923,9
flight,1000,0.24980936013667854,-0.6923076923076923,9
flight,1000,0.14626212769916158,-0.5384615384615384,7
flight,1000,0.2455785165522859,-0.46153846153846156,6
flight,1000,0.13514845205100667,-0.38461538461538464,5
flight,1000,0.1689864093151694,-0.46153846153846156,6
flight,1000,0.17632192147614734,-0.3076923076923077,4
flight,1000,0.11650065212924676,-0.6923076923076923,9
flight,1000,0.12744625720955838,-0.46153846153846156,6
flight,1000,0.12744625720955838,-0.38461538461538464,5
flight,1000,0.1689864093151694,-0.5384615384615384,7
flight,1000,0.13818569520024426,-0.46153846153846156,6
flight,1000,0.08907123541814055,-0.7692307692307693,10
flight,1000,0.14621142152444744,-0.46153846153846156,6
flight,1000,0.1222736628243225,-0.7692307692307693,10
flight,1000,0.1222736628243225,-0.5384615384615384,7
flight,1000,0.18094116044347042,-0.38461538461538464,5
flight,1000,0.12744625720955838,-0.5384615384615384,7
flight,1000,0.13051054943857365,-0.6153846153846154,8
flight,1000,0.12744625720955838,-0.7692307692307693,10
flight,1000,0.12744625720955838,-0.6153846153846154,8
flight,1000,0.17632192147614734,-0.38461538461538464,5
flight,1000,0.2455785165522859,-0.6153846153846154,8
flight,1000,0.11650065212924676,-0.5384615384615384,7
flight,1000,0.17632192147614734,-0.15384615384615385,2
flight,1000,0.17632192147614734,-0.5384615384615384,7
flight,1000,0.14972638826141826,-0.46153846153846156,6
flight,1000,0.18094116044347042,-0.5384615384615384,7
flight,1000,0.17632192147614734,-0.38461538461538464,5
flight,1000,0.2455785165522859,-0.6153846153846154,8
flight,1000,0.1689864093151694,-0.5384615384615384,7
flight,1000,0.12744625720955838,-0.46153846153846156,6
flight,1000,0.10449451298785661,-0.7692307692307693,10
flight,1000,0.14626212769916158,-0.5384615384615384,7
flight,1000,0.13051054943857365,-0.5384615384615384,7
flight,1000,0.12744625720955838,-0.38461538461538464,5
flight,1000,0.2455785165522859,-0.6153846153846154,8
flight,1000,0.13818569520024426,-0.5384615384615384,7
flight,1000,0.1689864093151694,-0.5384615384615384,7
flight,1000,0.2455785165522859,-0.5384615384615384,7
flight,1000,0.1689864093151694,-0.46153846153846156,6
flight,1000,0.1689864093151694,-0.38461538461538464,5
flight,1000,0.1689864093151694,-0.38461538461538464,5
flight,1000,0.1386589090293462,-0.46153846153846156,6
flight,1000,0.24980936013667854,-0.5384615384615384,7
flight,1000,0.1689864093151694,-0.46153846153846156,6
flight,1000,0.08907123541814055,-0.6923076923076923,9
flight,1000,0.24980936013667854,-0.5384615384615384,7
flight,1000,0.1689864093151694,-0.46153846153846156,6
flight,1000,0.12744625720955838,-0.6153846153846154,8
flight,1000,0.23553045167227926,-0.6923076923076923,9
flight,1000,0.12744625720955838,-0.46153846153846156,6
flight,1000,0.08907123541814055,-0.8461538461538461,11
flight,1000,0.13860775127558567,-0.6153846153846154,8
flight,1000,0.17632192147614734,-0.38461538461538464,5
flight,1000,0.18094116044347042,-0.46153846153846156,6
flight,1000,0.13818569520024426,-0.5384615384615384,7
flight,1000,0.0,-0.9230769230769231,12
flight,1000,0.18094116044347042,-0.46153846153846156,6
flight,1000,0.24980936013667854,-0.6153846153846154,8
flight,1000,0.12744625720955838,-0.5384615384615384,7
flight,1000,0.14621142152444744,-0.6923076923076923,9
flight,1000,0.1386589090293462,-0.6153846153846154,8
flight,1000,0.1386589090293462,-0.6153846153846154,8
flight,1000,0.12744625720955838,-0.46153846153846156,6
flight,1000,0.1386589090293462,-0.6153846153846154,8
flight,1000,0.17632192147614734,-0.38461538461538464,5
flight,1000,0.13818569520024426,-0.7692307692307693,10
flight,1000,0.1689864093151694,-0.46153846153846156,6
flight,1000,0.14967373381862104,-0.46153846153846156,6
flight,1000,0.1222736628243225,-0.6153846153846154,8
flight,1000,0.1689864093151694,-0.5384615384615384,7
flight,1000,0.1689864093151694,-0.46153846153846156,6
flight,1000,0.13818569520024426,-0.6153846153846154,8
flight,1000,0.1689864093151694,-0.5384615384615384,7
flight,1000,0.12227457575795886,-0.8461538461538461,11
flight,1000,0.18094116044347042,-0.6153846153846154,8
flight,1000,0.24980936013667854,-0.6923076923076923,9
flight,1000,0.18094116044347042,-0.46153846153846156,6
tax,1000,0.2290091161470067,-0.6666666666666666,2
tax,1000,0.2290091161470067,-0.6666666666666666,2
tax,1000,0.2290091161470067,-0.6666666666666666,2
tax,1000,0.2290091161470067,-0.6666666666666666,2
tax,1000,0.2290091161470067,-0.6666666666666666,2
tax,1000,0.2290091161470067,-0.6666666666666666,2
tax,1000,0.2290091161470067,-0.6666666666666666,2
tax,1000,0.0,-1.0,3
tax,1000,0.2290091161470067,-0.6666666666666666,2
tax,1000,0.2290091161470067,-0.6666666666666666,2
tax,1000,0.0,-1.0,3
tax,1000,0.0,-1.0,3
tax,1000,0.0,-1.0,3
tax,1000,0.0,-1.0,3
tax,1000,0.2290091161470067,-0.6666666666666666,2
tax,1000,0.2290091161470067,-0.6666666666666666,2
tax,1000,0.2290091161470067,-0.6666666666666666,2
tax,1000,0.2290091161470067,-0.6666666666666666,2
tax,1000,0.0,-1.0,3
tax,1000,0.2290091161470067,-0.6666666666666666,2
tax,1000,0.2290091161470067,-0.6666666666666666,2
tax,1000,0.0,-1.0,3
tax,1000,0.2290091161470067,-0.6666666666666666,2
tax,1000,0.2290091161470067,-0.6666666666666666,2
tax,1000,0.0,-1.0,3
tax,1000,0.0,-1.0,3
tax,1000,0.2290091161470067,-0.6666666666666666,2
tax,1000,0.2290091161470067,-0.6666666666666666,2
tax,1000,0.2290091161470067,-0.6666666666666666,2
tax,1000,0.0,-1.0,3
tax,1000,0.0,-1.0,3
tax,1000,0.2290091161470067,-0.6666666666666666,2
tax,1000,0.2290091161470067,-0.6666666666666666,2
tax,1000,0.2290091161470067,-0.6666666666666666,2
tax,1000,0.0,-1.0,3
tax,1000,0.0,-1.0,3
tax,1000,0.2290091161470067,-0.6666666666666666,2
tax,1000,0.0,-1.0,3
tax,1000,0.2290091161470067,-0.6666666666666666,2
tax,1000,0.0,-1.0,3
tax,1000,0.2290091161470067,-0.6666666666666666,2
tax,1000,0.0,-1.0,3
tax,1000,0.0,-1.0,3
tax,1000,0.2290091161470067,-0.6666666666666666,2
tax,1000,0.0,-1.0,3
tax,1000,0.0,-1.0,3
tax,1000,0.0,-1.0,3
tax,1000,0.2290091161470067,-0.6666666666666666,2
tax,1000,0.2290091161470067,-0.6666666666666666,2
tax,1000,0.2290091161470067,-0.6666666666666666,2
tax,1000,0.0,-1.0,3
tax,1000,0.2290091161470067,-0.6666666666666666,2
tax,1000,0.0,-1.0,3
tax,1000,0.2290091161470067,-0.6666666666666666,2
tax,1000,0.2290091161470067,-0.6666666666666666,2
tax,1000,0.0,-1.0,3
tax,1000,0.2290091161470067,-0.6666666666666666,2
tax,1000,0.2290091161470067,-0.6666666666666666,2
tax,1000,0.2290091161470067,-0.6666666666666666,2
tax,1000,0.0,-1.0,3
tax,1000,0.2290091161470067,-0.6666666666666666,2
tax,1000,0.0,-1.0,3
tax,1000,0.0,-1.0,3
tax,1000,0.0,-1.0,3
tax,1000,0.0,-1.0,3
tax,1000,0.2290091161470067,-0.6666666666666666,2
tax,1000,0.2290091161470067,-0.6666666666666666,2
tax,1000,0.0,-1.0,3
tax,1000,0.2290091161470067,-0.6666666666666666,2
tax,1000,0.2290091161470067,-0.6666666666666666,2
tax,1000,0.2290091161470067,-0.6666666666666666,2
tax,1000,0.0,-1.0,3
tax,1000,0.0,-1.0,3
tax,1000,0.2290091161470067,-0.6666666666666666,2
tax,1000,0.2290091161470067,-0.6666666666666666,2
tax,1000,0.2290091161470067,-0.6666666666666666,2
tax,1000,0.2290091161470067,-0.6666666666666666,2
tax,1000,0.2290091161470067,-0.6666666666666666,2
tax,1000,0.0,-1.0,3
tax,1000,0.0,-1.0,3
tax,1000,0.2290091161470067,-0.6666666666666666,2
tax,1000,0.0,-1.0,3
tax,1000,0.0,-1.0,3
tax,1000,0.0,-1.0,3
tax,1000,0.2290091161470067,-0.6666666666666666,2
tax,1000,0.0,-1.0,3
tax,1000,0.0,-1.0,3
tax,1000,0.0,-1.0,3
tax,1000,0.2290091161470067,-0.6666666666666666,2
tax,1000,0.2290091161470067,-0.6666666666666666,2
tax,1000,0.0,-1.0,3
tax,1000,0.0,-1.0,3
tax,1000,0.2290091161470067,-0.6666666666666666,2
tax,1000,0.2290091161470067,-0.6666666666666666,2
tax,1000,0.2290091161470067,-0.6666666666666666,2
tax,1000,0.2290091161470067,-0.6666666666666666,2
tax,1000,0.2290091161470067,-0.6666666666666666,2
tax,1000,0.0,-1.0,3
tax,1000,0.2290091161470067,-0.6666666666666666,2
tax,1000,0.2290091161470067,-0.6666666666666666,2
