dataset,epsilon,leakage,utility,mask_size
airport,1,0.03592524660768637,-0.5,3
airport,1,0.003306804705818678,-0.6666666666666666,4
airport,1,0.22337399647872114,-0.5,3
airport,1,0.22337399647872114,-0.3333333333333333,2
airport,1,0.03592524660768637,-0.3333333333333333,2
airport,1,0.015768127809462573,-0.8333333333333334,5
airport,1,0.22337399647872114,-0.5,3
airport,1,0.06016840572859605,-0.6666666666666666,4
airport,1,0.03592524660768637,-0.5,3
airport,1,0.003306804705818678,-0.8333333333333334,5
airport,1,0.22337399647872114,-0.5,3
airport,1,0.05853885744745513,-0.5,3
airport,1,0.013132038880604324,-0.5,3
airport,1,0.03592524660768637,-0.6666666666666666,4
airport,1,0.003609042830710618,-0.8333333333333334,5
airport,1,0.05010955345870127,-0.5,3
airport,1,0.009414806213275395,-0.5,3
airport,1,0.03592524660768637,-0.3333333333333333,2
airport,1,0.03592524660768637,-0.5,3
airport,1,0.015768127809462573,-0.6666666666666666,4
airport,1,0.06016840572859605,-0.6666666666666666,4
airport,1,0.0,-0.6666666666666666,4
airport,1,0.009414806213275395,-0.5,3
airport,1,0.0008907266304110095,-0.8333333333333334,5
airport,1,0.22337399647872114,-0.3333333333333333,2
airport,1,0.22337399647872114,-0.3333333333333333,2
airport,1,0.008222647309668152,-0.6666666666666666,4
airport,1,0.05853885744745513,-0.6666666666666666,4
airport,1,0.013132038880604324,-0.6666666666666666,4
airport,1,0.0,-0.6666666666666666,4
airport,1,0.03592524660768637,-0.5,3
airport,1,0.03592524660768637,-0.3333333333333333,2
airport,1,0.05010955345870127,-0.5,3
airport,1,0.05853885744745513,-0.5,3
airport,1,0.22337399647872114,-0.3333333333333333,2
airport,1,0.03592524660768637,-0.5,3
airport,1,0.06016840572859605,-0.6666666666666666,4
airport,1,0.22337399647872114,-0.3333333333333333,2
airport,1,0.22337399647872114,-0.5,3
airport,1,0.03592524660768637,-0.5,3
airport,1,0.22337399647872114,-0.16666666666666666,1
airport,1,0.03592524660768637,-0.16666666666666666,1
airport,1,0.05010955345870127,-0.5,3
airport,1,0.05010955345870127,-0.3333333333333333,2
airport,1,0.22337399647872114,-0.5,3
airport,1,0.22337399647872114,-0.0,0
airport,1,0.05010955345870127,-0.5,3
airport,1,0.22337399647872114,-0.3333333333333333,2
airport,1,0.22337399647872114,-0.3333333333333333,2
airport,1,0.009414806213275395,-0.5,3
airport,1,0.22337399647872114,-0.5,3
airport,1,0.03592524660768637,-0.6666666666666666,4
airport,1,0.03592524660768637,-0.3333333333333333,2
airport,1,0.03592524660768637,-0.3333333333333333,2
airport,1,0.008222647309668152,-0.6666666666666666,4
airport,1,0.0,-0.6666666666666666,4
airport,1,0.03592524660768637,-0.5,3
airport,1,0.03592524660768637,-0.6666666666666666,4
airport,1,0.051126318247808444,-0.5,3
airport,1,0.22337399647872114,-0.5,3
airport,1,0.22337399647872114,-0.5,3
airport,1,0.0008907266304110095,-0.8333333333333334,5
airport,1,0.013132038880604324,-0.5,3
airport,1,0.22337399647872114,-0.16666666666666666,1
airport,1,0.22337399647872114,-0.5,3
airport,1,0.03592524660768637,-0.5,3
airport,1,0.05010955345870127,-0.6666666666666666,4
airport,1,0.013132038880604324,-0.5,3
airport,1,0.03592524660768637,-0.3333333333333333,2
airport,1,0.22337399647872114,-0.3333333333333333,2
airport,1,0.03592524660768637,-0.6666666666666666,4
airport,1,0.015768127809462573,-0.6666666666666666,4
airport,1,0.008222647309668152,-0.5,3
airport,1,0.051126318247808444,-0.5,3
airport,1,0.22337399647872114,-0.3333333333333333,2
airport,1,0.05010955345870127,-0.3333333333333333,2
airport,1,0.22337399647872114,-0.5,3
airport,1,0.03592524660768637,-0.3333333333333333,2
airport,1,0.22337399647872114,-0.0,0
airport,1,0.051126318247808444,-0.6666666666666666,4
airport,1,0.03592524660768637,-0.3333333333333333,2
airport,1,0.22337399647872114,-0.16666666666666666,1
airport,1,0.22337399647872114,-0.6666666666666666,4
airport,1,0.03592524660768637,-0.5,3
airport,1,0.011469181810646378,-0.6666666666666666,4
airport,1,0.008222647309668152,-0.6666666666666666,4
airport,1,0.03592524660768637,-0.5,3
airport,1,0.015768127809462573,-0.8333333333333334,5
airport,1,0.003306804705818678,-0.6666666666666666,4
airport,1,0.051126318247808444,-0.5,3
airport,1,0.22337399647872114,-0.5,3
airport,1,0.22337399647872114,-0.16666666666666666,1
airport,1,0.015768127809462573,-0.8333333333333334,5
airport,1,0.06016840572859605,-0.6666666666666666,4
airport,1,0.0,-1.0,6
airport,1,0.0008907266304110095,-0.8333333333333334,5
airport,1,0.05853885744745513,-0.6666666666666666,4
airport,1,0.003306804705818678,-0.8333333333333334,5
airport,1,0.06016840572859605,-0.6666666666666666,4
airport,1,0.22337399647872114,-0.5,3
hospital,1,0.6090400455538584,-100.3,3
hospital,1,0.5053837288882768,-100.4,4
hospital,1,0.24175913958548945,-0.7,7
hospital,1,0.385599188513301,-100.6,6
hospital,1,0.46992211475481305,-100.4,4
hospital,1,0.5468475106079831,-100.3,3
hospital,1,0.5206608604337979,-100.5,5
hospital,1,0.6623992294064142,-100.3,3
hospital,1,0.5053837288882768,-100.5,5
hospital,1,0.5053837288882768,-100.4,4
hospital,1,0.5053837288882768,-100.4,4
hospital,1,0.6090400455538584,-100.2,2
hospital,1,0.41469597047666695,-100.6,6
hospital,1,0.24315756576632586,-0.7,7
hospital,1,0.44440927545847886,-100.8,8
hospital,1,0.5468475106079831,-100.5,5
hospital,1,0.3592419527878562,-100.6,6
hospital,1,0.24175913958548945,-0.5,5
hospital,1,0.6005002201919581,-100.5,5
hospital,1,0.5069645614182471,-100.5,5
hospital,1,0.5468475106079831,-100.5,5
hospital,1,0.3592419527878562,-100.6,6
hospital,1,0.5626500316767806,-100.1,1
hospital,1,0.24315756576632586,-0.8,8
hospital,1,0.3592419527878562,-100.6,6
hospital,1,0.41469597047666695,-100.6,6
hospital,1,0.3592419527878562,-100.4,4
hospital,1,0.5626500316767806,-100.6,6
hospital,1,0.5206608604337979,-100.5,5
hospital,1,0.24175913958548945,-0.6,6
hospital,1,0.6005002201919581,-100.3,3
hospital,1,0.385599188513301,-100.7,7
hospital,1,0.5468475106079831,-100.6,6
hospital,1,0.5053837288882768,-100.5,5
hospital,1,0.6090400455538584,-100.5,5
hospital,1,0.5053837288882768,-100.2,2
hospital,1,0.4824620342632009,-100.7,7
hospital,1,0.5206608604337979,-100.5,5
hospital,1,0.4824620342632009,-100.2,2
hospital,1,0.3592419527878562,-100.7,7
hospital,1,0.6623992294064142,-100.2,2
hospital,1,0.6090400455538584,-100.7,7
hospital,1,0.24175913958548945,-0.7,7
hospital,1,0.385599188513301,-100.6,6
hospital,1,0.5053837288882768,-100.5,5
hospital,1,0.41469597047666695,-100.3,3
hospital,1,0.24315756576632586,-0.7,7
hospital,1,0.26303652729247295,-0.5,5
hospital,1,0.5626500316767806,-100.3,3
hospital,1,0.44440927545847886,-100.7,7
hospital,1,0.5468475106079831,-100.6,6
hospital,1,0.46992211475481305,-100.3,3
hospital,1,0.5468475106079831,-100.5,5
hospital,1,0.4824620342632009,-100.7,7
hospital,1,0.5468475106079831,-100.6,6
hospital,1,0.6005002201919581,-100.4,4
hospital,1,0.21945273335876703,-0.4,4
hospital,1,0.3592419527878562,-100.4,4
hospital,1,0.6090400455538584,-100.3,3
hospital,1,0.24315756576632586,-0.8,8
hospital,1,0.46992211475481305,-100.5,5
hospital,1,0.6623992294064142,-100.3,3
hospital,1,0.5053837288882768,-100.3,3
hospital,1,0.385599188513301,-100.5,5
hospital,1,0.21940735109689347,-0.7,7
hospital,1,0.6090400455538584,-100.3,3
hospital,1,0.24315756576632586,-0.8,8
hospital,1,0.42853421735144903,-100.4,4
hospital,1,0.2629936790618288,-0.8,8
hospital,1,0.6623992294064142,-100.3,3
hospital,1,0.385599188513301,-100.4,4
hospital,1,0.4824620342632009,-100.6,6
hospital,1,0.3592419527878562,-100.5,5
hospital,1,0.5053837288882768,-100.3,3
hospital,1,0.6005002201919581,-100.6,6
hospital,1,0.5626500316767806,-100.6,6
hospital,1,0.6005002201919581,-100.2,2
hospital,1,0.6005002201919581,-100.5,5
hospital,1,0.24175913958548945,-0.8,8
hospital,1,0.5468475106079831,-100.3,3
hospital,1,0.5626500316767806,-100.3,3
hospital,1,0.5626500316767806,-100.2,2
hospital,1,0.24175913958548945,-0.6,6
hospital,1,0.385599188513301,-100.6,6
hospital,1,0.6090400455538584,-100.5,5
hospital,1,0.46992211475481305,-100.5,5
hospital,1,0.6005002201919581,-100.4,4
hospital,1,0.6005002201919581,-100.3,3
hospital,1,0.6090400455538584,-100.5,5
hospital,1,0.5069645614182471,-100.4,4
hospital,1,0.24175913958548945,-0.5,5
hospital,1,0.6623992294064142,-100.4,4
hospital,1,0.6623992294064142,-100.4,4
hospital,1,0.24175913958548945,-0.6,6
hospital,1,0.385599188513301,-100.6,6
hospital,1,0.46992211475481305,-100.5,5
hospital,1,0.44440927545847886,-100.7,7
hospital,1,0.5053837288882768,-100.4,4
hospital,1,0.5053837288882768,-100.4,4
hospital,1,0.46992211475481305,-100.6,6
adult,1,0.11856854217121648,-0.5833333333333334,7
adult,1,0.395391227220634,-100.5,6
adult,1,0.0549373740911705,-0.75,9
adult,1,0.3156222907197025,-100.58333333333333,7
adult,1,0.09822330773503263,-0.4166666666666667,5
adult,1,0.0885185724517844,-0.3333333333333333,4
adult,1,0.3306439061431553,-100.33333333333333,4
adult,1,0.45200691109182567,-100.33333333333333,4
adult,1,0.12672254358640023,-0.5,6
adult,1,0.12250505511270016,-0.4166666666666667,5
adult,1,0.35553545402526254,-100.41666666666667,5
adult,1,0.12006099382548652,-0.4166666666666667,5
adult,1,0.34160725957751403,-100.5,6
adult,1,0.11174008934892732,-0.6666666666666666,8
adult,1,0.4406388896832574,-100.33333333333333,4
adult,1,0.2602038864131443,-0.3333333333333333,4
adult,1,0.3494730241774636,-100.5,6
adult,1,0.07197245885197745,-0.5,6
adult,1,0.4325921849686901,-100.41666666666667,5
adult,1,0.2218345146893813,-0.3333333333333333,4
adult,1,0.02200190830554416,-0.4166666666666667,5
adult,1,0.05431711743368772,-0.5833333333333334,7
adult,1,0.02337809834371296,-0.6666666666666666,8
adult,1,0.09822330773503263,-0.3333333333333333,4
adult,1,0.02243035191528453,-0.75,9
adult,1,0.0,-0.8333333333333334,10
adult,1,0.05668888410905559,-0.5833333333333334,7
adult,1,0.26221932193872965,-0.3333333333333333,4
adult,1,0.2726821726489278,-0.25,3
adult,1,0.364697551973022,-100.25,3
adult,1,0.21485300132090768,-0.5,6
adult,1,0.17085424768265522,-0.4166666666666667,5
adult,1,0.49122554744404323,-100.16666666666667,2
adult,1,0.2632106059361412,-0.5,6
adult,1,0.4522663489285055,-100.33333333333333,4
adult,1,0.20036608478191653,-0.4166666666666667,5
adult,1,0.07509663850413817,-0.5833333333333334,7
adult,1,0.06536092908965718,-0.5833333333333334,7
adult,1,0.3873413505738017,-100.25,3
adult,1,0.3841446984469006,-100.41666666666667,5
adult,1,0.15398517401815737,-0.3333333333333333,4
adult,1,0.3157255653536597,-100.66666666666667,8
adult,1,0.11174008934892732,-0.5833333333333334,7
adult,1,0.359491176307991,-100.58333333333333,7
adult,1,0.08089777707595014,-0.5,6
adult,1,0.0732013860275269,-0.5833333333333334,7
adult,1,0.07385994967747844,-0.4166666666666667,5
adult,1,0.3306439061431553,-100.25,3
adult,1,0.08094278403846455,-0.5833333333333334,7
adult,1,0.3520295699814131,-100.33333333333333,4
adult,1,0.17893918453904556,-0.5833333333333334,7
adult,1,0.09211006499624186,-0.6666666666666666,8
adult,1,0.08089777707595014,-0.4166666666666667,5
adult,1,0.3876314032000986,-100.33333333333333,4
adult,1,0.15768484969254226,-0.5833333333333334,7
adult,1,0.026422516007042263,-0.75,9
adult,1,0.2602038864131443,-0.3333333333333333,4
adult,1,0.27861927066744885,-0.5,6
adult,1,0.13346141606678164,-0.4166666666666667,5
adult,1,0.19959302122615685,-0.3333333333333333,4
adult,1,0.06454354410478325,-0.75,9
adult,1,0.31115379925125963,-100.58333333333333,7
adult,1,0.11174008934892732,-0.5833333333333334,7
adult,1,0.07112155424097788,-0.75,9
adult,1,0.3494730241774636,-100.41666666666667,5
adult,1,0.364697551973022,-100.25,3
adult,1,0.20036608478191653,-0.4166666666666667,5
adult,1,0.35555839104562026,-100.5,6
adult,1,0.18597974883889024,-0.5,6
adult,1,0.4522663489285055,-100.5,6
adult,1,0.17700560869391335,-0.5,6
adult,1,0.395391227220634,-100.5,6
adult,1,0.25628917570674126,-0.4166666666666667,5
adult,1,0.35802046232383233,-100.41666666666667,5
adult,1,0.3520295699814131,-100.41666666666667,5
adult,1,0.08898291563852445,-0.5,6
adult,1,0.060474366498108556,-0.5833333333333334,7
adult,1,0.0800450999406711,-0.5833333333333334,7
adult,1,0.15768484969254226,-0.6666666666666666,8
adult,1,0.40119750931158027,-100.5,6
adult,1,0.3841446984469006,-100.41666666666667,5
adult,1,0.2194035398363463,-0.3333333333333333,4
adult,1,0.07788132858584484,-0.75,9
adult,1,0.35869848485078126,-100.5,6
adult,1,0.14155328636418507,-0.5,6
adult,1,0.07312504602309366,-0.5,6
adult,1,0.15519851324930045,-0.5,6
adult,1,0.20331554478980718,-0.5833333333333334,7
adult,1,0.14868321304503707,-0.4166666666666667,5
adult,1,0.49122554744404323,-100.16666666666667,2
adult,1,0.3873413505738017,-100.33333333333333,4
adult,1,0.2726821726489278,-0.3333333333333333,4
adult,1,0.11583548877329297,-0.5,6
adult,1,0.08942801745498186,-0.5,6
adult,1,0.395391227220634,-100.16666666666667,2
adult,1,0.08910145938526526,-0.4166666666666667,5
adult,1,0.2602038864131443,-0.5,6
adult,1,0.18886292899071455,-0.25,3
adult,1,0.06279370685740693,-0.5,6
adult,1,0.13346141606678164,-0.4166666666666667,5
flight,1,0.8846850956852224,-100.61538461538461,8
flight,1,0.9680567115073361,-100.6923076923077,9
flight,1,0.9826408586840785,-100.61538461538461,8
flight,1,0.9826408586840785,-100.3076923076923,4
flight,1,0.9398289956970705,-100.53846153846153,7
flight,1,0.8846850956852224,-100.6923076923077,9
flight,1,0.24980936013667854,-0.5384615384615384,7
flight,1,0.9398289956970705,-100.53846153846153,7
flight,1,0.9680567115073361,-100.53846153846153,7
flight,1,0.14967373381862104,-0.5384615384615384,7
flight,1,0.9394896498108463,-100.61538461538461,8
flight,1,0.13818569520024426,-0.5384615384615384,7
flight,1,0.9394896498108463,-100.23076923076923,3
flight,1,0.2455785165522859,-0.6153846153846154,8
flight,1,0.9826408586840785,-100.46153846153847,6
flight,1,0.8846850956852224,-100.3076923076923,4
flight,1,0.9680567115073361,-100.6923076923077,9
flight,1,0.9826408586840785,-100.53846153846153,7
flight,1,0.9680567115073361,-100.38461538461539,5
flight,1,0.9394896498108463,-100.61538461538461,8
flight,1,0.9680567115073361,-100.61538461538461,8
flight,1,0.12744625720955838,-0.5384615384615384,7
flight,1,0.9394896498108463,-100.3076923076923,4
flight,1,0.17632192147614734,-0.46153846153846156,6
flight,1,0.9826408586840785,-100.15384615384616,2
flight,1,0.8846850956852224,-100.3076923076923,4
flight,1,0.9680567115073361,-100.53846153846153,7
flight,1,0.13818569520024426,-0.6153846153846154,8
flight,1,0.9680567115073361,-100.53846153846153,7
flight,1,0.9826408586840785,-100.46153846153847,6
flight,1,0.8846850956852224,-100.61538461538461,8
flight,1,0.9826408586840785,-100.38461538461539,5
flight,1,0.9680567115073361,-100.53846153846153,7
flight,1,0.9826408586840785,-100.61538461538461,8
flight,1,0.17632192147614734,-0.46153846153846156,6
flight,1,0.9826408586840785,-100.46153846153847,6
flight,1,0.9826408586840785,-100.23076923076923,3
flight,1,0.8846850956852224,-100.61538461538461,8
flight,1,0.9394896498108463,-100.53846153846153,7
flight,1,0.09865586312224373,-0.6153846153846154,8
flight,1,0.8846850956852224,-100.46153846153847,6
flight,1,0.8846850956852224,-100.61538461538461,8
flight,1,0.9394896498108463,-100.61538461538461,8
flight,1,0.9680567115073361,-100.6923076923077,9
flight,1,0.24980936013667854,-0.5384615384615384,7
flight,1,0.9398289956970705,-100.38461538461539,5
flight,1,0.8846850956852224,-100.53846153846153,7
flight,1,0.9680567115073361,-100.6923076923077,9
flight,1,0.8846850956852224,-100.46153846153847,6
flight,1,0.8846850956852224,-100.3076923076923,4
flight,1,0.9680567115073361,-100.6923076923077,9
flight,1,0.8846850956852224,-100.46153846153847,6
flight,1,0.13051054943857365,-0.5384615384615384,7
flight,1,0.9680567115073361,-100.46153846153847,6
flight,1,0.18094116044347042,-0.5384615384615384,7
flight,1,0.9680567115073361,-100.61538461538461,8
flight,1,0.8846850956852224,-100.38461538461539,5
flight,1,0.9394896498108463,-100.61538461538461,8
flight,1,0.13818569520024426,-0.6153846153846154,8
flight,1,0.9826408586840785,-100.3076923076923,4
flight,1,0.8846850956852224,-100.38461538461539,5
flight,1,0.9826408586840785,-100.38461538461539,5
flight,1,0.9826408586840785,-100.3076923076923,4
flight,1,0.9826408586840785,-100.53846153846153,7
flight,1,0.9826408586840785,-100.3076923076923,4
flight,1,0.11650065212924676,-0.5384615384615384,7
flight,1,0.9826408586840785,-100.3076923076923,4
flight,1,0.9680567115073361,-100.46153846153847,6
flight,1,0.9826408586840785,-100.07692307692308,1
flight,1,0.9398289956970705,-100.38461538461539,5
flight,1,0.8846850956852224,-100.61538461538461,8
flight,1,0.9680567115073361,-100.6923076923077,9
flight,1,0.9680567115073361,-100.46153846153847,6
flight,1,0.9826408586840785,-100.46153846153847,6
flight,1,0.9826408586840785,-100.46153846153847,6
flight,1,0.9398289956970705,-100.38461538461539,5
flight,1,0.17632192147614734,-0.46153846153846156,6
flight,1,0.17632192147614734,-0.5384615384615384,7
flight,1,0.9680567115073361,-100.76923076923077,10
flight,1,0.9398289956970705,-100.46153846153847,6
flight,1,0.12744625720955838,-0.6153846153846154,8
flight,1,0.24980936013667854,-0.5384615384615384,7
flight,1,0.8846850956852224,-100.23076923076923,3
flight,1,0.8846850956852224,-100.3076923076923,4
flight,1,0.9680567115073361,-100.61538461538461,8
flight,1,0.13818569520024426,-0.5384615384615384,7
flight,1,0.9826408586840785,-100.46153846153847,6
flight,1,0.9680567115073361,-100.6923076923077,9
flight,1,0.9394896498108463,-100.23076923076923,3
flight,1,0.14626212769916158,-0.46153846153846156,6
flight,1,0.8846850956852224,-100.46153846153847,6
flight,1,0.9826408586840785,-100.38461538461539,5
flight,1,0.8846850956852224,-100.46153846153847,6
flight,1,0.1222736628243225,-0.6153846153846154,8
flight,1,0.8846850956852224,-100.46153846153847,6
flight,1,0.9826408586840785,-100.3076923076923,4
flight,1,0.8846850956852224,-100.53846153846153,7
flight,1,0.9826408586840785,-100.46153846153847,6
flight,1,0.9826408586840785,-100.38461538461539,5
flight,1,0.9680567115073361,-100.38461538461539,5
tax,1,0.5548418449270073,-100.0,0
tax,1,0.5548418449270073,-100.33333333333333,1
tax,1,0.5548418449270073,-100.66666666666667,2
tax,1,0.5548418449270073,-100.66666666666667,2
tax,1,0.3057912208405609,-100.66666666666667,2
tax,1,0.3057912208405609,-100.33333333333333,1
tax,1,0.2290091161470067,-0.6666666666666666,2
tax,1,0.0,-1.0,3
tax,1,0.5548418449270073,-100.66666666666667,2
tax,1,0.3057912208405609,-100.33333333333333,1
tax,1,0.5548418449270073,-100.33333333333333,1
tax,1,0.5548418449270073,-100.0,0
tax,1,0.5548418449270073,-100.0,0
tax,1,0.5548418449270073,-100.33333333333333,1
tax,1,0.3057912208405609,-100.33333333333333,1
tax,1,0.2290091161470067,-0.6666666666666666,2
tax,1,0.2290091161470067,-0.6666666666666666,2
tax,1,0.5548418449270073,-100.66666666666667,2
tax,1,0.5548418449270073,-100.33333333333333,1
tax,1,0.5548418449270073,-100.0,0
tax,1,0.2290091161470067,-0.6666666666666666,2
tax,1,0.2290091161470067,-0.6666666666666666,2
tax,1,0.3057912208405609,-100.66666666666667,2
tax,1,0.3057912208405609,-100.33333333333333,1
tax,1,0.5548418449270073,-100.33333333333333,1
tax,1,0.5548418449270073,-100.0,0
tax,1,0.0,-1.0,3
tax,1,0.3057912208405609,-100.66666666666667,2
tax,1,0.5548418449270073,-100.0,0
tax,1,0.0,-1.0,3
tax,1,0.5548418449270073,-100.33333333333333,1
tax,1,0.5548418449270073,-100.33333333333333,1
tax,1,0.5548418449270073,-100.0,0
tax,1,0.3057912208405609,-100.33333333333333,1
tax,1,0.5548418449270073,-100.0,0
tax,1,0.0,-1.0,3
tax,1,0.5548418449270073,-100.66666666666667,2
tax,1,0.3057912208405609,-100.33333333333333,1
tax,1,0.5548418449270073,-100.0,0
tax,1,0.5548418449270073,-100.33333333333333,1
tax,1,0.5548418449270073,-100.33333333333333,1
tax,1,0.5548418449270073,-100.0,0
tax,1,0.3057912208405609,-100.66666666666667,2
tax,1,0.5548418449270073,-100.0,0
tax,1,0.3057912208405609,-100.33333333333333,1
tax,1,0.0,-1.0,3
tax,1,0.5548418449270073,-100.33333333333333,1
tax,1,0.5548418449270073,-100.66666666666667,2
tax,1,0.5548418449270073,-100.33333333333333,1
tax,1,0.0,-1.0,3
tax,1,0.5548418449270073,-100.33333333333333,1
tax,1,0.3057912208405609,-100.33333333333333,1
tax,1,0.5548418449270073,-100.0,0
tax,1,0.3057912208405609,-100.66666666666667,2
tax,1,0.5548418449270073,-100.33333333333333,1
tax,1,0.2290091161470067,-0.6666666666666666,2
tax,1,0.2290091161470067,-0.6666666666666666,2
tax,1,0.3057912208405609,-100.33333333333333,1
tax,1,0.5548418449270073,-100.33333333333333,1
tax,1,0.2290091161470067,-0.6666666666666666,2
tax,1,0.3057912208405609,-100.33333333333333,1
tax,1,0.5548418449270073,-100.66666666666667,2
tax,1,0.5548418449270073,-100.0,0
tax,1,0.5548418449270073,-100.0,0
tax,1,0.3057912208405609,-100.33333333333333,1
tax,1,0.5548418449270073,-100.0,0
tax,1,0.0,-1.0,3
tax,1,0.3057912208405609,-100.33333333333333,1
tax,1,0.3057912208405609,-100.66666666666667,2
tax,1,0.3057912208405609,-100.33333333333333,1
tax,1,0.3057912208405609,-100.66666666666667,2
tax,1,0.2290091161470067,-0.6666666666666666,2
tax,1,0.5548418449270073,-100.66666666666667,2
tax,1,0.0,-1.0,3
tax,1,0.0,-1.0,3
tax,1,0.0,-1.0,3
tax,1,0.5548418449270073,-100.33333333333333,1
tax,1,0.2290091161470067,-0.6666666666666666,2
tax,1,0.5548418449270073,-100.0,0
tax,1,0.0,-1.0,3
tax,1,0.5548418449270073,-100.0,0
tax,1,0.3057912208405609,-100.66666666666667,2
tax,1,0.5548418449270073,-100.0,0
tax,1,0.5548418449270073,-100.33333333333333,1
tax,1,0.5548418449270073,-100.0,0
tax,1,0.5548418449270073,-100.33333333333333,1
tax,1,0.5548418449270073,-100.33333333333333,1
tax,1,0.2290091161470067,-0.6666666666666666,2
tax,1,0.2290091161470067,-0.6666666666666666,2
tax,1,0.5548418449270073,-100.66666666666667,2
tax,1,0.3057912208405609,-100.33333333333333,1
tax,1,0.5548418449270073,-100.66666666666667,2
tax,1,0.5548418449270073,-100.33333333333333,1
tax,1,0.0,-1.0,3
tax,1,0.3057912208405609,-100.33333333333333,1
tax,1,0.5548418449270073,-100.33333333333333,1
tax,1,0.5548418449270073,-100.33333333333333,1
tax,1,0.5548418449270073,-100.33333333333333,1
tax,1,0.0,-1.0,3
tax,1,0.3057912208405609,-100.33333333333333,1
