dataset,epsilon,leakage,utility,mask_size
airport,100,0.03592524660768637,-0.3333333333333333,2
airport,100,0.0,-0.6666666666666666,4
airport,100,0.05010955345870127,-0.6666666666666666,4
airport,100,0.0,-0.8333333333333334,5
airport,100,0.22337399647872114,-0.5,3
airport,100,0.05853885744745513,-0.5,3
airport,100,0.22337399647872114,-0.16666666666666666,1
airport,100,0.03592524660768637,-0.5,3
airport,100,0.03592524660768637,-0.5,3
airport,100,0.003609042830710618,-0.8333333333333334,5
airport,100,0.051126318247808444,-0.6666666666666666,4
airport,100,0.22337399647872114,-0.0,0
airport,100,0.05853885744745513,-0.6666666666666666,4
airport,100,0.22337399647872114,-0.16666666666666666,1
airport,100,0.22337399647872114,-0.3333333333333333,2
airport,100,0.015768127809462573,-0.8333333333333334,5
airport,100,0.03592524660768637,-0.3333333333333333,2
airport,100,0.015768127809462573,-0.8333333333333334,5
airport,100,0.011469181810646378,-0.6666666666666666,4
airport,100,0.015768127809462573,-0.8333333333333334,5
airport,100,0.22337399647872114,-0.5,3
airport,100,0.22337399647872114,-0.16666666666666666,1
airport,100,0.03592524660768637,-0.16666666666666666,1
airport,100,0.015768127809462573,-0.6666666666666666,4
airport,100,0.05010955345870127,-0.6666666666666666,4
airport,100,0.22337399647872114,-0.16666666666666666,1
airport,100,0.03592524660768637,-0.3333333333333333,2
airport,100,0.03592524660768637,-0.5,3
airport,100,0.009414806213275395,-0.6666666666666666,4
airport,100,0.011469181810646378,-0.6666666666666666,4
airport,100,0.03592524660768637,-0.16666666666666666,1
airport,100,0.03592524660768637,-0.5,3
airport,100,0.03592524660768637,-0.3333333333333333,2
airport,100,0.06016840572859605,-0.6666666666666666,4
airport,100,0.05010955345870127,-0.6666666666666666,4
airport,100,0.03592524660768637,-0.6666666666666666,4
airport,100,0.05853885744745513,-0.6666666666666666,4
airport,100,0.003609042830710618,-0.8333333333333334,5
airport,100,0.009414806213275395,-0.5,3
airport,100,0.008222647309668152,-0.5,3
airport,100,0.05853885744745513,-0.5,3
airport,100,0.22337399647872114,-0.5,3
airport,100,0.22337399647872114,-0.3333333333333333,2
airport,100,0.009414806213275395,-0.6666666666666666,4
airport,100,0.051126318247808444,-0.5,3
airport,100,0.22337399647872114,-0.5,3
airport,100,0.22337399647872114,-0.3333333333333333,2
airport,100,0.03592524660768637,-0.5,3
airport,100,0.013132038880604324,-0.5,3
airport,100,0.22337399647872114,-0.3333333333333333,2
airport,100,0.22337399647872114,-0.16666666666666666,1
airport,100,0.013132038880604324,-0.5,3
airport,100,0.015768127809462573,-0.6666666666666666,4
airport,100,0.03592524660768637,-0.3333333333333333,2
airport,100,0.22337399647872114,-0.3333333333333333,2
airport,100,0.22337399647872114,-0.16666666666666666,1
airport,100,0.008222647309668152,-0.6666666666666666,4
airport,100,0.003306804705818678,-0.6666666666666666,4
airport,100,0.22337399647872114,-0.16666666666666666,1
airport,100,0.05010955345870127,-0.6666666666666666,4
airport,100,0.03592524660768637,-0.3333333333333333,2
airport,100,0.22337399647872114,-0.3333333333333333,2
airport,100,0.0,-1.0,6
airport,100,0.03592524660768637,-0.5,3
airport,100,0.015768127809462573,-0.6666666666666666,4
airport,100,0.009414806213275395,-0.5,3
airport,100,0.03592524660768637,-0.16666666666666666,1
airport,100,0.03592524660768637,-0.5,3
airport,100,0.013132038880604324,-0.5,3
airport,100,0.22337399647872114,-0.3333333333333333,2
airport,100,0.0,-1.0,6
airport,100,0.0,-0.8333333333333334,5
airport,100,0.22337399647872114,-0.16666666666666666,1
airport,100,0.03592524660768637,-0.3333333333333333,2
airport,100,0.22337399647872114,-0.5,3
airport,100,0.22337399647872114,-0.3333333333333333,2
airport,100,0.05010955345870127,-0.3333333333333333,2
airport,100,0.05853885744745513,-0.6666666666666666,4
airport,100,0.05853885744745513,-0.5,3
airport,100,0.03592524660768637,-0.5,3
airport,100,0.05010955345870127,-0.3333333333333333,2
airport,100,0.03592524660768637,-0.3333333333333333,2
airport,100,0.06016840572859605,-0.6666666666666666,4
airport,100,0.22337399647872114,-0.5,3
airport,100,0.0,-0.6666666666666666,4
airport,100,0.05010955345870127,-0.6666666666666666,4
airport,100,0.22337399647872114,-0.5,3
airport,100,0.22337399647872114,-0.3333333333333333,2
airport,100,0.03592524660768637,-0.3333333333333333,2
airport,100,0.03592524660768637,-0.3333333333333333,2
airport,100,0.03592524660768637,-0.6666666666666666,4
airport,100,0.05010955345870127,-0.3333333333333333,2
airport,100,0.013132038880604324,-0.5,3
airport,100,0.013132038880604324,-0.5,3
airport,100,0.03592524660768637,-0.16666666666666666,1
airport,100,0.22337399647872114,-0.3333333333333333,2
airport,100,0.05010955345870127,-0.5,3
airport,100,0.015768127809462573,-0.8333333333333334,5
airport,100,0.05010955345870127,-0.5,3
airport,100,0.05010955345870127,-0.3333333333333333,2
hospital,100,0.0,-0.9,9
hospital,100,0.26303652729247295,-0.6,6
hospital,100,0.21940735109689347,-0.7,7
hospital,100,0.2629936790618288,-0.5,5
hospital,100,0.21940735109689347,-0.6,6
hospital,100,0.26303652729247295,-0.6,6
hospital,100,0.385599188513301,-100.5,5
hospital,100,0.2902622119955647,-0.8,8
hospital,100,0.24315756576632586,-0.6,6
hospital,100,0.24175913958548945,-0.6,6
hospital,100,0.21940735109689347,-0.9,9
hospital,100,0.035544277937330504,-0.8,8
hospital,100,0.24175913958548945,-0.7,7
hospital,100,0.26303652729247295,-0.4,4
hospital,100,0.24175913958548945,-0.6,6
hospital,100,0.2902622119955647,-0.7,7
hospital,100,0.26303652729247295,-0.4,4
hospital,100,0.2629936790618288,-0.6,6
hospital,100,0.2629936790618288,-0.4,4
hospital,100,0.24175913958548945,-0.7,7
hospital,100,0.26303652729247295,-0.6,6
hospital,100,0.24175913958548945,-0.8,8
hospital,100,0.26303652729247295,-0.6,6
hospital,100,0.26303652729247295,-0.7,7
hospital,100,0.035544277937330504,-0.8,8
hospital,100,0.24175913958548945,-0.4,4
hospital,100,0.14051562447887778,-0.9,9
hospital,100,0.24175913958548945,-0.6,6
hospital,100,0.2629936790618288,-0.4,4
hospital,100,0.21945273335876703,-0.6,6
hospital,100,0.21945273335876703,-0.5,5
hospital,100,0.24175913958548945,-0.4,4
hospital,100,0.24175913958548945,-0.7,7
hospital,100,0.26303652729247295,-0.6,6
hospital,100,0.24315756576632586,-0.7,7
hospital,100,0.2629936790618288,-0.7,7
hospital,100,0.26303652729247295,-0.5,5
hospital,100,0.21940735109689347,-0.8,8
hospital,100,0.3592419527878562,-100.6,6
hospital,100,0.21940735109689347,-0.7,7
hospital,100,0.21940735109689347,-0.6,6
hospital,100,0.2629936790618288,-0.6,6
hospital,100,0.24175913958548945,-0.5,5
hospital,100,0.24175913958548945,-0.7,7
hospital,100,0.26303652729247295,-0.7,7
hospital,100,0.26303652729247295,-0.5,5
hospital,100,0.24175913958548945,-0.4,4
hospital,100,0.24175913958548945,-0.6,6
hospital,100,0.24175913958548945,-0.5,5
hospital,100,0.24175913958548945,-0.7,7
hospital,100,0.21940735109689347,-0.5,5
hospital,100,0.24175913958548945,-0.6,6
hospital,100,0.21940735109689347,-0.6,6
hospital,100,0.26303652729247295,-0.8,8
hospital,100,0.21945273335876703,-0.7,7
hospital,100,0.029167650999047168,-0.8,8
hospital,100,0.24315756576632586,-0.8,8
hospital,100,0.24175913958548945,-0.7,7
hospital,100,0.26303652729247295,-0.5,5
hospital,100,0.24315756576632586,-0.6,6
hospital,100,0.26303652729247295,-0.7,7
hospital,100,0.26303652729247295,-0.7,7
hospital,100,0.24315756576632586,-0.6,6
hospital,100,0.24315756576632586,-0.8,8
hospital,100,0.24315756576632586,-0.8,8
hospital,100,0.04096074580812714,-0.7,7
hospital,100,0.24175913958548945,-0.8,8
hospital,100,0.24175913958548945,-0.7,7
hospital,100,0.0,-0.9,9
hospital,100,0.24175913958548945,-0.8,8
hospital,100,0.24315756576632586,-0.6,6
hospital,100,0.21945273335876703,-0.6,6
hospital,100,0.24315756576632586,-0.8,8
hospital,100,0.46992211475481305,-100.6,6
hospital,100,0.21945273335876703,-0.7,7
hospital,100,0.24175913958548945,-0.4,4
hospital,100,0.2902622119955647,-0.8,8
hospital,100,0.2629936790618288,-0.5,5
hospital,100,0.14559895790530974,-0.8,8
hospital,100,0.26303652729247295,-0.4,4
hospital,100,0.26303652729247295,-0.4,4
hospital,100,0.24175913958548945,-0.8,8
hospital,100,0.24175913958548945,-0.4,4
hospital,100,0.26303652729247295,-0.4,4
hospital,100,0.24315756576632586,-0.7,7
hospital,100,0.24175913958548945,-0.6,6
hospital,100,0.24175913958548945,-0.7,7
hospital,100,0.24175913958548945,-0.7,7
hospital,100,0.2629936790618288,-0.8,8
hospital,100,0.21945273335876703,-0.6,6
hospital,100,0.24175913958548945,-0.6,6
hospital,100,0.029167650999047168,-0.8,8
hospital,100,0.24175913958548945,-0.3,3
hospital,100,0.26303652729247295,-0.8,8
hospital,100,0.21940735109689347,-0.6,6
hospital,100,0.21940735109689347,-0.7,7
hospital,100,0.24315756576632586,-0.9,9
hospital,100,0.2629936790618288,-0.5,5
hospital,100,0.24175913958548945,-0.7,7
hospital,100,0.24175913958548945,-0.5,5
adult,100,0.08197296501073537,-0.3333333333333333,4
adult,100,0.24797008397273035,-0.5833333333333334,7
adult,100,0.06309812667204373,-0.5,6
adult,100,0.12193063424116057,-0.5,6
adult,100,0.078595178850287,-0.6666666666666666,8
adult,100,0.07913972185099061,-0.4166666666666667,5
adult,100,0.05736802438628108,-0.6666666666666666,8
adult,100,0.0,-0.9166666666666666,11
adult,100,0.0004258560715968418,-0.8333333333333334,10
adult,100,0.2784724066582188,-0.5833333333333334,7
adult,100,0.0795744836249338,-0.5,6
adult,100,0.15398517401815737,-0.3333333333333333,4
adult,100,0.13346141606678164,-0.4166666666666667,5
adult,100,0.27676002154231283,-0.5833333333333334,7
adult,100,0.07960867680143258,-0.5,6
adult,100,0.12672254358640023,-0.5,6
adult,100,0.07913972185099061,-0.4166666666666667,5
adult,100,0.10702720365312512,-0.5833333333333334,7
adult,100,0.057626233991205256,-0.5833333333333334,7
adult,100,0.18886292899071455,-0.3333333333333333,4
adult,100,0.06186679412348017,-0.5,6
adult,100,0.0712854626843189,-0.6666666666666666,8
adult,100,0.017481653346723247,-0.5,6
adult,100,0.14868321304503707,-0.4166666666666667,5
adult,100,0.07101526341642339,-0.6666666666666666,8
adult,100,0.11856854217121648,-0.5833333333333334,7
adult,100,0.07129118921968924,-0.5833333333333334,7
adult,100,0.07111755185219637,-0.5833333333333334,7
adult,100,0.21836507959267193,-0.5833333333333334,7
adult,100,0.12672254358640023,-0.5,6
adult,100,0.17085424768265522,-0.3333333333333333,4
adult,100,0.07385994967747844,-0.5833333333333334,7
adult,100,0.0763952562744098,-0.5833333333333334,7
adult,100,0.2589491290654218,-0.5,6
adult,100,0.05951339548593937,-0.75,9
adult,100,0.004758983462765931,-0.75,9
adult,100,0.0931854466425972,-0.5,6
adult,100,0.054635175434495475,-0.8333333333333334,10
adult,100,0.19959302122615685,-0.4166666666666667,5
adult,100,0.07568757850743024,-0.6666666666666666,8
adult,100,0.08089777707595014,-0.3333333333333333,4
adult,100,0.09010807565150813,-0.5833333333333334,7
adult,100,0.07470802683816113,-0.4166666666666667,5
adult,100,0.13754217745055075,-0.5833333333333334,7
adult,100,0.25628917570674126,-0.5,6
adult,100,0.061251603619355666,-0.75,9
adult,100,0.06454354410478325,-0.75,9
adult,100,0.12672254358640023,-0.5833333333333334,7
adult,100,0.015026442545466923,-0.6666666666666666,8
adult,100,0.006707805661255728,-0.6666666666666666,8
adult,100,0.07035713434806612,-0.4166666666666667,5
adult,100,0.04759807076521794,-0.4166666666666667,5
adult,100,0.08089777707595014,-0.4166666666666667,5
adult,100,0.0768969134000288,-0.5,6
adult,100,0.12672254358640023,-0.5,6
adult,100,0.2602038864131443,-0.3333333333333333,4
adult,100,0.2218345146893813,-0.5,6
adult,100,0.07111755185219637,-0.6666666666666666,8
adult,100,0.2283606354012323,-0.5833333333333334,7
adult,100,0.2602038864131443,-0.4166666666666667,5
adult,100,0.054635175434495475,-0.6666666666666666,8
adult,100,0.12672254358640023,-0.5,6
adult,100,0.135682350389002,-0.4166666666666667,5
adult,100,0.11638866551517613,-0.5,6
adult,100,0.11614276988746786,-0.5,6
adult,100,0.004442982500378778,-0.5,6
adult,100,0.022662624511418872,-0.6666666666666666,8
adult,100,0.24956152897137107,-0.4166666666666667,5
adult,100,0.07112155424097788,-0.5833333333333334,7
adult,100,0.08089777707595014,-0.5,6
adult,100,0.12250505511270016,-0.4166666666666667,5
adult,100,0.021089799059135328,-0.75,9
adult,100,0.12672254358640023,-0.4166666666666667,5
adult,100,0.09007293516492854,-0.5,6
adult,100,0.152289551106487,-0.5833333333333334,7
adult,100,0.17085424768265522,-0.25,3
adult,100,0.17410152973725768,-0.5,6
adult,100,0.20331554478980718,-0.5,6
adult,100,0.03562409417642398,-0.75,9
adult,100,0.12419232889808185,-0.6666666666666666,8
adult,100,0.1473879481499505,-0.5,6
adult,100,0.11528717032436842,-0.6666666666666666,8
adult,100,0.21006949866701574,-0.5,6
adult,100,0.2218345146893813,-0.3333333333333333,4
adult,100,0.10731852988048574,-0.5833333333333334,7
adult,100,0.09822330773503263,-0.4166666666666667,5
adult,100,0.07913972185099061,-0.5,6
adult,100,0.07189198535771368,-0.5833333333333334,7
adult,100,0.13485162319842103,-0.5833333333333334,7
adult,100,0.2726821726489278,-0.25,3
adult,100,0.15662894254159787,-0.4166666666666667,5
adult,100,0.07129118921968924,-0.5833333333333334,7
adult,100,0.18926306955115868,-0.3333333333333333,4
adult,100,0.08131507825869722,-0.5833333333333334,7
adult,100,0.11174008934892732,-0.5833333333333334,7
adult,100,0.2619944952694371,-0.4166666666666667,5
adult,100,0.0931854466425972,-0.5833333333333334,7
adult,100,0.27676002154231283,-0.5833333333333334,7
adult,100,0.1349492663536822,-0.3333333333333333,4
adult,100,0.07197245885197745,-0.6666666666666666,8
flight,100,0.13818569520024426,-0.6153846153846154,8
flight,100,0.2455785165522859,-0.6153846153846154,8
flight,100,0.1689864093151694,-0.6153846153846154,8
flight,100,0.13514845205100667,-0.6153846153846154,8
flight,100,0.12744625720955838,-0.38461538461538464,5
flight,100,0.182879861262236,-0.6153846153846154,8
flight,100,0.08907123541814055,-0.6923076923076923,9
flight,100,0.1689864093151694,-0.46153846153846156,6
flight,100,0.14621142152444744,-0.5384615384615384,7
flight,100,0.1689864093151694,-0.5384615384615384,7
flight,100,0.14621142152444744,-0.5384615384615384,7
flight,100,0.14972638826141826,-0.6153846153846154,8
flight,100,0.08907123541814055,-0.8461538461538461,11
flight,100,0.08907123541814055,-0.7692307692307693,10
flight,100,0.17632192147614734,-0.46153846153846156,6
flight,100,0.09865586312224373,-0.6153846153846154,8
flight,100,0.11650065212924676,-0.5384615384615384,7
flight,100,0.2455785165522859,-0.5384615384615384,7
flight,100,0.18094116044347042,-0.6153846153846154,8
flight,100,0.2455785165522859,-0.6153846153846154,8
flight,100,0.17632192147614734,-0.5384615384615384,7
flight,100,0.1689864093151694,-0.46153846153846156,6
flight,100,0.18094116044347042,-0.5384615384615384,7
flight,100,0.23553045167227926,-0.6923076923076923,9
flight,100,0.13818569520024426,-0.6153846153846154,8
flight,100,0.13818569520024426,-0.6153846153846154,8
flight,100,0.1689864093151694,-0.6153846153846154,8
flight,100,0.24980936013667854,-0.6923076923076923,9
flight,100,0.18094116044347042,-0.3076923076923077,4
flight,100,0.17632192147614734,-0.46153846153846156,6
flight,100,0.13818569520024426,-0.46153846153846156,6
flight,100,0.14967373381862104,-0.5384615384615384,7
flight,100,0.1689864093151694,-0.46153846153846156,6
flight,100,0.2455785165522859,-0.5384615384615384,7
flight,100,0.13514845205100667,-0.5384615384615384,7
flight,100,0.2455785165522859,-0.5384615384615384,7
flight,100,0.2455785165522859,-0.5384615384615384,7
flight,100,0.13818569520024426,-0.6153846153846154,8
flight,100,0.17632192147614734,-0.23076923076923078,3
flight,100,0.14626212769916158,-0.5384615384615384,7
flight,100,0.06676625649827916,-0.7692307692307693,10
flight,100,0.1689864093151694,-0.38461538461538464,5
flight,100,0.2455785165522859,-0.46153846153846156,6
flight,100,0.18094116044347042,-0.5384615384615384,7
flight,100,0.23553045167227926,-0.6153846153846154,8
flight,100,0.2455785165522859,-0.5384615384615384,7
flight,100,0.9680567115073361,-100.46153846153847,6
flight,100,0.13860775127558567,-0.6923076923076923,9
flight,100,0.2455785165522859,-0.38461538461538464,5
flight,100,0.13818569520024426,-0.6153846153846154,8
flight,100,0.12744625720955838,-0.6153846153846154,8
flight,100,0.13818569520024426,-0.5384615384615384,7
flight,100,0.13514845205100667,-0.5384615384615384,7
flight,100,0.17632192147614734,-0.46153846153846156,6
flight,100,0.08907123541814055,-0.6923076923076923,9
flight,100,0.1222736628243225,-0.8461538461538461,11
flight,100,0.1689864093151694,-0.46153846153846156,6
flight,100,0.12744625720955838,-0.5384615384615384,7
flight,100,0.24980936013667854,-0.46153846153846156,6
flight,100,0.2455785165522859,-0.46153846153846156,6
flight,100,0.24980936013667854,-0.3076923076923077,4
flight,100,0.13818569520024426,-0.7692307692307693,10
flight,100,0.12744625720955838,-0.6153846153846154,8
flight,100,0.2455785165522859,-0.5384615384615384,7
flight,100,0.12744625720955838,-0.46153846153846156,6
flight,100,0.1386589090293462,-0.7692307692307693,10
flight,100,0.14972638826141826,-0.5384615384615384,7
flight,100,0.24980936013667854,-0.6153846153846154,8
flight,100,0.13514845205100667,-0.5384615384615384,7
flight,100,0.13514845205100667,-0.38461538461538464,5
flight,100,0.1386589090293462,-0.46153846153846156,6
flight,100,0.17632192147614734,-0.46153846153846156,6
flight,100,0.13860775127558567,-0.6923076923076923,9
flight,100,0.13818569520024426,-0.5384615384615384,7
flight,100,0.12744625720955838,-0.5384615384615384,7
flight,100,0.18094116044347042,-0.5384615384615384,7
flight,100,0.13860775127558567,-0.6153846153846154,8
flight,100,0.17632192147614734,-0.23076923076923078,3
flight,100,0.2455785165522859,-0.46153846153846156,6
flight,100,0.2455785165522859,-0.5384615384615384,7
flight,100,0.12744625720955838,-0.6153846153846154,8
flight,100,0.2455785165522859,-0.6153846153846154,8
flight,100,0.11650065212924676,-0.7692307692307693,10
flight,100,0.2455785165522859,-0.6153846153846154,8
flight,100,0.12227457575795886,-0.7692307692307693,10
flight,100,0.1689864093151694,-0.6923076923076923,9
flight,100,0.17632192147614734,-0.38461538461538464,5
flight,100,0.1689864093151694,-0.6153846153846154,8
flight,100,0.08907123541814055,-0.6923076923076923,9
flight,100,0.9680567115073361,-100.6923076923077,9
flight,100,0.14621142152444744,-0.6923076923076923,9
flight,100,0.8846850956852224,-100.38461538461539,5
flight,100,0.12744625720955838,-0.6153846153846154,8
flight,100,0.13818569520024426,-0.6153846153846154,8
flight,100,0.23553045167227926,-0.7692307692307693,10
flight,100,0.17632192147614734,-0.38461538461538464,5
flight,100,0.1222736628243225,-0.8461538461538461,11
flight,100,0.2455785165522859,-0.7692307692307693,10
flight,100,0.1222736628243225,-0.46153846153846156,6
flight,100,0.24980936013667854,-0.6153846153846154,8
tax,100,0.2290091161470067,-0.6666666666666666,2
tax,100,0.2290091161470067,-0.6666666666666666,2
tax,100,0.0,-1.0,3
tax,100,0.0,-1.0,3
tax,100,0.2290091161470067,-0.6666666666666666,2
tax,100,0.0,-1.0,3
tax,100,0.2290091161470067,-0.6666666666666666,2
tax,100,0.2290091161470067,-0.6666666666666666,2
tax,100,0.2290091161470067,-0.6666666666666666,2
tax,100,0.2290091161470067,-0.6666666666666666,2
tax,100,0.2290091161470067,-0.6666666666666666,2
tax,100,0.0,-1.0,3
tax,100,0.0,-1.0,3
tax,100,0.2290091161470067,-0.6666666666666666,2
tax,100,0.0,-1.0,3
tax,100,0.2290091161470067,-0.6666666666666666,2
tax,100,0.0,-1.0,3
tax,100,0.2290091161470067,-0.6666666666666666,2
tax,100,0.0,-1.0,3
tax,100,0.2290091161470067,-0.6666666666666666,2
tax,100,0.0,-1.0,3
tax,100,0.2290091161470067,-0.6666666666666666,2
tax,100,0.2290091161470067,-0.6666666666666666,2
tax,100,0.0,-1.0,3
tax,100,0.0,-1.0,3
tax,100,0.2290091161470067,-0.6666666666666666,2
tax,100,0.2290091161470067,-0.6666666666666666,2
tax,100,0.2290091161470067,-0.6666666666666666,2
tax,100,0.0,-1.0,3
tax,100,0.0,-1.0,3
tax,100,0.0,-1.0,3
tax,100,0.0,-1.0,3
tax,100,0.2290091161470067,-0.6666666666666666,2
tax,100,0.0,-1.0,3
tax,100,0.2290091161470067,-0.6666666666666666,2
tax,100,0.0,-1.0,3
tax,100,0.0,-1.0,3
tax,100,0.0,-1.0,3
tax,100,0.2290091161470067,-0.6666666666666666,2
tax,100,0.2290091161470067,-0.6666666666666666,2
tax,100,0.0,-1.0,3
tax,100,0.0,-1.0,3
tax,100,0.0,-1.0,3
tax,100,0.2290091161470067,-0.6666666666666666,2
tax,100,0.0,-1.0,3
tax,100,0.0,-1.0,3
tax,100,0.2290091161470067,-0.6666666666666666,2
tax,100,0.0,-1.0,3
tax,100,0.2290091161470067,-0.6666666666666666,2
tax,100,0.0,-1.0,3
tax,100,0.2290091161470067,-0.6666666666666666,2
tax,100,0.0,-1.0,3
tax,100,0.2290091161470067,-0.6666666666666666,2
tax,100,0.2290091161470067,-0.6666666666666666,2
tax,100,0.0,-1.0,3
tax,100,0.0,-1.0,3
tax,100,0.0,-1.0,3
tax,100,0.2290091161470067,-0.6666666666666666,2
tax,100,0.0,-1.0,3
tax,100,0.0,-1.0,3
tax,100,0.0,-1.0,3
tax,100,0.0,-1.0,3
tax,100,0.2290091161470067,-0.6666666666666666,2
tax,100,0.0,-1.0,3
tax,100,0.0,-1.0,3
tax,100,0.2290091161470067,-0.6666666666666666,2
tax,100,0.2290091161470067,-0.6666666666666666,2
tax,100,0.0,-1.0,3
tax,100,0.2290091161470067,-0.6666666666666666,2
tax,100,0.2290091161470067,-0.6666666666666666,2
tax,100,0.0,-1.0,3
tax,100,0.2290091161470067,-0.6666666666666666,2
tax,100,0.0,-1.0,3
tax,100,0.0,-1.0,3
tax,100,0.0,-1.0,3
tax,100,0.0,-1.0,3
tax,100,0.2290091161470067,-0.6666666666666666,2
tax,100,0.0,-1.0,3
tax,100,0.0,-1.0,3
tax,100,0.0,-1.0,3
tax,100,0.2290091161470067,-0.6666666666666666,2
tax,100,0.2290091161470067,-0.6666666666666666,2
tax,100,0.0,-1.0,3
tax,100,0.2290091161470067,-0.6666666666666666,2
tax,100,0.0,-1.0,3
tax,100,0.0,-1.0,3
tax,100,0.0,-1.0,3
tax,100,0.2290091161470067,-0.6666666666666666,2
tax,100,0.2290091161470067,-0.6666666666666666,2
tax,100,0.2290091161470067,-0.6666666666666666,2
tax,100,0.2290091161470067,-0.6666666666666666,2
tax,100,0.2290091161470067,-0.6666666666666666,2
tax,100,0.0,-1.0,3
tax,100,0.2290091161470067,-0.6666666666666666,2
tax,100,0.0,-1.0,3
tax,100,0.2290091161470067,-0.6666666666666666,2
tax,100,0.0,-1.0,3
tax,100,0.0,-1.0,3
tax,100,0.0,-1.0,3
tax,100,0.2290091161470067,-0.6666666666666666,2
