dataset,lambda,leakage,utility,mask_size
airport,100,0.05010955345870127,-0.5,3
airport,100,0.06016840572859605,-0.6666666666666666,4
airport,100,0.05853885744745513,-0.5,3
airport,100,0.22337399647872114,-0.3333333333333333,2
airport,100,0.22337399647872114,-0.3333333333333333,2
airport,100,0.22337399647872114,-0.16666666666666666,1
airport,100,0.008222647309668152,-0.5,3
airport,100,0.008222647309668152,-0.6666666666666666,4
airport,100,0.008222647309668152,-0.5,3
airport,100,0.05010955345870127,-0.6666666666666666,4
airport,100,0.0,-1.0,6
airport,100,0.05010955345870127,-0.3333333333333333,2
airport,100,0.05853885744745513,-0.6666666666666666,4
airport,100,0.03592524660768637,-0.3333333333333333,2
airport,100,0.03592524660768637,-0.3333333333333333,2
airport,100,0.05010955345870127,-0.3333333333333333,2
airport,100,0.22337399647872114,-0.16666666666666666,1
airport,100,0.009414806213275395,-0.6666666666666666,4
airport,100,0.03592524660768637,-0.3333333333333333,2
airport,100,0.0,-0.6666666666666666,4
airport,100,0.22337399647872114,-0.5,3
airport,100,0.008222647309668152,-0.6666666666666666,4
airport,100,0.0,-1.0,6
airport,100,0.009414806213275395,-0.5,3
airport,100,0.013132038880604324,-0.6666666666666666,4
airport,100,0.05010955345870127,-0.5,3
airport,100,0.03592524660768637,-0.3333333333333333,2
airport,100,0.03592524660768637,-0.16666666666666666,1
airport,100,0.0,-1.0,6
airport,100,0.03592524660768637,-0.6666666666666666,4
airport,100,0.22337399647872114,-0.3333333333333333,2
airport,100,0.0,-1.0,6
airport,100,0.05010955345870127,-0.3333333333333333,2
airport,100,0.22337399647872114,-0.16666666666666666,1
airport,100,0.22337399647872114,-0.16666666666666666,1
airport,100,0.051126318247808444,-0.6666666666666666,4
airport,100,0.22337399647872114,-0.3333333333333333,2
airport,100,0.22337399647872114,-0.3333333333333333,2
airport,100,0.03592524660768637,-0.6666666666666666,4
airport,100,0.22337399647872114,-0.3333333333333333,2
airport,100,0.05853885744745513,-0.5,3
airport,100,0.013132038880604324,-0.5,3
airport,100,0.03592524660768637,-0.5,3
airport,100,0.03592524660768637,-0.5,3
airport,100,0.22337399647872114,-0.3333333333333333,2
airport,100,0.03592524660768637,-0.3333333333333333,2
airport,100,0.05010955345870127,-0.6666666666666666,4
airport,100,0.009414806213275395,-0.3333333333333333,2
airport,100,0.05010955345870127,-0.6666666666666666,4
airport,100,0.05010955345870127,-0.6666666666666666,4
airport,100,0.009414806213275395,-0.3333333333333333,2
airport,100,0.03592524660768637,-0.3333333333333333,2
airport,100,0.03592524660768637,-0.6666666666666666,4
airport,100,0.03592524660768637,-0.3333333333333333,2
airport,100,0.03592524660768637,-0.3333333333333333,2
airport,100,0.05010955345870127,-0.6666666666666666,4
airport,100,0.03592524660768637,-0.3333333333333333,2
airport,100,0.03592524660768637,-0.5,3
airport,100,0.05010955345870127,-0.5,3
airport,100,0.013132038880604324,-0.6666666666666666,4
airport,100,0.013132038880604324,-0.5,3
airport,100,0.22337399647872114,-0.16666666666666666,1
airport,100,0.22337399647872114,-0.3333333333333333,2
airport,100,0.013132038880604324,-0.5,3
airport,100,0.03592524660768637,-0.5,3
airport,100,0.05010955345870127,-0.3333333333333333,2
airport,100,0.05010955345870127,-0.6666666666666666,4
airport,100,0.05010955345870127,-0.3333333333333333,2
airport,100,0.013132038880604324,-0.6666666666666666,4
airport,100,0.03592524660768637,-0.3333333333333333,2
airport,100,0.22337399647872114,-0.5,3
airport,100,0.22337399647872114,-0.5,3
airport,100,0.22337399647872114,-0.6666666666666666,4
airport,100,0.03592524660768637,-0.3333333333333333,2
airport,100,0.03592524660768637,-0.16666666666666666,1
airport,100,0.22337399647872114,-0.3333333333333333,2
airport,100,0.0,-1.0,6
airport,100,0.22337399647872114,-0.5,3
airport,100,0.008222647309668152,-0.5,3
airport,100,0.015768127809462573,-0.6666666666666666,4
airport,100,0.05010955345870127,-0.5,3
airport,100,0.0,-0.6666666666666666,4
airport,100,0.05010955345870127,-0.5,3
airport,100,0.22337399647872114,-0.16666666666666666,1
airport,100,0.03592524660768637,-0.3333333333333333,2
airport,100,0.03592524660768637,-0.5,3
airport,100,0.008222647309668152,-0.6666666666666666,4
airport,100,0.013132038880604324,-0.5,3
airport,100,0.05010955345870127,-0.6666666666666666,4
airport,100,0.03592524660768637,-0.6666666666666666,4
airport,100,0.015768127809462573,-0.6666666666666666,4
airport,100,0.05010955345870127,-0.5,3
airport,100,0.0,-1.0,6
airport,100,0.22337399647872114,-0.6666666666666666,4
airport,100,0.22337399647872114,-0.16666666666666666,1
airport,100,0.22337399647872114,-0.16666666666666666,1
airport,100,0.22337399647872114,-0.3333333333333333,2
airport,100,0.05010955345870127,-0.5,3
airport,100,0.03592524660768637,-0.3333333333333333,2
airport,100,0.05010955345870127,-0.6666666666666666,4
hospital,100,0.2629936790618288,-0.7,7
hospital,100,0.5053837288882768,-0.5,5
hospital,100,0.5053837288882768,-0.4,4
hospital,100,0.26303652729247295,-0.5,5
hospital,100,0.5626500316767806,-0.4,4
hospital,100,0.5053837288882768,-0.6,6
hospital,100,0.5468475106079831,-0.5,5
hospital,100,0.3592419527878562,-0.5,5
hospital,100,0.385599188513301,-0.8,8
hospital,100,0.26303652729247295,-0.7,7
hospital,100,0.5468475106079831,-0.7,7
hospital,100,0.46992211475481305,-0.4,4
hospital,100,0.42850099142022324,-0.5,5
hospital,100,0.6090400455538584,-0.3,3
hospital,100,0.2902622119955647,-0.7,7
hospital,100,0.385599188513301,-0.4,4
hospital,100,0.42850099142022324,-0.5,5
hospital,100,0.14073231983438927,-0.8,8
hospital,100,0.24175913958548945,-0.6,6
hospital,100,0.6623992294064142,-0.2,2
hospital,100,0.26303652729247295,-0.6,6
hospital,100,0.6005002201919581,-0.4,4
hospital,100,0.41469597047666695,-0.5,5
hospital,100,0.41469597047666695,-0.6,6
hospital,100,0.6090400455538584,-0.4,4
hospital,100,0.24175913958548945,-0.5,5
hospital,100,0.5468475106079831,-0.6,6
hospital,100,0.46992211475481305,-0.5,5
hospital,100,0.46992211475481305,-0.2,2
hospital,100,0.46992211475481305,-0.6,6
hospital,100,0.44440927545847886,-0.7,7
hospital,100,0.42853421735144903,-0.3,3
hospital,100,0.5053837288882768,-0.5,5
hospital,100,0.44440927545847886,-0.7,7
hospital,100,0.6623992294064142,-0.5,5
hospital,100,0.5053837288882768,-0.3,3
hospital,100,0.6005002201919581,-0.6,6
hospital,100,0.5468475106079831,-0.5,5
hospital,100,0.46992211475481305,-0.4,4
hospital,100,0.46992211475481305,-0.4,4
hospital,100,0.5626500316767806,-0.1,1
hospital,100,0.385599188513301,-0.5,5
hospital,100,0.41469597047666695,-0.4,4
hospital,100,0.5053837288882768,-0.4,4
hospital,100,0.21940735109689347,-0.8,8
hospital,100,0.21945273335876703,-0.5,5
hospital,100,0.26303652729247295,-0.8,8
hospital,100,0.385599188513301,-0.5,5
hospital,100,0.385599188513301,-0.6,6
hospital,100,0.5468475106079831,-0.3,3
hospital,100,0.6090400455538584,-0.5,5
hospital,100,0.4824620342632009,-0.7,7
hospital,100,0.42853421735144903,-0.8,8
hospital,100,0.5468475106079831,-0.5,5
hospital,100,0.2629936790618288,-0.6,6
hospital,100,0.4824620342632009,-0.4,4
hospital,100,0.46992211475481305,-0.5,5
hospital,100,0.3166049127277152,-0.7,7
hospital,100,0.6005002201919581,-0.4,4
hospital,100,0.6005002201919581,-0.3,3
hospital,100,0.5468475106079831,-0.4,4
hospital,100,0.3592419527878562,-0.4,4
hospital,100,0.3166049127277152,-0.7,7
hospital,100,0.6090400455538584,-0.2,2
hospital,100,0.5053837288882768,-0.3,3
hospital,100,0.4824620342632009,-0.5,5
hospital,100,0.6623992294064142,-0.3,3
hospital,100,0.3592419527878562,-0.5,5
hospital,100,0.41469597047666695,-0.5,5
hospital,100,0.41469597047666695,-0.5,5
hospital,100,0.385599188513301,-0.7,7
hospital,100,0.4824620342632009,-0.7,7
hospital,100,0.6090400455538584,-0.3,3
hospital,100,0.5626500316767806,-0.4,4
hospital,100,0.6005002201919581,-0.5,5
hospital,100,0.46992211475481305,-0.5,5
hospital,100,0.24175913958548945,-0.6,6
hospital,100,0.385599188513301,-0.5,5
hospital,100,0.6005002201919581,-0.6,6
hospital,100,0.3592419527878562,-0.4,4
hospital,100,0.46992211475481305,-0.6,6
hospital,100,0.5626500316767806,-0.5,5
hospital,100,0.3592419527878562,-0.5,5
hospital,100,0.5626500316767806,-0.5,5
hospital,100,0.2629936790618288,-0.7,7
hospital,100,0.24175913958548945,-0.4,4
hospital,100,0.5468475106079831,-0.4,4
hospital,100,0.5053837288882768,-0.4,4
hospital,100,0.46992211475481305,-0.6,6
hospital,100,0.44440927545847886,-0.8,8
hospital,100,0.46992211475481305,-0.4,4
hospital,100,0.5053837288882768,-0.6,6
hospital,100,0.5626500316767806,-0.4,4
hospital,100,0.5468475106079831,-0.5,5
hospital,100,0.46992211475481305,-0.5,5
hospital,100,0.5626500316767806,-0.5,5
hospital,100,0.5626500316767806,-0.5,5
hospital,100,0.385599188513301,-0.6,6
hospital,100,0.46992211475481305,-0.8,8
hospital,100,0.5206608604337979,-0.5,5
adult,100,0.3101932208205598,-0.5833333333333334,7
adult,100,0.08197296501073537,-0.5,6
adult,100,0.061251603619355666,-0.8333333333333334,10
adult,100,0.06186679412348017,-0.6666666666666666,8
adult,100,0.1878313247026666,-0.5,6
adult,100,0.07112155424097788,-0.75,9
adult,100,0.0931854466425972,-0.5,6
adult,100,0.38036283589466935,-0.3333333333333333,4
adult,100,0.19959302122615685,-0.3333333333333333,4
adult,100,0.0795744836249338,-0.4166666666666667,5
adult,100,0.3841446984469006,-0.4166666666666667,5
adult,100,0.0708885909457414,-0.5833333333333334,7
adult,100,0.02323175207937922,-0.6666666666666666,8
adult,100,0.3873413505738017,-0.3333333333333333,4
adult,100,0.07788132858584484,-0.5833333333333334,7
adult,100,0.0039926715069840135,-0.5833333333333334,7
adult,100,0.059793046128316374,-0.5833333333333334,7
adult,100,0.11810326379252833,-0.3333333333333333,4
adult,100,0.06118897003490542,-0.6666666666666666,8
adult,100,0.395391227220634,-0.5,6
adult,100,0.09007293516492854,-0.3333333333333333,4
adult,100,0.10151647481381032,-0.5,6
adult,100,0.3498739105566476,-0.4166666666666667,5
adult,100,0.07568757850743024,-0.4166666666666667,5
adult,100,0.11174008934892732,-0.5833333333333334,7
adult,100,0.2218345146893813,-0.4166666666666667,5
adult,100,0.0005815040247212355,-0.6666666666666666,8
adult,100,0.0032165142876398045,-0.75,9
adult,100,0.0,-0.9166666666666666,11
adult,100,0.35087209708162914,-0.5,6
adult,100,0.19959302122615685,-0.3333333333333333,4
adult,100,0.12672254358640023,-0.4166666666666667,5
adult,100,0.016678704474620276,-0.75,9
adult,100,0.2589491290654218,-0.4166666666666667,5
adult,100,0.07129118921968924,-0.5833333333333334,7
adult,100,0.08250153475825817,-0.5,6
adult,100,0.48390655849303243,-0.25,3
adult,100,0.395391227220634,-0.5,6
adult,100,0.15519851324930045,-0.3333333333333333,4
adult,100,0.35555839104562026,-0.5,6
adult,100,0.07470802683816113,-0.6666666666666666,8
adult,100,0.19959302122615685,-0.4166666666666667,5
adult,100,0.31112096706829984,-0.5833333333333334,7
adult,100,0.135682350389002,-0.4166666666666667,5
adult,100,0.45200691109182567,-0.3333333333333333,4
adult,100,0.20331554478980718,-0.5,6
adult,100,0.06485300277393968,-0.5833333333333334,7
adult,100,0.40940983353048355,-0.4166666666666667,5
adult,100,0.24922035180079538,-0.5,6
adult,100,0.20687236220212257,-0.5833333333333334,7
adult,100,0.3503480940774988,-0.5,6
adult,100,0.2218345146893813,-0.3333333333333333,4
adult,100,0.06119989535412795,-0.5833333333333334,7
adult,100,0.17085424768265522,-0.5,6
adult,100,0.05950934307945688,-0.75,9
adult,100,0.19082965561052068,-0.4166666666666667,5
adult,100,0.48415089399415345,-0.25,3
adult,100,0.12006099382548652,-0.4166666666666667,5
adult,100,0.396029780856501,-0.3333333333333333,4
adult,100,0.08798662050327732,-0.5,6
adult,100,0.11174008934892732,-0.3333333333333333,4
adult,100,0.395391227220634,-0.5,6
adult,100,0.4522663489285055,-0.5,6
adult,100,0.22077437718297643,-0.5833333333333334,7
adult,100,0.11174008934892732,-0.5,6
adult,100,0.0012759391462174863,-0.8333333333333334,10
adult,100,0.0,-0.75,9
adult,100,0.13643657187382352,-0.5833333333333334,7
adult,100,0.3498739105566476,-0.3333333333333333,4
adult,100,0.15768484969254226,-0.6666666666666666,8
adult,100,0.08898291563852445,-0.5,6
adult,100,0.024683879641559492,-0.75,9
adult,100,0.06499279188062379,-0.5833333333333334,7
adult,100,0.10580446591983905,-0.6666666666666666,8
adult,100,0.40940983353048355,-0.5,6
adult,100,0.26705947660928453,-0.25,3
adult,100,0.2632106059361412,-0.5,6
adult,100,0.07638974902252749,-0.6666666666666666,8
adult,100,0.3809409882415038,-0.4166666666666667,5
adult,100,0.3876575545157147,-0.08333333333333333,1
adult,100,0.2726821726489278,-0.4166666666666667,5
adult,100,0.36960830881915396,-0.4166666666666667,5
adult,100,0.13754217745055075,-0.4166666666666667,5
adult,100,0.060474366498108556,-0.5833333333333334,7
adult,100,0.006509409802406441,-0.6666666666666666,8
adult,100,0.32542961625578326,-0.25,3
adult,100,0.12486866579692091,-0.4166666666666667,5
adult,100,0.26221932193872965,-0.4166666666666667,5
adult,100,0.26705947660928453,-0.3333333333333333,4
adult,100,0.2194035398363463,-0.5,6
adult,100,0.2726821726489278,-0.25,3
adult,100,0.12672254358640023,-0.5,6
adult,100,0.004442982500378778,-0.6666666666666666,8
adult,100,0.3306439061431553,-0.5,6
adult,100,0.048668481585149026,-0.5833333333333334,7
adult,100,0.48415089399415345,-0.25,3
adult,100,0.2064123786088291,-0.6666666666666666,8
adult,100,0.0593446672320167,-0.8333333333333334,10
adult,100,0.061605725886201945,-0.6666666666666666,8
adult,100,0.20036608478191653,-0.3333333333333333,4
flight,100,0.12227457575795886,-0.7692307692307693,10
flight,100,0.9680567115073361,-100.53846153846153,7
flight,100,0.17632192147614734,-0.38461538461538464,5
flight,100,0.9680567115073361,-100.61538461538461,8
flight,100,0.18094116044347042,-0.46153846153846156,6
flight,100,0.9826408586840785,-100.3076923076923,4
flight,100,0.11960338386169278,-0.7692307692307693,10
flight,100,0.9394896498108463,-100.3076923076923,4
flight,100,0.24980936013667854,-0.5384615384615384,7
flight,100,0.9826408586840785,-100.53846153846153,7
flight,100,0.9680567115073361,-100.46153846153847,6
flight,100,0.14621142152444744,-0.5384615384615384,7
flight,100,0.9680567115073361,-100.53846153846153,7
flight,100,0.8846850956852224,-100.6923076923077,9
flight,100,0.13514845205100667,-0.5384615384615384,7
flight,100,0.9826408586840785,-100.23076923076923,3
flight,100,0.9394896498108463,-100.46153846153847,6
flight,100,0.17632192147614734,-0.3076923076923077,4
flight,100,0.8846850956852224,-100.6923076923077,9
flight,100,0.13818569520024426,-0.6153846153846154,8
flight,100,0.9826408586840785,-100.46153846153847,6
flight,100,0.8846850956852224,-100.46153846153847,6
flight,100,0.11650065212924676,-0.6923076923076923,9
flight,100,0.9826408586840785,-100.53846153846153,7
flight,100,0.8846850956852224,-100.38461538461539,5
flight,100,0.9826408586840785,-100.53846153846153,7
flight,100,0.8846850956852224,-100.6923076923077,9
flight,100,0.2455785165522859,-0.5384615384615384,7
flight,100,0.8846850956852224,-100.38461538461539,5
flight,100,0.11960338386169278,-0.6923076923076923,9
flight,100,0.9680567115073361,-100.38461538461539,5
flight,100,0.9394896498108463,-100.23076923076923,3
flight,100,0.18094116044347042,-0.46153846153846156,6
flight,100,0.8846850956852224,-100.46153846153847,6
flight,100,0.9680567115073361,-100.84615384615384,11
flight,100,0.8846850956852224,-100.3076923076923,4
flight,100,0.14626212769916158,-0.6153846153846154,8
flight,100,0.9680567115073361,-100.76923076923077,10
flight,100,0.8846850956852224,-100.53846153846153,7
flight,100,0.8846850956852224,-100.61538461538461,8
flight,100,0.9680567115073361,-100.38461538461539,5
flight,100,0.8846850956852224,-100.61538461538461,8
flight,100,0.8846850956852224,-100.38461538461539,5
flight,100,0.8846850956852224,-100.53846153846153,7
flight,100,0.9680567115073361,-100.53846153846153,7
flight,100,0.9394896498108463,-100.53846153846153,7
flight,100,0.17632192147614734,-0.46153846153846156,6
flight,100,0.13818569520024426,-0.5384615384615384,7
flight,100,0.9398289956970705,-100.53846153846153,7
flight,100,0.9826408586840785,-100.61538461538461,8
flight,100,0.9680567115073361,-100.38461538461539,5
flight,100,0.13860775127558567,-0.6923076923076923,9
flight,100,0.9394896498108463,-100.46153846153847,6
flight,100,0.13514845205100667,-0.5384615384615384,7
flight,100,0.9826408586840785,-100.3076923076923,4
flight,100,0.9680567115073361,-100.53846153846153,7
flight,100,0.9680567115073361,-100.46153846153847,6
flight,100,0.17364678630049102,-0.46153846153846156,6
flight,100,0.8846850956852224,-100.76923076923077,10
flight,100,0.9826408586840785,-100.53846153846153,7
flight,100,0.9826408586840785,-100.46153846153847,6
flight,100,0.9826408586840785,-100.61538461538461,8
flight,100,0.9398289956970705,-100.53846153846153,7
flight,100,0.9394896498108463,-100.46153846153847,6
flight,100,0.9680567115073361,-100.38461538461539,5
flight,100,0.1689864093151694,-0.38461538461538464,5
flight,100,0.9398289956970705,-100.46153846153847,6
flight,100,0.12744625720955838,-0.6153846153846154,8
flight,100,0.9394896498108463,-100.38461538461539,5
flight,100,0.8846850956852224,-100.38461538461539,5
flight,100,0.8846850956852224,-100.38461538461539,5
flight,100,0.24980936013667854,-0.6923076923076923,9
flight,100,0.9398289956970705,-100.53846153846153,7
flight,100,0.9826408586840785,-100.3076923076923,4
flight,100,0.13818569520024426,-0.38461538461538464,5
flight,100,0.8846850956852224,-100.61538461538461,8
flight,100,0.2455785165522859,-0.38461538461538464,5
flight,100,0.1222736628243225,-0.46153846153846156,6
flight,100,0.9394896498108463,-100.53846153846153,7
flight,100,0.8846850956852224,-100.53846153846153,7
flight,100,0.8846850956852224,-100.38461538461539,5
flight,100,0.13514845205100667,-0.5384615384615384,7
flight,100,0.9826408586840785,-100.46153846153847,6
flight,100,0.9826408586840785,-100.61538461538461,8
flight,100,0.9826408586840785,-100.38461538461539,5
flight,100,0.13818569520024426,-0.6153846153846154,8
flight,100,0.1689864093151694,-0.5384615384615384,7
flight,100,0.8846850956852224,-100.46153846153847,6
flight,100,0.9398289956970705,-100.38461538461539,5
flight,100,0.8846850956852224,-100.46153846153847,6
flight,100,0.11650065212924676,-0.6153846153846154,8
flight,100,0.9826408586840785,-100.15384615384616,2
flight,100,0.9394896498108463,-100.46153846153847,6
flight,100,0.9680567115073361,-100.53846153846153,7
flight,100,0.9394896498108463,-100.61538461538461,8
flight,100,0.1222736628243225,-0.7692307692307693,10
flight,100,0.8846850956852224,-100.53846153846153,7
flight,100,0.18094116044347042,-0.46153846153846156,6
flight,100,0.24980936013667854,-0.6153846153846154,8
flight,100,0.9826408586840785,-100.46153846153847,6
tax,100,0.5548418449270073,-0.3333333333333333,1
tax,100,0.2290091161470067,-0.6666666666666666,2
tax,100,0.5548418449270073,-0.6666666666666666,2
tax,100,0.3057912208405609,-0.3333333333333333,1
tax,100,0.3057912208405609,-0.6666666666666666,2
tax,100,0.5548418449270073,-0.6666666666666666,2
tax,100,0.2290091161470067,-0.6666666666666666,2
tax,100,0.3057912208405609,-0.3333333333333333,1
tax,100,0.5548418449270073,-0.6666666666666666,2
tax,100,0.0,-1.0,3
tax,100,0.3057912208405609,-0.6666666666666666,2
tax,100,0.5548418449270073,-0.6666666666666666,2
tax,100,0.0,-1.0,3
tax,100,0.3057912208405609,-0.6666666666666666,2
tax,100,0.5548418449270073,-0.6666666666666666,2
tax,100,0.2290091161470067,-0.6666666666666666,2
tax,100,0.0,-1.0,3
tax,100,0.2290091161470067,-0.6666666666666666,2
tax,100,0.3057912208405609,-0.3333333333333333,1
tax,100,0.5548418449270073,-0.3333333333333333,1
tax,100,0.2290091161470067,-0.6666666666666666,2
tax,100,0.5548418449270073,-0.6666666666666666,2
tax,100,0.5548418449270073,-0.3333333333333333,1
tax,100,0.2290091161470067,-0.6666666666666666,2
tax,100,0.0,-1.0,3
tax,100,0.5548418449270073,-0.6666666666666666,2
tax,100,0.3057912208405609,-0.6666666666666666,2
tax,100,0.0,-1.0,3
tax,100,0.5548418449270073,-0.3333333333333333,1
tax,100,0.5548418449270073,-0.3333333333333333,1
tax,100,0.5548418449270073,-0.6666666666666666,2
tax,100,0.2290091161470067,-0.6666666666666666,2
tax,100,0.3057912208405609,-0.3333333333333333,1
tax,100,0.5548418449270073,-0.6666666666666666,2
tax,100,0.5548418449270073,-0.6666666666666666,2
tax,100,0.3057912208405609,-0.3333333333333333,1
tax,100,0.5548418449270073,-0.0,0
tax,100,0.5548418449270073,-0.0,0
tax,100,0.0,-1.0,3
tax,100,0.5548418449270073,-0.3333333333333333,1
tax,100,0.5548418449270073,-0.3333333333333333,1
tax,100,0.5548418449270073,-0.3333333333333333,1
tax,100,0.5548418449270073,-0.6666666666666666,2
tax,100,0.5548418449270073,-0.0,0
tax,100,0.3057912208405609,-0.3333333333333333,1
tax,100,0.3057912208405609,-0.6666666666666666,2
tax,100,0.5548418449270073,-0.3333333333333333,1
tax,100,0.5548418449270073,-0.0,0
tax,100,0.0,-1.0,3
tax,100,0.5548418449270073,-0.0,0
tax,100,0.2290091161470067,-0.6666666666666666,2
tax,100,0.0,-1.0,3
tax,100,0.5548418449270073,-0.3333333333333333,1
tax,100,0.5548418449270073,-0.6666666666666666,2
tax,100,0.5548418449270073,-0.6666666666666666,2
tax,100,0.3057912208405609,-0.3333333333333333,1
tax,100,0.2290091161470067,-0.6666666666666666,2
tax,100,0.3057912208405609,-0.6666666666666666,2
tax,100,0.5548418449270073,-0.6666666666666666,2
tax,100,0.5548418449270073,-0.3333333333333333,1
tax,100,0.0,-1.0,3
tax,100,0.5548418449270073,-0.0,0
tax,100,0.2290091161470067,-0.6666666666666666,2
tax,100,0.5548418449270073,-0.3333333333333333,1
tax,100,0.5548418449270073,-0.0,0
tax,100,0.5548418449270073,-0.0,0
tax,100,0.3057912208405609,-0.3333333333333333,1
tax,100,0.3057912208405609,-0.3333333333333333,1
tax,100,0.0,-1.0,3
tax,100,0.5548418449270073,-0.6666666666666666,2
tax,100,0.5548418449270073,-0.0,0
tax,100,0.2290091161470067,-0.6666666666666666,2
tax,100,0.5548418449270073,-0.3333333333333333,1
tax,100,0.5548418449270073,-0.6666666666666666,2
tax,100,0.2290091161470067,-0.6666666666666666,2
tax,100,0.3057912208405609,-0.6666666666666666,2
tax,100,0.0,-1.0,3
tax,100,0.5548418449270073,-0.6666666666666666,2
tax,100,0.5548418449270073,-0.3333333333333333,1
tax,100,0.5548418449270073,-0.0,0
tax,100,0.5548418449270073,-0.3333333333333333,1
tax,100,0.5548418449270073,-0.3333333333333333,1
tax,100,0.5548418449270073,-0.3333333333333333,1
tax,100,0.5548418449270073,-0.3333333333333333,1
tax,100,0.2290091161470067,-0.6666666666666666,2
tax,100,0.0,-1.0,3
tax,100,0.5548418449270073,-0.3333333333333333,1
tax,100,0.3057912208405609,-0.3333333333333333,1
tax,100,0.0,-1.0,3
tax,100,0.5548418449270073,-0.6666666666666666,2
tax,100,0.3057912208405609,-0.3333333333333333,1
tax,100,0.3057912208405609,-0.6666666666666666,2
tax,100,0.3057912208405609,-0.3333333333333333,1
tax,100,0.0,-1.0,3
tax,100,0.3057912208405609,-0.3333333333333333,1
tax,100,0.5548418449270073,-0.3333333333333333,1
tax,100,0.5548418449270073,-0.3333333333333333,1
tax,100,0.5548418449270073,-0.0,0
tax,100,0.5548418449270073,-0.6666666666666666,2
tax,100,0.3057912208405609,-0.3333333333333333,1
