dataset,lambda,leakage,utility,mask_size
airport,1000,0.03592524660768637,-0.5,3
airport,1000,0.22337399647872114,-0.5,3
airport,1000,0.05010955345870127,-0.3333333333333333,2
airport,1000,0.008222647309668152,-0.6666666666666666,4
airport,1000,0.003306804705818678,-0.8333333333333334,5
airport,1000,0.03592524660768637,-0.16666666666666666,1
airport,1000,0.03592524660768637,-0.5,3
airport,1000,0.03592524660768637,-0.5,3
airport,1000,0.22337399647872114,-0.3333333333333333,2
airport,1000,0.05010955345870127,-0.3333333333333333,2
airport,1000,0.05010955345870127,-0.3333333333333333,2
airport,1000,0.22337399647872114,-0.3333333333333333,2
airport,1000,0.03592524660768637,-0.3333333333333333,2
airport,1000,0.0008907266304110095,-0.8333333333333334,5
airport,1000,0.03592524660768637,-0.5,3
airport,1000,0.0,-1.0,6
airport,1000,0.008222647309668152,-0.6666666666666666,4
airport,1000,0.013132038880604324,-0.5,3
airport,1000,0.22337399647872114,-0.5,3
airport,1000,0.22337399647872114,-0.5,3
airport,1000,0.03592524660768637,-0.3333333333333333,2
airport,1000,0.008222647309668152,-0.6666666666666666,4
airport,1000,0.22337399647872114,-0.3333333333333333,2
airport,1000,0.03592524660768637,-0.5,3
airport,1000,0.0008907266304110095,-0.8333333333333334,5
airport,1000,0.051126318247808444,-0.6666666666666666,4
airport,1000,0.03592524660768637,-0.3333333333333333,2
airport,1000,0.015768127809462573,-0.8333333333333334,5
airport,1000,0.009414806213275395,-0.5,3
airport,1000,0.03592524660768637,-0.6666666666666666,4
airport,1000,0.22337399647872114,-0.3333333333333333,2
airport,1000,0.22337399647872114,-0.3333333333333333,2
airport,1000,0.22337399647872114,-0.3333333333333333,2
airport,1000,0.015768127809462573,-0.8333333333333334,5
airport,1000,0.03592524660768637,-0.3333333333333333,2
airport,1000,0.009414806213275395,-0.6666666666666666,4
airport,1000,0.013132038880604324,-0.5,3
airport,1000,0.015768127809462573,-0.6666666666666666,4
airport,1000,0.05010955345870127,-0.5,3
airport,1000,0.22337399647872114,-0.3333333333333333,2
airport,1000,0.06016840572859605,-0.6666666666666666,4
airport,1000,0.03592524660768637,-0.3333333333333333,2
airport,1000,0.03592524660768637,-0.16666666666666666,1
airport,1000,0.015768127809462573,-0.6666666666666666,4
airport,1000,0.05010955345870127,-0.5,3
airport,1000,0.009414806213275395,-0.6666666666666666,4
airport,1000,0.22337399647872114,-0.6666666666666666,4
airport,1000,0.22337399647872114,-0.3333333333333333,2
airport,1000,0.06016840572859605,-0.6666666666666666,4
airport,1000,0.05010955345870127,-0.5,3
airport,1000,0.22337399647872114,-0.3333333333333333,2
airport,1000,0.22337399647872114,-0.5,3
airport,1000,0.22337399647872114,-0.0,0
airport,1000,0.009414806213275395,-0.6666666666666666,4
airport,1000,0.03592524660768637,-0.6666666666666666,4
airport,1000,0.03592524660768637,-0.6666666666666666,4
airport,1000,0.05010955345870127,-0.6666666666666666,4
airport,1000,0.03592524660768637,-0.3333333333333333,2
airport,1000,0.22337399647872114,-0.16666666666666666,1
airport,1000,0.03592524660768637,-0.5,3
airport,1000,0.03592524660768637,-0.5,3
airport,1000,0.22337399647872114,-0.3333333333333333,2
airport,1000,0.22337399647872114,-0.16666666666666666,1
airport,1000,0.03592524660768637,-0.3333333333333333,2
airport,1000,0.015768127809462573,-0.6666666666666666,4
airport,1000,0.015768127809462573,-0.8333333333333334,5
airport,1000,0.051126318247808444,-0.6666666666666666,4
airport,1000,0.0,-1.0,6
airport,1000,0.0,-0.6666666666666666,4
airport,1000,0.013132038880604324,-0.5,3
airport,1000,0.008222647309668152,-0.6666666666666666,4
airport,1000,0.003306804705818678,-0.6666666666666666,4
airport,1000,0.22337399647872114,-0.3333333333333333,2
airport,1000,0.05853885744745513,-0.6666666666666666,4
airport,1000,0.0,-0.6666666666666666,4
airport,1000,0.015768127809462573,-0.8333333333333334,5
airport,1000,0.03592524660768637,-0.3333333333333333,2
airport,1000,0.008222647309668152,-0.5,3
airport,1000,0.03592524660768637,-0.5,3
airport,1000,0.051126318247808444,-0.6666666666666666,4
airport,1000,0.05010955345870127,-0.3333333333333333,2
airport,1000,0.013132038880604324,-0.5,3
airport,1000,0.0,-0.8333333333333334,5
airport,1000,0.03592524660768637,-0.6666666666666666,4
airport,1000,0.0,-0.6666666666666666,4
airport,1000,0.05010955345870127,-0.5,3
airport,1000,0.015768127809462573,-0.8333333333333334,5
airport,1000,0.05010955345870127,-0.5,3
airport,1000,0.03592524660768637,-0.6666666666666666,4
airport,1000,0.05010955345870127,-0.6666666666666666,4
airport,1000,0.05853885744745513,-0.5,3
airport,1000,0.05010955345870127,-0.5,3
airport,1000,0.03592524660768637,-0.16666666666666666,1
airport,1000,0.05853885744745513,-0.6666666666666666,4
airport,1000,0.0,-0.8333333333333334,5
airport,1000,0.03592524660768637,-0.3333333333333333,2
airport,1000,0.0008907266304110095,-0.8333333333333334,5
airport,1000,0.22337399647872114,-0.3333333333333333,2
airport,1000,0.03592524660768637,-0.3333333333333333,2
airport,1000,0.22337399647872114,-0.3333333333333333,2
hospital,1000,0.5626500316767806,-0.4,4
hospital,1000,0.6090400455538584,-0.5,5
hospital,1000,0.24175913958548945,-0.5,5
hospital,1000,0.5069358955522029,-0.5,5
hospital,1000,0.42853421735144903,-0.6,6
hospital,1000,0.14051562447887778,-0.9,9
hospital,1000,0.3592419527878562,-0.4,4
hospital,1000,0.3592419527878562,-0.4,4
hospital,1000,0.4824620342632009,-0.6,6
hospital,1000,0.44440927545847886,-0.7,7
hospital,1000,0.5626500316767806,-0.4,4
hospital,1000,0.6623992294064142,-0.1,1
hospital,1000,0.42853421735144903,-0.7,7
hospital,1000,0.6005002201919581,-0.3,3
hospital,1000,0.4824620342632009,-0.7,7
hospital,1000,0.42850099142022324,-0.8,8
hospital,1000,0.44440927545847886,-0.8,8
hospital,1000,0.385599188513301,-0.5,5
hospital,1000,0.5468475106079831,-0.4,4
hospital,1000,0.5468475106079831,-0.6,6
hospital,1000,0.5053837288882768,-0.5,5
hospital,1000,0.3592419527878562,-0.5,5
hospital,1000,0.3592419527878562,-0.7,7
hospital,1000,0.5626500316767806,-0.3,3
hospital,1000,0.5053837288882768,-0.3,3
hospital,1000,0.6005002201919581,-0.4,4
hospital,1000,0.3592419527878562,-0.6,6
hospital,1000,0.5053837288882768,-0.4,4
hospital,1000,0.42853421735144903,-0.6,6
hospital,1000,0.5053837288882768,-0.2,2
hospital,1000,0.3592419527878562,-0.3,3
hospital,1000,0.21940735109689347,-0.7,7
hospital,1000,0.5053837288882768,-0.4,4
hospital,1000,0.4824620342632009,-0.4,4
hospital,1000,0.5069645614182471,-0.5,5
hospital,1000,0.24175913958548945,-0.6,6
hospital,1000,0.24175913958548945,-0.5,5
hospital,1000,0.6090400455538584,-0.3,3
hospital,1000,0.6005002201919581,-0.2,2
hospital,1000,0.3592419527878562,-0.8,8
hospital,1000,0.029167650999047168,-0.8,8
hospital,1000,0.2629936790618288,-0.6,6
hospital,1000,0.42850099142022324,-0.7,7
hospital,1000,0.5468475106079831,-0.6,6
hospital,1000,0.6623992294064142,-0.1,1
hospital,1000,0.6623992294064142,-0.5,5
hospital,1000,0.5069645614182471,-0.5,5
hospital,1000,0.6090400455538584,-0.3,3
hospital,1000,0.5053837288882768,-0.3,3
hospital,1000,0.24175913958548945,-0.6,6
hospital,1000,0.6090400455538584,-0.3,3
hospital,1000,0.46992211475481305,-0.5,5
hospital,1000,0.6090400455538584,-0.6,6
hospital,1000,0.24315756576632586,-0.6,6
hospital,1000,0.5626500316767806,-0.3,3
hospital,1000,0.46992211475481305,-0.5,5
hospital,1000,0.385599188513301,-0.7,7
hospital,1000,0.3592419527878562,-0.3,3
hospital,1000,0.385599188513301,-0.6,6
hospital,1000,0.6623992294064142,-0.3,3
hospital,1000,0.6623992294064142,-0.2,2
hospital,1000,0.3592419527878562,-0.6,6
hospital,1000,0.2902622119955647,-0.7,7
hospital,1000,0.46992211475481305,-0.5,5
hospital,1000,0.4824620342632009,-0.7,7
hospital,1000,0.21940735109689347,-0.7,7
hospital,1000,0.5069645614182471,-0.6,6
hospital,1000,0.2629936790618288,-0.5,5
hospital,1000,0.5053837288882768,-0.5,5
hospital,1000,0.42853421735144903,-0.6,6
hospital,1000,0.0,-0.9,9
hospital,1000,0.44440927545847886,-0.7,7
hospital,1000,0.6090400455538584,-0.3,3
hospital,1000,0.2629936790618288,-0.6,6
hospital,1000,0.6090400455538584,-0.3,3
hospital,1000,0.21945273335876703,-0.6,6
hospital,1000,0.46992211475481305,-0.6,6
hospital,1000,0.5626500316767806,-0.4,4
hospital,1000,0.41469597047666695,-0.5,5
hospital,1000,0.3592419527878562,-0.5,5
hospital,1000,0.5053837288882768,-0.4,4
hospital,1000,0.5626500316767806,-0.3,3
hospital,1000,0.6623992294064142,-0.3,3
hospital,1000,0.5468475106079831,-0.5,5
hospital,1000,0.5468475106079831,-0.5,5
hospital,1000,0.24175913958548945,-0.5,5
hospital,1000,0.26303652729247295,-0.5,5
hospital,1000,0.26303652729247295,-0.4,4
hospital,1000,0.24315756576632586,-0.7,7
hospital,1000,0.41469597047666695,-0.5,5
hospital,1000,0.3592419527878562,-0.5,5
hospital,1000,0.5206608604337979,-0.5,5
hospital,1000,0.5053837288882768,-0.2,2
hospital,1000,0.5468475106079831,-0.8,8
hospital,1000,0.42850099142022324,-0.6,6
hospital,1000,0.46992211475481305,-0.5,5
hospital,1000,0.6090400455538584,-0.4,4
hospital,1000,0.42853421735144903,-0.5,5
hospital,1000,0.42853421735144903,-0.5,5
hospital,1000,0.3166049127277152,-0.7,7
adult,1000,0.078595178850287,-0.5833333333333334,7
adult,1000,0.2589491290654218,-0.5833333333333334,7
adult,1000,0.07839617199656113,-0.75,9
adult,1000,0.017654601290326366,-0.5833333333333334,7
adult,1000,0.07913972185099061,-0.4166666666666667,5
adult,1000,0.11023352473050418,-0.6666666666666666,8
adult,1000,0.3119786284626722,-0.4166666666666667,5
adult,1000,0.07522653229073395,-0.6666666666666666,8
adult,1000,0.08831357824388719,-0.5833333333333334,7
adult,1000,0.48390655849303243,-0.3333333333333333,4
adult,1000,0.04151578753791463,-0.6666666666666666,8
adult,1000,0.31734091648323215,-0.4166666666666667,5
adult,1000,0.48415089399415345,-0.4166666666666667,5
adult,1000,0.08567112101477592,-0.5833333333333334,7
adult,1000,0.31622004290945926,-0.3333333333333333,4
adult,1000,0.378659399572999,-0.3333333333333333,4
adult,1000,0.1472143671002205,-0.5833333333333334,7
adult,1000,0.07385994967747844,-0.4166666666666667,5
adult,1000,0.3841446984469006,-0.25,3
adult,1000,0.48415089399415345,-0.3333333333333333,4
adult,1000,0.060538304650532004,-0.6666666666666666,8
adult,1000,0.11023352473050418,-0.5833333333333334,7
adult,1000,0.1302267998309552,-0.75,9
adult,1000,0.1878313247026666,-0.4166666666666667,5
adult,1000,0.35228600966314305,-0.4166666666666667,5
adult,1000,0.3157255653536597,-0.5833333333333334,7
adult,1000,0.49122554744404323,-0.25,3
adult,1000,0.35802046232383233,-0.4166666666666667,5
adult,1000,0.15662894254159787,-0.4166666666666667,5
adult,1000,0.0885185724517844,-0.5,6
adult,1000,0.057685338454133706,-0.5833333333333334,7
adult,1000,0.0763952562744098,-0.4166666666666667,5
adult,1000,0.3104229597877465,-0.5833333333333334,7
adult,1000,0.26221932193872965,-0.3333333333333333,4
adult,1000,0.3506064661365269,-0.5,6
adult,1000,0.07653332000389557,-0.5833333333333334,7
adult,1000,0.1878313247026666,-0.4166666666666667,5
adult,1000,0.26705947660928453,-0.25,3
adult,1000,0.06261849723086343,-0.4166666666666667,5
adult,1000,0.093219863408044,-0.6666666666666666,8
adult,1000,0.08089777707595014,-0.3333333333333333,4
adult,1000,0.21485300132090768,-0.5,6
adult,1000,0.12193063424116057,-0.5833333333333334,7
adult,1000,0.1849593761582825,-0.4166666666666667,5
adult,1000,0.010021246092574043,-0.6666666666666666,8
adult,1000,0.22804468123560273,-0.4166666666666667,5
adult,1000,0.2619944952694371,-0.3333333333333333,4
adult,1000,0.0005103395793203402,-0.8333333333333334,10
adult,1000,0.4406388896832574,-0.4166666666666667,5
adult,1000,0.13754217745055075,-0.5,6
adult,1000,0.35869848485078126,-0.5833333333333334,7
adult,1000,0.135682350389002,-0.3333333333333333,4
adult,1000,0.03623795515436157,-0.4166666666666667,5
adult,1000,0.20331554478980718,-0.5833333333333334,7
adult,1000,0.378659399572999,-0.25,3
adult,1000,0.2194035398363463,-0.5,6
adult,1000,0.11638866551517613,-0.4166666666666667,5
adult,1000,0.36827548533646537,-0.5,6
adult,1000,0.07035713434806612,-0.5,6
adult,1000,0.31734091648323215,-0.4166666666666667,5
adult,1000,0.06485300277393968,-0.75,9
adult,1000,0.024880791561768256,-0.6666666666666666,8
adult,1000,0.3876575545157147,-0.25,3
adult,1000,0.09974922321856228,-0.5,6
adult,1000,0.054635175434495475,-0.5833333333333334,7
adult,1000,0.443789132193782,-0.3333333333333333,4
adult,1000,0.36960830881915396,-0.3333333333333333,4
adult,1000,0.12250505511270016,-0.4166666666666667,5
adult,1000,0.11856854217121648,-0.4166666666666667,5
adult,1000,0.49122554744404323,-0.25,3
adult,1000,0.11979225375001512,-0.5833333333333334,7
adult,1000,0.023303103552495874,-0.4166666666666667,5
adult,1000,0.05993629295207481,-0.75,9
adult,1000,0.06624554427377594,-0.5833333333333334,7
adult,1000,0.2726821726489278,-0.4166666666666667,5
adult,1000,0.08089777707595014,-0.5,6
adult,1000,0.06262911097429602,-0.6666666666666666,8
adult,1000,0.24924343118795222,-0.5,6
adult,1000,0.15716993784339994,-0.6666666666666666,8
adult,1000,0.4406388896832574,-0.4166666666666667,5
adult,1000,0.08001092297759482,-0.5,6
adult,1000,0.24901897357142533,-0.4166666666666667,5
adult,1000,0.11174008934892732,-0.5833333333333334,7
adult,1000,0.07452758384010849,-0.6666666666666666,8
adult,1000,0.11638866551517613,-0.5,6
adult,1000,0.06020936494552109,-0.75,9
adult,1000,0.396029780856501,-0.16666666666666666,2
adult,1000,0.06536092908965718,-0.5,6
adult,1000,0.1878313247026666,-0.5,6
adult,1000,0.05530905176353318,-0.5833333333333334,7
adult,1000,0.3157255653536597,-0.5833333333333334,7
adult,1000,0.011962043135152367,-0.75,9
adult,1000,0.3292287010688275,-0.5,6
adult,1000,0.443789132193782,-0.3333333333333333,4
adult,1000,0.08652035751356757,-0.5,6
adult,1000,0.07101526341642339,-0.5,6
adult,1000,0.1878313247026666,-0.5833333333333334,7
adult,1000,0.2770560369701348,-0.5,6
adult,1000,0.3520786728624248,-0.4166666666666667,5
adult,1000,0.06282431842349268,-0.5833333333333334,7
flight,1000,0.12744625720955838,-0.6153846153846154,8
flight,1000,0.8846850956852224,-1000.6153846153846,8
flight,1000,0.9826408586840785,-1000.3846153846154,5
flight,1000,0.8846850956852224,-1000.5384615384615,7
flight,1000,0.9826408586840785,-1000.6153846153846,8
flight,1000,0.8846850956852224,-1000.5384615384615,7
flight,1000,0.24980936013667854,-0.46153846153846156,6
flight,1000,0.17632192147614734,-0.38461538461538464,5
flight,1000,0.8846850956852224,-1000.6923076923077,9
flight,1000,0.9680567115073361,-1000.6923076923077,9
flight,1000,0.8846850956852224,-1000.6923076923077,9
flight,1000,0.9826408586840785,-1000.6153846153846,8
flight,1000,0.9398289956970705,-1000.4615384615385,6
flight,1000,0.9680567115073361,-1000.3846153846154,5
flight,1000,0.9826408586840785,-1000.3076923076923,4
flight,1000,0.9826408586840785,-1000.4615384615385,6
flight,1000,0.8846850956852224,-1000.5384615384615,7
flight,1000,0.13514845205100667,-0.38461538461538464,5
flight,1000,0.13818569520024426,-0.46153846153846156,6
flight,1000,0.9398289956970705,-1000.5384615384615,7
flight,1000,0.9826408586840785,-1000.3846153846154,5
flight,1000,0.18094116044347042,-0.3076923076923077,4
flight,1000,0.1689864093151694,-0.6153846153846154,8
flight,1000,0.9826408586840785,-1000.4615384615385,6
flight,1000,0.9826408586840785,-1000.3846153846154,5
flight,1000,0.17632192147614734,-0.5384615384615384,7
flight,1000,0.12744625720955838,-0.6923076923076923,9
flight,1000,0.1689864093151694,-0.5384615384615384,7
flight,1000,0.9826408586840785,-1000.3846153846154,5
flight,1000,0.9680567115073361,-1000.3846153846154,5
flight,1000,0.18094116044347042,-0.5384615384615384,7
flight,1000,0.9826408586840785,-1000.3846153846154,5
flight,1000,0.18094116044347042,-0.38461538461538464,5
flight,1000,0.14621142152444744,-0.6153846153846154,8
flight,1000,0.8846850956852224,-1000.5384615384615,7
flight,1000,0.8846850956852224,-1000.3846153846154,5
flight,1000,0.9394896498108463,-1000.6153846153846,8
flight,1000,0.9394896498108463,-1000.4615384615385,6
flight,1000,0.9680567115073361,-1000.5384615384615,7
flight,1000,0.8846850956852224,-1000.5384615384615,7
flight,1000,0.9394896498108463,-1000.3076923076923,4
flight,1000,0.9680567115073361,-1000.4615384615385,6
flight,1000,0.9394896498108463,-1000.3846153846154,5
flight,1000,0.24980936013667854,-0.6153846153846154,8
flight,1000,0.9826408586840785,-1000.6153846153846,8
flight,1000,0.13818569520024426,-0.6153846153846154,8
flight,1000,0.9826408586840785,-1000.4615384615385,6
flight,1000,0.09230933208724879,-0.8461538461538461,11
flight,1000,0.9394896498108463,-1000.5384615384615,7
flight,1000,0.8846850956852224,-1000.4615384615385,6
flight,1000,0.8846850956852224,-1000.4615384615385,6
flight,1000,0.9680567115073361,-1000.5384615384615,7
flight,1000,0.2455785165522859,-0.6153846153846154,8
flight,1000,0.1689864093151694,-0.3076923076923077,4
flight,1000,0.9826408586840785,-1000.3846153846154,5
flight,1000,0.9680567115073361,-1000.4615384615385,6
flight,1000,0.8846850956852224,-1000.6153846153846,8
flight,1000,0.12744625720955838,-0.46153846153846156,6
flight,1000,0.17632192147614734,-0.5384615384615384,7
flight,1000,0.23553045167227926,-0.5384615384615384,7
flight,1000,0.8846850956852224,-1000.6923076923077,9
flight,1000,0.9394896498108463,-1000.3076923076923,4
flight,1000,0.9826408586840785,-1000.3846153846154,5
flight,1000,0.8846850956852224,-1000.6153846153846,8
flight,1000,0.8846850956852224,-1000.5384615384615,7
flight,1000,0.17632192147614734,-0.38461538461538464,5
flight,1000,0.8846850956852224,-1000.6923076923077,9
flight,1000,0.12744625720955838,-0.7692307692307693,10
flight,1000,0.8846850956852224,-1000.3846153846154,5
flight,1000,0.8846850956852224,-1000.5384615384615,7
flight,1000,0.9394896498108463,-1000.6153846153846,8
flight,1000,0.9826408586840785,-1000.2307692307693,3
flight,1000,0.9826408586840785,-1000.3846153846154,5
flight,1000,0.9394896498108463,-1000.4615384615385,6
flight,1000,0.8846850956852224,-1000.7692307692307,10
flight,1000,0.8846850956852224,-1000.4615384615385,6
flight,1000,0.2455785165522859,-0.6153846153846154,8
flight,1000,0.14621142152444744,-0.6923076923076923,9
flight,1000,0.9680567115073361,-1000.5384615384615,7
flight,1000,0.13818569520024426,-0.5384615384615384,7
flight,1000,0.13860775127558567,-0.6153846153846154,8
flight,1000,0.12744625720955838,-0.6153846153846154,8
flight,1000,0.9826408586840785,-1000.2307692307693,3
flight,1000,0.2455785165522859,-0.6923076923076923,9
flight,1000,0.9394896498108463,-1000.5384615384615,7
flight,1000,0.8846850956852224,-1000.6923076923077,9
flight,1000,0.8846850956852224,-1000.6153846153846,8
flight,1000,0.9680567115073361,-1000.5384615384615,7
flight,1000,0.2455785165522859,-0.6153846153846154,8
flight,1000,0.9826408586840785,-1000.5384615384615,7
flight,1000,0.8846850956852224,-1000.2307692307693,3
flight,1000,0.1689864093151694,-0.5384615384615384,7
flight,1000,0.9826408586840785,-1000.4615384615385,6
flight,1000,0.9826408586840785,-1000.5384615384615,7
flight,1000,0.9826408586840785,-1000.3846153846154,5
flight,1000,0.9680567115073361,-1000.3846153846154,5
flight,1000,0.8846850956852224,-1000.6153846153846,8
flight,1000,0.12744625720955838,-0.46153846153846156,6
flight,1000,0.9680567115073361,-1000.6153846153846,8
flight,1000,0.9680567115073361,-1000.6153846153846,8
tax,1000,0.5548418449270073,-0.3333333333333333,1
tax,1000,0.2290091161470067,-0.6666666666666666,2
tax,1000,0.5548418449270073,-0.3333333333333333,1
tax,1000,0.5548418449270073,-0.3333333333333333,1
tax,1000,0.0,-1.0,3
tax,1000,0.5548418449270073,-0.3333333333333333,1
tax,1000,0.3057912208405609,-0.6666666666666666,2
tax,1000,0.3057912208405609,-0.6666666666666666,2
tax,1000,0.3057912208405609,-0.6666666666666666,2
tax,1000,0.3057912208405609,-0.6666666666666666,2
tax,1000,0.2290091161470067,-0.6666666666666666,2
tax,1000,0.3057912208405609,-0.3333333333333333,1
tax,1000,0.2290091161470067,-0.6666666666666666,2
tax,1000,0.3057912208405609,-0.3333333333333333,1
tax,1000,0.2290091161470067,-0.6666666666666666,2
tax,1000,0.2290091161470067,-0.6666666666666666,2
tax,1000,0.5548418449270073,-0.3333333333333333,1
tax,1000,0.0,-1.0,3
tax,1000,0.2290091161470067,-0.6666666666666666,2
tax,1000,0.3057912208405609,-0.6666666666666666,2
tax,1000,0.3057912208405609,-0.6666666666666666,2
tax,1000,0.3057912208405609,-0.6666666666666666,2
tax,1000,0.5548418449270073,-0.0,0
tax,1000,0.5548418449270073,-0.3333333333333333,1
tax,1000,0.2290091161470067,-0.6666666666666666,2
tax,1000,0.5548418449270073,-0.6666666666666666,2
tax,1000,0.0,-1.0,3
tax,1000,0.5548418449270073,-0.3333333333333333,1
tax,1000,0.3057912208405609,-0.3333333333333333,1
tax,1000,0.5548418449270073,-0.6666666666666666,2
tax,1000,0.5548418449270073,-0.0,0
tax,1000,0.3057912208405609,-0.3333333333333333,1
tax,1000,0.5548418449270073,-0.3333333333333333,1
tax,1000,0.0,-1.0,3
tax,1000,0.5548418449270073,-0.0,0
tax,1000,0.5548418449270073,-0.3333333333333333,1
tax,1000,0.0,-1.0,3
tax,1000,0.2290091161470067,-0.6666666666666666,2
tax,1000,0.3057912208405609,-0.6666666666666666,2
tax,1000,0.3057912208405609,-0.6666666666666666,2
tax,1000,0.3057912208405609,-0.3333333333333333,1
tax,1000,0.5548418449270073,-0.0,0
tax,1000,0.0,-1.0,3
tax,1000,0.0,-1.0,3
tax,1000,0.3057912208405609,-0.3333333333333333,1
tax,1000,0.5548418449270073,-0.3333333333333333,1
tax,1000,0.0,-1.0,3
tax,1000,0.0,-1.0,3
tax,1000,0.3057912208405609,-0.3333333333333333,1
tax,1000,0.5548418449270073,-0.3333333333333333,1
tax,1000,0.5548418449270073,-0.3333333333333333,1
tax,1000,0.3057912208405609,-0.3333333333333333,1
tax,1000,0.0,-1.0,3
tax,1000,0.5548418449270073,-0.3333333333333333,1
tax,1000,0.5548418449270073,-0.3333333333333333,1
tax,1000,0.3057912208405609,-0.6666666666666666,2
tax,1000,0.2290091161470067,-0.6666666666666666,2
tax,1000,0.2290091161470067,-0.6666666666666666,2
tax,1000,0.5548418449270073,-0.3333333333333333,1
tax,1000,0.0,-1.0,3
tax,1000,0.2290091161470067,-0.6666666666666666,2
tax,1000,0.3057912208405609,-0.3333333333333333,1
tax,1000,0.3057912208405609,-0.3333333333333333,1
tax,1000,0.5548418449270073,-0.6666666666666666,2
tax,1000,0.5548418449270073,-0.0,0
tax,1000,0.0,-1.0,3
tax,1000,0.3057912208405609,-0.6666666666666666,2
tax,1000,0.0,-1.0,3
tax,1000,0.0,-1.0,3
tax,1000,0.5548418449270073,-0.0,0
tax,1000,0.2290091161470067,-0.6666666666666666,2
tax,1000,0.5548418449270073,-0.3333333333333333,1
tax,1000,0.5548418449270073,-0.3333333333333333,1
tax,1000,0.3057912208405609,-0.3333333333333333,1
tax,1000,0.3057912208405609,-0.3333333333333333,1
tax,1000,0.5548418449270073,-0.6666666666666666,2
tax,1000,0.5548418449270073,-0.3333333333333333,1
tax,1000,0.0,-1.0,3
tax,1000,0.2290091161470067,-0.6666666666666666,2
tax,1000,0.0,-1.0,3
tax,1000,0.3057912208405609,-0.6666666666666666,2
tax,1000,0.5548418449270073,-0.0,0
tax,1000,0.5548418449270073,-0.0,0
tax,1000,0.5548418449270073,-0.3333333333333333,1
tax,1000,0.3057912208405609,-0.3333333333333333,1
tax,1000,0.5548418449270073,-0.3333333333333333,1
tax,1000,0.5548418449270073,-0.3333333333333333,1
tax,1000,0.0,-1.0,3
tax,1000,0.2290091161470067,-0.6666666666666666,2
tax,1000,0.2290091161470067,-0.6666666666666666,2
tax,1000,0.3057912208405609,-0.6666666666666666,2
tax,1000,0.0,-1.0,3
tax,1000,0.2290091161470067,-0.6666666666666666,2
tax,1000,0.5548418449270073,-0.6666666666666666,2
tax,1000,0.5548418449270073,-0.3333333333333333,1
tax,1000,0.5548418449270073,-0.6666666666666666,2
tax,1000,0.5548418449270073,-0.3333333333333333,1
tax,1000,0.3057912208405609,-0.3333333333333333,1
tax,1000,0.5548418449270073,-0.3333333333333333,1
tax,1000,0.5548418449270073,-0.6666666666666666,2
