dataset,lambda,leakage,utility,mask_size
airport,1,0.05010955345870127,-0.5,3
airport,1,0.03592524660768637,-0.3333333333333333,2
airport,1,0.05010955345870127,-0.5,3
airport,1,0.015768127809462573,-0.8333333333333334,5
airport,1,0.015768127809462573,-0.8333333333333334,5
airport,1,0.0,-0.8333333333333334,5
airport,1,0.05853885744745513,-0.5,3
airport,1,0.03592524660768637,-0.3333333333333333,2
airport,1,0.05010955345870127,-0.5,3
airport,1,0.008222647309668152,-0.6666666666666666,4
airport,1,0.013132038880604324,-0.6666666666666666,4
airport,1,0.03592524660768637,-0.3333333333333333,2
airport,1,0.22337399647872114,-0.16666666666666666,1
airport,1,0.05853885744745513,-0.5,3
airport,1,0.03592524660768637,-0.5,3
airport,1,0.22337399647872114,-0.16666666666666666,1
airport,1,0.03592524660768637,-0.5,3
airport,1,0.22337399647872114,-0.3333333333333333,2
airport,1,0.03592524660768637,-0.16666666666666666,1
airport,1,0.03592524660768637,-0.5,3
airport,1,0.013132038880604324,-0.5,3
airport,1,0.22337399647872114,-0.3333333333333333,2
airport,1,0.03592524660768637,-0.16666666666666666,1
airport,1,0.05010955345870127,-0.3333333333333333,2
airport,1,0.03592524660768637,-0.5,3
airport,1,0.03592524660768637,-0.3333333333333333,2
airport,1,0.03592524660768637,-0.3333333333333333,2
airport,1,0.05010955345870127,-0.5,3
airport,1,0.05010955345870127,-0.5,3
airport,1,0.03592524660768637,-0.5,3
airport,1,0.03592524660768637,-0.16666666666666666,1
airport,1,0.015768127809462573,-0.8333333333333334,5
airport,1,0.05010955345870127,-0.6666666666666666,4
airport,1,0.015768127809462573,-0.8333333333333334,5
airport,1,0.03592524660768637,-0.3333333333333333,2
airport,1,0.05010955345870127,-0.5,3
airport,1,0.22337399647872114,-0.0,0
airport,1,0.009414806213275395,-0.5,3
airport,1,0.008222647309668152,-0.5,3
airport,1,0.22337399647872114,-0.3333333333333333,2
airport,1,0.03592524660768637,-0.3333333333333333,2
airport,1,0.22337399647872114,-0.3333333333333333,2
airport,1,0.051126318247808444,-0.6666666666666666,4
airport,1,0.22337399647872114,-0.3333333333333333,2
airport,1,0.015768127809462573,-0.6666666666666666,4
airport,1,0.015768127809462573,-0.6666666666666666,4
airport,1,0.03592524660768637,-0.5,3
airport,1,0.22337399647872114,-0.3333333333333333,2
airport,1,0.22337399647872114,-0.3333333333333333,2
airport,1,0.05010955345870127,-0.6666666666666666,4
airport,1,0.009414806213275395,-0.3333333333333333,2
airport,1,0.06016840572859605,-0.6666666666666666,4
airport,1,0.03592524660768637,-0.3333333333333333,2
airport,1,0.03592524660768637,-0.3333333333333333,2
airport,1,0.03592524660768637,-0.5,3
airport,1,0.03592524660768637,-0.6666666666666666,4
airport,1,0.03592524660768637,-0.16666666666666666,1
airport,1,0.051126318247808444,-0.6666666666666666,4
airport,1,0.003609042830710618,-0.8333333333333334,5
airport,1,0.05010955345870127,-0.3333333333333333,2
airport,1,0.009414806213275395,-0.6666666666666666,4
airport,1,0.03592524660768637,-0.5,3
airport,1,0.05010955345870127,-0.6666666666666666,4
airport,1,0.03592524660768637,-0.5,3
airport,1,0.22337399647872114,-0.3333333333333333,2
airport,1,0.22337399647872114,-0.16666666666666666,1
airport,1,0.05853885744745513,-0.5,3
airport,1,0.03592524660768637,-0.16666666666666666,1
airport,1,0.009414806213275395,-0.6666666666666666,4
airport,1,0.05010955345870127,-0.5,3
airport,1,0.22337399647872114,-0.16666666666666666,1
airport,1,0.03592524660768637,-0.6666666666666666,4
airport,1,0.22337399647872114,-0.5,3
airport,1,0.05010955345870127,-0.5,3
airport,1,0.003609042830710618,-0.8333333333333334,5
airport,1,0.03592524660768637,-0.5,3
airport,1,0.05010955345870127,-0.5,3
airport,1,0.008222647309668152,-0.6666666666666666,4
airport,1,0.03592524660768637,-0.5,3
airport,1,0.051126318247808444,-0.5,3
airport,1,0.22337399647872114,-0.3333333333333333,2
airport,1,0.03592524660768637,-0.3333333333333333,2
airport,1,0.0,-0.6666666666666666,4
airport,1,0.22337399647872114,-0.5,3
airport,1,0.22337399647872114,-0.16666666666666666,1
airport,1,0.013132038880604324,-0.5,3
airport,1,0.22337399647872114,-0.3333333333333333,2
airport,1,0.03592524660768637,-0.5,3
airport,1,0.051126318247808444,-0.5,3
airport,1,0.05010955345870127,-0.6666666666666666,4
airport,1,0.03592524660768637,-0.5,3
airport,1,0.22337399647872114,-0.16666666666666666,1
airport,1,0.05010955345870127,-0.5,3
airport,1,0.05010955345870127,-0.3333333333333333,2
airport,1,0.009414806213275395,-0.6666666666666666,4
airport,1,0.22337399647872114,-0.5,3
airport,1,0.05010955345870127,-0.5,3
airport,1,0.03592524660768637,-0.3333333333333333,2
airport,1,0.03592524660768637,-0.3333333333333333,2
airport,1,0.05853885744745513,-0.5,3
hospital,1,0.4824620342632009,-0.3,3
hospital,1,0.385599188513301,-0.5,5
hospital,1,0.4824620342632009,-0.5,5
hospital,1,0.4824620342632009,-0.5,5
hospital,1,0.5468475106079831,-0.7,7
hospital,1,0.21940735109689347,-0.6,6
hospital,1,0.4824620342632009,-0.5,5
hospital,1,0.6005002201919581,-0.3,3
hospital,1,0.46992211475481305,-0.5,5
hospital,1,0.4824620342632009,-0.2,2
hospital,1,0.5206608604337979,-0.7,7
hospital,1,0.5053837288882768,-0.2,2
hospital,1,0.24175913958548945,-0.9,9
hospital,1,0.2629936790618288,-0.6,6
hospital,1,0.42853421735144903,-0.4,4
hospital,1,0.42853421735144903,-0.4,4
hospital,1,0.41469597047666695,-0.7,7
hospital,1,0.5053837288882768,-0.5,5
hospital,1,0.4824620342632009,-0.6,6
hospital,1,0.24315756576632586,-0.7,7
hospital,1,0.5468475106079831,-0.5,5
hospital,1,0.41469597047666695,-0.7,7
hospital,1,0.44440927545847886,-0.8,8
hospital,1,0.24175913958548945,-0.5,5
hospital,1,0.6623992294064142,-0.4,4
hospital,1,0.2902622119955647,-0.8,8
hospital,1,0.6005002201919581,-0.3,3
hospital,1,0.5053837288882768,-0.6,6
hospital,1,0.5206608604337979,-0.6,6
hospital,1,0.46992211475481305,-0.6,6
hospital,1,0.6005002201919581,-0.3,3
hospital,1,0.24175913958548945,-0.5,5
hospital,1,0.42853421735144903,-0.5,5
hospital,1,0.5053837288882768,-0.6,6
hospital,1,0.5069645614182471,-0.4,4
hospital,1,0.21945273335876703,-0.7,7
hospital,1,0.385599188513301,-0.6,6
hospital,1,0.6623992294064142,-0.3,3
hospital,1,0.4824620342632009,-0.3,3
hospital,1,0.4824620342632009,-0.3,3
hospital,1,0.42853421735144903,-0.5,5
hospital,1,0.24175913958548945,-0.7,7
hospital,1,0.46992211475481305,-0.4,4
hospital,1,0.6623992294064142,-0.2,2
hospital,1,0.6623992294064142,-0.4,4
hospital,1,0.41469597047666695,-0.4,4
hospital,1,0.42853421735144903,-0.6,6
hospital,1,0.24175913958548945,-0.7,7
hospital,1,0.385599188513301,-0.6,6
hospital,1,0.5069358955522029,-0.5,5
hospital,1,0.6005002201919581,-0.5,5
hospital,1,0.5069358955522029,-0.5,5
hospital,1,0.24175913958548945,-0.6,6
hospital,1,0.46992211475481305,-0.7,7
hospital,1,0.4824620342632009,-0.6,6
hospital,1,0.6005002201919581,-0.5,5
hospital,1,0.42853421735144903,-0.4,4
hospital,1,0.5069645614182471,-0.5,5
hospital,1,0.41469597047666695,-0.4,4
hospital,1,0.24175913958548945,-0.8,8
hospital,1,0.41469597047666695,-0.6,6
hospital,1,0.5626500316767806,-0.5,5
hospital,1,0.3592419527878562,-0.7,7
hospital,1,0.4824620342632009,-0.5,5
hospital,1,0.14051562447887778,-0.9,9
hospital,1,0.5053837288882768,-0.3,3
hospital,1,0.6623992294064142,-0.4,4
hospital,1,0.6005002201919581,-0.3,3
hospital,1,0.42850099142022324,-0.5,5
hospital,1,0.14581437163805366,-0.8,8
hospital,1,0.24175913958548945,-0.7,7
hospital,1,0.6623992294064142,-0.4,4
hospital,1,0.46992211475481305,-0.6,6
hospital,1,0.2629936790618288,-0.6,6
hospital,1,0.5206608604337979,-0.7,7
hospital,1,0.6090400455538584,-0.4,4
hospital,1,0.6005002201919581,-0.3,3
hospital,1,0.5053837288882768,-0.3,3
hospital,1,0.6090400455538584,-0.4,4
hospital,1,0.4824620342632009,-0.6,6
hospital,1,0.385599188513301,-0.6,6
hospital,1,0.019380830289364326,-0.8,8
hospital,1,0.3166049127277152,-0.6,6
hospital,1,0.46992211475481305,-0.6,6
hospital,1,0.5626500316767806,-0.5,5
hospital,1,0.6623992294064142,-0.1,1
hospital,1,0.46992211475481305,-0.5,5
hospital,1,0.4824620342632009,-0.5,5
hospital,1,0.6005002201919581,-0.6,6
hospital,1,0.6005002201919581,-0.4,4
hospital,1,0.6090400455538584,-0.5,5
hospital,1,0.46992211475481305,-0.5,5
hospital,1,0.6005002201919581,-0.4,4
hospital,1,0.6005002201919581,-0.5,5
hospital,1,0.4824620342632009,-0.4,4
hospital,1,0.44440927545847886,-0.7,7
hospital,1,0.42853421735144903,-0.4,4
hospital,1,0.5069645614182471,-0.4,4
hospital,1,0.2629936790618288,-0.5,5
hospital,1,0.26303652729247295,-0.6,6
adult,1,0.35553545402526254,-0.4166666666666667,5
adult,1,0.05662507314180698,-0.5,6
adult,1,0.07470802683816113,-0.5,6
adult,1,0.17085424768265522,-0.4166666666666667,5
adult,1,0.017400680567157045,-0.75,9
adult,1,0.3876314032000986,-0.3333333333333333,4
adult,1,0.31112096706829984,-0.6666666666666666,8
adult,1,0.12672254358640023,-0.3333333333333333,4
adult,1,0.002550243566281085,-0.6666666666666666,8
adult,1,0.3876314032000986,-0.4166666666666667,5
adult,1,0.35555839104562026,-0.3333333333333333,4
adult,1,0.2482887212771384,-0.4166666666666667,5
adult,1,0.06433112192918622,-0.75,9
adult,1,0.13970384419931137,-0.6666666666666666,8
adult,1,0.3876575545157147,-0.3333333333333333,4
adult,1,0.35869848485078126,-0.25,3
adult,1,0.26221932193872965,-0.3333333333333333,4
adult,1,0.2619944952694371,-0.4166666666666667,5
adult,1,0.22077437718297643,-0.5833333333333334,7
adult,1,0.48415089399415345,-0.25,3
adult,1,0.3156222907197025,-0.5833333333333334,7
adult,1,0.3873413505738017,-0.16666666666666666,2
adult,1,0.05566077548510895,-0.6666666666666666,8
adult,1,0.21485300132090768,-0.4166666666666667,5
adult,1,0.07470802683816113,-0.5,6
adult,1,0.2589491290654218,-0.3333333333333333,4
adult,1,0.45200691109182567,-0.4166666666666667,5
adult,1,0.32542961625578326,-0.4166666666666667,5
adult,1,0.35555839104562026,-0.3333333333333333,4
adult,1,0.12672254358640023,-0.3333333333333333,4
adult,1,0.40119750931158027,-0.4166666666666667,5
adult,1,0.022357120470564373,-0.75,9
adult,1,0.07385994967747844,-0.6666666666666666,8
adult,1,0.35087209708162914,-0.4166666666666667,5
adult,1,0.05662801785496063,-0.5,6
adult,1,0.06186679412348017,-0.4166666666666667,5
adult,1,0.3199014354008477,-0.5833333333333334,7
adult,1,0.08089777707595014,-0.6666666666666666,8
adult,1,0.40606487506886946,-0.3333333333333333,4
adult,1,0.25391434075327646,-0.4166666666666667,5
adult,1,0.12672254358640023,-0.5,6
adult,1,0.2726821726489278,-0.16666666666666666,2
adult,1,0.4360548618996998,-0.4166666666666667,5
adult,1,0.36960830881915396,-0.25,3
adult,1,0.14335537392961284,-0.5833333333333334,7
adult,1,0.07153766940792461,-0.5,6
adult,1,0.1878313247026666,-0.5833333333333334,7
adult,1,0.396029780856501,-0.08333333333333333,1
adult,1,0.027961817812649392,-0.5833333333333334,7
adult,1,0.12672254358640023,-0.25,3
adult,1,0.35555839104562026,-0.4166666666666667,5
adult,1,0.21485300132090768,-0.5,6
adult,1,0.11614276988746786,-0.5,6
adult,1,0.1473879481499505,-0.4166666666666667,5
adult,1,0.0931854466425972,-0.5833333333333334,7
adult,1,0.007426165546169039,-0.75,9
adult,1,0.2632106059361412,-0.4166666666666667,5
adult,1,0.09417270189836191,-0.5,6
adult,1,0.0,-0.9166666666666666,11
adult,1,0.26221932193872965,-0.3333333333333333,4
adult,1,0.06305060421076658,-0.5,6
adult,1,0.2632106059361412,-0.5,6
adult,1,0.48390655849303243,-0.16666666666666666,2
adult,1,0.3122509186372955,-0.5,6
adult,1,0.05544825654912722,-0.6666666666666666,8
adult,1,0.11634683919961297,-0.6666666666666666,8
adult,1,0.07449309997904252,-0.6666666666666666,8
adult,1,0.13075975628956504,-0.6666666666666666,8
adult,1,0.06714669956426,-0.5833333333333334,7
adult,1,0.07839617199656113,-0.5833333333333334,7
adult,1,0.12672254358640023,-0.3333333333333333,4
adult,1,0.2738806717959613,-0.4166666666666667,5
adult,1,0.23849378149221334,-0.4166666666666667,5
adult,1,0.12486866579692091,-0.4166666666666667,5
adult,1,0.1349492663536822,-0.25,3
adult,1,0.3494730241774636,-0.5833333333333334,7
adult,1,0.062180243068847285,-0.6666666666666666,8
adult,1,0.008839927559450844,-0.75,9
adult,1,0.1472143671002205,-0.4166666666666667,5
adult,1,0.48390655849303243,-0.25,3
adult,1,0.07197245885197745,-0.5,6
adult,1,0.2329977235019759,-0.5,6
adult,1,0.4597782854988285,-0.4166666666666667,5
adult,1,0.09417270189836191,-0.5,6
adult,1,0.054555519961761445,-0.6666666666666666,8
adult,1,0.018222338363530044,-0.5833333333333334,7
adult,1,0.021269258299479676,-0.5833333333333334,7
adult,1,0.07452758384010849,-0.6666666666666666,8
adult,1,0.25391434075327646,-0.5,6
adult,1,0.07653332000389557,-0.5833333333333334,7
adult,1,0.4597782854988285,-0.3333333333333333,4
adult,1,0.3156549083682163,-0.5,6
adult,1,0.17410152973725768,-0.4166666666666667,5
adult,1,0.0795744836249338,-0.5,6
adult,1,0.24797008397273035,-0.5833333333333334,7
adult,1,0.08001092297759482,-0.5833333333333334,7
adult,1,0.08081648706929301,-0.5833333333333334,7
adult,1,0.1878313247026666,-0.4166666666666667,5
adult,1,0.07035713434806612,-0.4166666666666667,5
adult,1,0.3520786728624248,-0.4166666666666667,5
flight,1,0.9680567115073361,-1.4615384615384617,6
flight,1,0.23553045167227926,-0.6923076923076923,9
flight,1,0.8846850956852224,-1.2307692307692308,3
flight,1,0.9826408586840785,-1.3846153846153846,5
flight,1,0.12744625720955838,-0.38461538461538464,5
flight,1,0.1689864093151694,-0.38461538461538464,5
flight,1,0.9680567115073361,-1.5384615384615383,7
flight,1,0.8846850956852224,-1.5384615384615383,7
flight,1,0.9826408586840785,-1.3076923076923077,4
flight,1,0.9680567115073361,-1.6153846153846154,8
flight,1,0.8846850956852224,-1.4615384615384617,6
flight,1,0.8846850956852224,-1.3846153846153846,5
flight,1,0.8846850956852224,-1.4615384615384617,6
flight,1,0.9680567115073361,-1.5384615384615383,7
flight,1,0.1689864093151694,-0.5384615384615384,7
flight,1,0.11650065212924676,-0.6153846153846154,8
flight,1,0.9826408586840785,-1.3846153846153846,5
flight,1,0.9826408586840785,-1.4615384615384617,6
flight,1,0.9826408586840785,-1.3846153846153846,5
flight,1,0.1222736628243225,-0.6153846153846154,8
flight,1,0.9680567115073361,-1.3076923076923077,4
flight,1,0.12744625720955838,-0.46153846153846156,6
flight,1,0.13514845205100667,-0.38461538461538464,5
flight,1,0.9680567115073361,-1.6153846153846154,8
flight,1,0.9680567115073361,-1.5384615384615383,7
flight,1,0.8846850956852224,-1.3076923076923077,4
flight,1,0.11650065212924676,-0.5384615384615384,7
flight,1,0.9826408586840785,-1.3846153846153846,5
flight,1,0.9826408586840785,-1.3076923076923077,4
flight,1,0.9680567115073361,-1.7692307692307692,10
flight,1,0.8846850956852224,-1.3846153846153846,5
flight,1,0.8846850956852224,-1.6153846153846154,8
flight,1,0.9398289956970705,-1.6923076923076923,9
flight,1,0.8846850956852224,-1.6153846153846154,8
flight,1,0.8846850956852224,-1.5384615384615383,7
flight,1,0.9826408586840785,-1.5384615384615383,7
flight,1,0.1689864093151694,-0.5384615384615384,7
flight,1,0.8846850956852224,-1.3846153846153846,5
flight,1,0.9680567115073361,-1.7692307692307692,10
flight,1,0.9826408586840785,-1.3846153846153846,5
flight,1,0.1386589090293462,-0.5384615384615384,7
flight,1,0.12744625720955838,-0.46153846153846156,6
flight,1,0.9826408586840785,-1.6923076923076923,9
flight,1,0.9680567115073361,-1.3846153846153846,5
flight,1,0.8846850956852224,-1.5384615384615383,7
flight,1,0.9680567115073361,-1.3846153846153846,5
flight,1,0.8846850956852224,-1.2307692307692308,3
flight,1,0.8846850956852224,-1.5384615384615383,7
flight,1,0.8846850956852224,-1.3076923076923077,4
flight,1,0.8846850956852224,-1.3846153846153846,5
flight,1,0.8846850956852224,-1.6923076923076923,9
flight,1,0.9826408586840785,-1.3846153846153846,5
flight,1,0.17632192147614734,-0.5384615384615384,7
flight,1,0.8846850956852224,-1.4615384615384617,6
flight,1,0.17632192147614734,-0.5384615384615384,7
flight,1,0.11960338386169278,-0.6923076923076923,9
flight,1,0.9680567115073361,-1.5384615384615383,7
flight,1,0.9398289956970705,-1.6923076923076923,9
flight,1,0.18094116044347042,-0.38461538461538464,5
flight,1,0.1689864093151694,-0.6153846153846154,8
flight,1,0.14967373381862104,-0.6153846153846154,8
flight,1,0.13514845205100667,-0.7692307692307693,10
flight,1,0.1689864093151694,-0.46153846153846156,6
flight,1,0.9826408586840785,-1.6153846153846154,8
flight,1,0.8846850956852224,-1.5384615384615383,7
flight,1,0.9826408586840785,-1.6153846153846154,8
flight,1,0.8846850956852224,-1.5384615384615383,7
flight,1,0.17364678630049102,-0.5384615384615384,7
flight,1,0.9826408586840785,-1.3846153846153846,5
flight,1,0.9826408586840785,-1.2307692307692308,3
flight,1,0.08907123541814055,-0.6923076923076923,9
flight,1,0.8846850956852224,-1.5384615384615383,7
flight,1,0.8846850956852224,-1.3076923076923077,4
flight,1,0.9680567115073361,-1.6923076923076923,9
flight,1,0.13818569520024426,-0.6923076923076923,9
flight,1,0.8846850956852224,-1.3846153846153846,5
flight,1,0.8846850956852224,-1.3846153846153846,5
flight,1,0.9680567115073361,-1.5384615384615383,7
flight,1,0.12744625720955838,-0.6923076923076923,9
flight,1,0.13818569520024426,-0.6153846153846154,8
flight,1,0.8846850956852224,-1.5384615384615383,7
flight,1,0.8846850956852224,-1.5384615384615383,7
flight,1,0.9680567115073361,-1.6923076923076923,9
flight,1,0.12744625720955838,-0.7692307692307693,10
flight,1,0.9826408586840785,-1.3076923076923077,4
flight,1,0.9680567115073361,-1.5384615384615383,7
flight,1,0.9394896498108463,-1.3076923076923077,4
flight,1,0.9398289956970705,-1.5384615384615383,7
flight,1,0.9680567115073361,-1.6923076923076923,9
flight,1,0.9680567115073361,-1.5384615384615383,7
flight,1,0.9394896498108463,-1.3076923076923077,4
flight,1,0.8846850956852224,-1.6153846153846154,8
flight,1,0.8846850956852224,-1.4615384615384617,6
flight,1,0.18094116044347042,-0.6153846153846154,8
flight,1,0.9680567115073361,-1.4615384615384617,6
flight,1,0.9826408586840785,-1.3846153846153846,5
flight,1,0.9394896498108463,-1.6153846153846154,8
flight,1,0.8846850956852224,-1.6153846153846154,8
flight,1,0.9680567115073361,-1.3076923076923077,4
flight,1,0.8846850956852224,-1.6923076923076923,9
tax,1,0.3057912208405609,-0.6666666666666666,2
tax,1,0.3057912208405609,-0.3333333333333333,1
tax,1,0.5548418449270073,-0.6666666666666666,2
tax,1,0.5548418449270073,-0.6666666666666666,2
tax,1,0.3057912208405609,-0.3333333333333333,1
tax,1,0.5548418449270073,-0.6666666666666666,2
tax,1,0.5548418449270073,-0.6666666666666666,2
tax,1,0.5548418449270073,-0.0,0
tax,1,0.5548418449270073,-0.3333333333333333,1
tax,1,0.5548418449270073,-0.3333333333333333,1
tax,1,0.3057912208405609,-0.3333333333333333,1
tax,1,0.2290091161470067,-0.6666666666666666,2
tax,1,0.5548418449270073,-0.3333333333333333,1
tax,1,0.2290091161470067,-0.6666666666666666,2
tax,1,0.3057912208405609,-0.3333333333333333,1
tax,1,0.3057912208405609,-0.3333333333333333,1
tax,1,0.5548418449270073,-0.6666666666666666,2
tax,1,0.0,-1.0,3
tax,1,0.3057912208405609,-0.6666666666666666,2
tax,1,0.5548418449270073,-0.6666666666666666,2
tax,1,0.5548418449270073,-0.3333333333333333,1
tax,1,0.5548418449270073,-0.0,0
tax,1,0.2290091161470067,-0.6666666666666666,2
tax,1,0.0,-1.0,3
tax,1,0.5548418449270073,-0.3333333333333333,1
tax,1,0.2290091161470067,-0.6666666666666666,2
tax,1,0.5548418449270073,-0.6666666666666666,2
tax,1,0.5548418449270073,-0.3333333333333333,1
tax,1,0.3057912208405609,-0.6666666666666666,2
tax,1,0.5548418449270073,-0.3333333333333333,1
tax,1,0.3057912208405609,-0.6666666666666666,2
tax,1,0.0,-1.0,3
tax,1,0.0,-1.0,3
tax,1,0.3057912208405609,-0.6666666666666666,2
tax,1,0.0,-1.0,3
tax,1,0.3057912208405609,-0.6666666666666666,2
tax,1,0.5548418449270073,-0.0,0
tax,1,0.5548418449270073,-0.0,0
tax,1,0.0,-1.0,3
tax,1,0.5548418449270073,-0.3333333333333333,1
tax,1,0.0,-1.0,3
tax,1,0.3057912208405609,-0.3333333333333333,1
tax,1,0.3057912208405609,-0.3333333333333333,1
tax,1,0.5548418449270073,-0.3333333333333333,1
tax,1,0.3057912208405609,-0.6666666666666666,2
tax,1,0.0,-1.0,3
tax,1,0.5548418449270073,-0.3333333333333333,1
tax,1,0.3057912208405609,-0.3333333333333333,1
tax,1,0.5548418449270073,-0.6666666666666666,2
tax,1,0.2290091161470067,-0.6666666666666666,2
tax,1,0.5548418449270073,-0.6666666666666666,2
tax,1,0.5548418449270073,-0.0,0
tax,1,0.3057912208405609,-0.3333333333333333,1
tax,1,0.5548418449270073,-0.3333333333333333,1
tax,1,0.5548418449270073,-0.0,0
tax,1,0.5548418449270073,-0.0,0
tax,1,0.3057912208405609,-0.6666666666666666,2
tax,1,0.3057912208405609,-0.3333333333333333,1
tax,1,0.5548418449270073,-0.0,0
tax,1,0.3057912208405609,-0.6666666666666666,2
tax,1,0.3057912208405609,-0.6666666666666666,2
tax,1,0.5548418449270073,-0.0,0
tax,1,0.3057912208405609,-0.6666666666666666,2
tax,1,0.5548418449270073,-0.3333333333333333,1
tax,1,0.5548418449270073,-0.3333333333333333,1
tax,1,0.2290091161470067,-0.6666666666666666,2
tax,1,0.5548418449270073,-0.6666666666666666,2
tax,1,0.0,-1.0,3
tax,1,0.5548418449270073,-0.0,0
tax,1,0.2290091161470067,-0.6666666666666666,2
tax,1,0.3057912208405609,-0.6666666666666666,2
tax,1,0.0,-1.0,3
tax,1,0.5548418449270073,-0.3333333333333333,1
tax,1,0.5548418449270073,-0.6666666666666666,2
tax,1,0.3057912208405609,-0.3333333333333333,1
tax,1,0.3057912208405609,-0.6666666666666666,2
tax,1,0.2290091161470067,-0.6666666666666666,2
tax,1,0.5548418449270073,-0.3333333333333333,1
tax,1,0.5548418449270073,-0.6666666666666666,2
tax,1,0.5548418449270073,-0.3333333333333333,1
tax,1,0.5548418449270073,-0.0,0
tax,1,0.5548418449270073,-0.3333333333333333,1
tax,1,0.3057912208405609,-0.6666666666666666,2
tax,1,0.0,-1.0,3
tax,1,0.5548418449270073,-0.3333333333333333,1
tax,1,0.3057912208405609,-0.6666666666666666,2
tax,1,0.5548418449270073,-0.3333333333333333,1
tax,1,0.5548418449270073,-0.0,0
tax,1,0.5548418449270073,-0.6666666666666666,2
tax,1,0.2290091161470067,-0.6666666666666666,2
tax,1,0.5548418449270073,-0.0,0
tax,1,0.2290091161470067,-0.6666666666666666,2
tax,1,0.5548418449270073,-0.0,0
tax,1,0.0,-1.0,3
tax,1,0.5548418449270073,-0.6666666666666666,2
tax,1,0.3057912208405609,-0.3333333333333333,1
tax,1,0.5548418449270073,-0.3333333333333333,1
tax,1,0.5548418449270073,-0.0,0
tax,1,0.5548418449270073,-0.3333333333333333,1
tax,1,0.5548418449270073,-0.3333333333333333,1
