dataset,lambda,leakage,utility,mask_size
airport,10,0.003306804705818678,-0.6666666666666666,4
airport,10,0.03592524660768637,-0.3333333333333333,2
airport,10,0.22337399647872114,-0.3333333333333333,2
airport,10,0.05010955345870127,-0.5,3
airport,10,0.003306804705818678,-0.8333333333333334,5
airport,10,0.03592524660768637,-0.5,3
airport,10,0.22337399647872114,-0.16666666666666666,1
airport,10,0.05010955345870127,-0.5,3
airport,10,0.22337399647872114,-0.16666666666666666,1
airport,10,0.003609042830710618,-0.8333333333333334,5
airport,10,0.03592524660768637,-0.5,3
airport,10,0.22337399647872114,-0.3333333333333333,2
airport,10,0.009414806213275395,-0.5,3
airport,10,0.05010955345870127,-0.5,3
airport,10,0.03592524660768637,-0.5,3
airport,10,0.015768127809462573,-0.8333333333333334,5
airport,10,0.22337399647872114,-0.16666666666666666,1
airport,10,0.03592524660768637,-0.5,3
airport,10,0.05010955345870127,-0.5,3
airport,10,0.05010955345870127,-0.5,3
airport,10,0.22337399647872114,-0.5,3
airport,10,0.05010955345870127,-0.5,3
airport,10,0.0,-1.0,6
airport,10,0.015768127809462573,-0.6666666666666666,4
airport,10,0.003306804705818678,-0.6666666666666666,4
airport,10,0.015768127809462573,-0.8333333333333334,5
airport,10,0.03592524660768637,-0.3333333333333333,2
airport,10,0.03592524660768637,-0.3333333333333333,2
airport,10,0.03592524660768637,-0.6666666666666666,4
airport,10,0.051126318247808444,-0.6666666666666666,4
airport,10,0.015768127809462573,-0.8333333333333334,5
airport,10,0.03592524660768637,-0.3333333333333333,2
airport,10,0.03592524660768637,-0.3333333333333333,2
airport,10,0.05010955345870127,-0.5,3
airport,10,0.22337399647872114,-0.3333333333333333,2
airport,10,0.22337399647872114,-0.16666666666666666,1
airport,10,0.22337399647872114,-0.5,3
airport,10,0.003306804705818678,-0.8333333333333334,5
airport,10,0.009414806213275395,-0.3333333333333333,2
airport,10,0.015768127809462573,-0.8333333333333334,5
airport,10,0.03592524660768637,-0.3333333333333333,2
airport,10,0.03592524660768637,-0.5,3
airport,10,0.03592524660768637,-0.3333333333333333,2
airport,10,0.22337399647872114,-0.3333333333333333,2
airport,10,0.008222647309668152,-0.6666666666666666,4
airport,10,0.008222647309668152,-0.5,3
airport,10,0.22337399647872114,-0.16666666666666666,1
airport,10,0.051126318247808444,-0.5,3
airport,10,0.03592524660768637,-0.5,3
airport,10,0.22337399647872114,-0.6666666666666666,4
airport,10,0.03592524660768637,-0.5,3
airport,10,0.22337399647872114,-0.16666666666666666,1
airport,10,0.009414806213275395,-0.3333333333333333,2
airport,10,0.22337399647872114,-0.16666666666666666,1
airport,10,0.22337399647872114,-0.3333333333333333,2
airport,10,0.22337399647872114,-0.3333333333333333,2
airport,10,0.015768127809462573,-0.6666666666666666,4
airport,10,0.03592524660768637,-0.5,3
airport,10,0.015768127809462573,-0.8333333333333334,5
airport,10,0.003609042830710618,-0.8333333333333334,5
airport,10,0.003306804705818678,-0.6666666666666666,4
airport,10,0.015768127809462573,-0.8333333333333334,5
airport,10,0.05010955345870127,-0.6666666666666666,4
airport,10,0.22337399647872114,-0.16666666666666666,1
airport,10,0.05010955345870127,-0.5,3
airport,10,0.008222647309668152,-0.5,3
airport,10,0.22337399647872114,-0.16666666666666666,1
airport,10,0.003306804705818678,-0.8333333333333334,5
airport,10,0.05010955345870127,-0.3333333333333333,2
airport,10,0.03592524660768637,-0.5,3
airport,10,0.05853885744745513,-0.6666666666666666,4
airport,10,0.0008907266304110095,-0.8333333333333334,5
airport,10,0.05010955345870127,-0.5,3
airport,10,0.003306804705818678,-0.6666666666666666,4
airport,10,0.22337399647872114,-0.16666666666666666,1
airport,10,0.22337399647872114,-0.6666666666666666,4
airport,10,0.03592524660768637,-0.5,3
airport,10,0.05010955345870127,-0.5,3
airport,10,0.05853885744745513,-0.6666666666666666,4
airport,10,0.011469181810646378,-0.6666666666666666,4
airport,10,0.03592524660768637,-0.5,3
airport,10,0.05853885744745513,-0.6666666666666666,4
airport,10,0.03592524660768637,-0.5,3
airport,10,0.03592524660768637,-0.3333333333333333,2
airport,10,0.003609042830710618,-0.8333333333333334,5
airport,10,0.22337399647872114,-0.5,3
airport,10,0.05010955345870127,-0.5,3
airport,10,0.05010955345870127,-0.5,3
airport,10,0.013132038880604324,-0.6666666666666666,4
airport,10,0.05853885744745513,-0.5,3
airport,10,0.22337399647872114,-0.16666666666666666,1
airport,10,0.22337399647872114,-0.6666666666666666,4
airport,10,0.22337399647872114,-0.6666666666666666,4
airport,10,0.011469181810646378,-0.6666666666666666,4
airport,10,0.22337399647872114,-0.3333333333333333,2
airport,10,0.03592524660768637,-0.3333333333333333,2
airport,10,0.03592524660768637,-0.6666666666666666,4
airport,10,0.05010955345870127,-0.5,3
airport,10,0.05853885744745513,-0.6666666666666666,4
airport,10,0.0,-1.0,6
hospital,10,0.3592419527878562,-0.5,5
hospital,10,0.24175913958548945,-0.7,7
hospital,10,0.3592419527878562,-0.6,6
hospital,10,0.42853421735144903,-0.6,6
hospital,10,0.385599188513301,-0.7,7
hospital,10,0.41469597047666695,-0.3,3
hospital,10,0.6623992294064142,-0.0,0
hospital,10,0.6623992294064142,-0.3,3
hospital,10,0.6005002201919581,-0.3,3
hospital,10,0.3592419527878562,-0.5,5
hospital,10,0.24175913958548945,-0.5,5
hospital,10,0.42850099142022324,-0.5,5
hospital,10,0.385599188513301,-0.6,6
hospital,10,0.5206608604337979,-0.7,7
hospital,10,0.42853421735144903,-0.5,5
hospital,10,0.42853421735144903,-0.6,6
hospital,10,0.5468475106079831,-0.5,5
hospital,10,0.5053837288882768,-0.5,5
hospital,10,0.5053837288882768,-0.4,4
hospital,10,0.41469597047666695,-0.5,5
hospital,10,0.5626500316767806,-0.5,5
hospital,10,0.385599188513301,-0.8,8
hospital,10,0.385599188513301,-0.7,7
hospital,10,0.6005002201919581,-0.2,2
hospital,10,0.6090400455538584,-0.5,5
hospital,10,0.24175913958548945,-0.5,5
hospital,10,0.42853421735144903,-0.8,8
hospital,10,0.41469597047666695,-0.3,3
hospital,10,0.5053837288882768,-0.3,3
hospital,10,0.24175913958548945,-0.5,5
hospital,10,0.46992211475481305,-0.5,5
hospital,10,0.385599188513301,-0.6,6
hospital,10,0.4824620342632009,-0.5,5
hospital,10,0.24175913958548945,-0.6,6
hospital,10,0.5626500316767806,-0.5,5
hospital,10,0.5626500316767806,-0.5,5
hospital,10,0.24315756576632586,-0.6,6
hospital,10,0.41469597047666695,-0.4,4
hospital,10,0.5626500316767806,-0.2,2
hospital,10,0.44440927545847886,-0.7,7
hospital,10,0.41469597047666695,-0.6,6
hospital,10,0.5626500316767806,-0.2,2
hospital,10,0.24175913958548945,-0.5,5
hospital,10,0.385599188513301,-0.3,3
hospital,10,0.21940735109689347,-0.7,7
hospital,10,0.46992211475481305,-0.7,7
hospital,10,0.24175913958548945,-0.7,7
hospital,10,0.46992211475481305,-0.4,4
hospital,10,0.5069645614182471,-0.3,3
hospital,10,0.6090400455538584,-0.4,4
hospital,10,0.24175913958548945,-0.7,7
hospital,10,0.3592419527878562,-0.6,6
hospital,10,0.5053837288882768,-0.3,3
hospital,10,0.46992211475481305,-0.6,6
hospital,10,0.41469597047666695,-0.4,4
hospital,10,0.5468475106079831,-0.4,4
hospital,10,0.5053837288882768,-0.4,4
hospital,10,0.0,-1.0,10
hospital,10,0.24175913958548945,-0.5,5
hospital,10,0.0002521225070323263,-0.9,9
hospital,10,0.6090400455538584,-0.5,5
hospital,10,0.5053837288882768,-0.4,4
hospital,10,0.41469597047666695,-0.4,4
hospital,10,0.5053837288882768,-0.4,4
hospital,10,0.6005002201919581,-0.5,5
hospital,10,0.24175913958548945,-0.6,6
hospital,10,0.3592419527878562,-0.4,4
hospital,10,0.24315756576632586,-0.5,5
hospital,10,0.24175913958548945,-0.4,4
hospital,10,0.5468475106079831,-0.6,6
hospital,10,0.6005002201919581,-0.3,3
hospital,10,0.6090400455538584,-0.4,4
hospital,10,0.385599188513301,-0.4,4
hospital,10,0.46992211475481305,-0.5,5
hospital,10,0.14559895790530974,-0.8,8
hospital,10,0.385599188513301,-0.4,4
hospital,10,0.6005002201919581,-0.4,4
hospital,10,0.385599188513301,-0.7,7
hospital,10,0.6005002201919581,-0.4,4
hospital,10,0.2629936790618288,-0.4,4
hospital,10,0.6623992294064142,-0.3,3
hospital,10,0.6005002201919581,-0.5,5
hospital,10,0.385599188513301,-0.4,4
hospital,10,0.5206608604337979,-0.5,5
hospital,10,0.26303652729247295,-0.5,5
hospital,10,0.26303652729247295,-0.3,3
hospital,10,0.5626500316767806,-0.4,4
hospital,10,0.3592419527878562,-0.3,3
hospital,10,0.2629936790618288,-0.6,6
hospital,10,0.26303652729247295,-0.3,3
hospital,10,0.42853421735144903,-0.6,6
hospital,10,0.24315756576632586,-0.9,9
hospital,10,0.5053837288882768,-0.5,5
hospital,10,0.6623992294064142,-0.3,3
hospital,10,0.4824620342632009,-0.4,4
hospital,10,0.5069645614182471,-0.4,4
hospital,10,0.3592419527878562,-0.6,6
hospital,10,0.4824620342632009,-0.2,2
hospital,10,0.5053837288882768,-0.3,3
hospital,10,0.44440927545847886,-0.6,6
adult,10,0.2726821726489278,-0.25,3
adult,10,0.018641799540675463,-0.5833333333333334,7
adult,10,0.08131507825869722,-0.5833333333333334,7
adult,10,0.11638866551517613,-0.5,6
adult,10,0.13199169267231325,-0.5833333333333334,7
adult,10,0.13754217745055075,-0.4166666666666667,5
adult,10,0.08089777707595014,-0.4166666666666667,5
adult,10,0.07839617199656113,-0.75,9
adult,10,0.49122554744404323,-0.16666666666666666,2
adult,10,0.07204008838941911,-0.5,6
adult,10,0.08089777707595014,-0.5,6
adult,10,0.3306439061431553,-0.5,6
adult,10,0.1878313247026666,-0.5833333333333334,7
adult,10,0.45200691109182567,-0.16666666666666666,2
adult,10,0.0,-0.8333333333333334,10
adult,10,0.15733995673772128,-0.6666666666666666,8
adult,10,0.06262911097429602,-0.6666666666666666,8
adult,10,0.01569287786017659,-0.5833333333333334,7
adult,10,0.09822330773503263,-0.4166666666666667,5
adult,10,0.38036283589466935,-0.4166666666666667,5
adult,10,0.32542961625578326,-0.5,6
adult,10,0.312030766384366,-0.6666666666666666,8
adult,10,0.06186679412348017,-0.5,6
adult,10,0.19959302122615685,-0.4166666666666667,5
adult,10,0.0763952562744098,-0.5833333333333334,7
adult,10,0.13754217745055075,-0.4166666666666667,5
adult,10,0.40606487506886946,-0.3333333333333333,4
adult,10,0.14155328636418507,-0.6666666666666666,8
adult,10,0.48415089399415345,-0.3333333333333333,4
adult,10,0.0732013860275269,-0.5,6
adult,10,0.015069708288658501,-0.75,9
adult,10,0.0,-0.75,9
adult,10,0.07559584286413512,-0.5,6
adult,10,0.35869848485078126,-0.4166666666666667,5
adult,10,0.08000430165431949,-0.75,9
adult,10,0.11638866551517613,-0.5,6
adult,10,0.13199169267231325,-0.6666666666666666,8
adult,10,0.06228601254649213,-0.5833333333333334,7
adult,10,0.20657663525365322,-0.5,6
adult,10,0.08464059780715749,-0.5,6
adult,10,0.018222338363530044,-0.5833333333333334,7
adult,10,0.11174008934892732,-0.5,6
adult,10,0.004193760888674403,-0.75,9
adult,10,0.12672254358640023,-0.3333333333333333,4
adult,10,0.23205899770290261,-0.4166666666666667,5
adult,10,0.36827548533646537,-0.4166666666666667,5
adult,10,0.12044135365660302,-0.5833333333333334,7
adult,10,0.05508309620957308,-0.5833333333333334,7
adult,10,0.396029780856501,-0.25,3
adult,10,0.06309812667204373,-0.5833333333333334,7
adult,10,0.06262911097429602,-0.5,6
adult,10,0.11528717032436842,-0.5833333333333334,7
adult,10,0.4597782854988285,-0.25,3
adult,10,0.08131507825869722,-0.5833333333333334,7
adult,10,0.35059229747956133,-0.5,6
adult,10,0.3400447109798945,-0.3333333333333333,4
adult,10,0.4597782854988285,-0.16666666666666666,2
adult,10,0.02870865493739283,-0.75,9
adult,10,0.060474366498108556,-0.5,6
adult,10,0.07129118921968924,-0.6666666666666666,8
adult,10,0.010000886899657502,-0.6666666666666666,8
adult,10,0.07155425328747056,-0.6666666666666666,8
adult,10,0.07913972185099061,-0.4166666666666667,5
adult,10,0.3809409882415038,-0.3333333333333333,4
adult,10,0.12672254358640023,-0.5,6
adult,10,0.22077437718297643,-0.5,6
adult,10,0.05530905176353318,-0.5833333333333334,7
adult,10,0.364697551973022,-0.25,3
adult,10,0.40606487506886946,-0.25,3
adult,10,0.07153766940792461,-0.6666666666666666,8
adult,10,0.3119786284626722,-0.5,6
adult,10,0.40940983353048355,-0.3333333333333333,4
adult,10,0.06012839460448982,-0.6666666666666666,8
adult,10,0.06012839460448982,-0.5833333333333334,7
adult,10,0.12672254358640023,-0.5,6
adult,10,0.03411808851045406,-0.5,6
adult,10,0.3119786284626722,-0.6666666666666666,8
adult,10,0.2760647740284471,-0.4166666666666667,5
adult,10,0.2726821726489278,-0.3333333333333333,4
adult,10,0.4199947253310894,-0.3333333333333333,4
adult,10,0.07155425328747056,-0.5833333333333334,7
adult,10,0.08194009067307217,-0.5,6
adult,10,0.21006949866701574,-0.5,6
adult,10,0.07653332000389557,-0.5,6
adult,10,0.17085424768265522,-0.3333333333333333,4
adult,10,0.016678704474620276,-0.75,9
adult,10,0.4199947253310894,-0.3333333333333333,4
adult,10,0.32612243460315493,-0.5,6
adult,10,0.13199169267231325,-0.5833333333333334,7
adult,10,0.05662801785496063,-0.6666666666666666,8
adult,10,0.13432117558234646,-0.6666666666666666,8
adult,10,0.07111755185219637,-0.5833333333333334,7
adult,10,0.0673094115249887,-0.6666666666666666,8
adult,10,0.359491176307991,-0.4166666666666667,5
adult,10,0.0763952562744098,-0.5,6
adult,10,0.11023352473050418,-0.75,9
adult,10,0.07302932706298637,-0.5833333333333334,7
adult,10,0.4325921849686901,-0.25,3
adult,10,0.016678704474620276,-0.75,9
adult,10,0.07788132858584484,-0.6666666666666666,8
flight,10,0.9394896498108463,-10.538461538461538,7
flight,10,0.11650065212924676,-0.6153846153846154,8
flight,10,0.8846850956852224,-10.692307692307692,9
flight,10,0.1689864093151694,-0.46153846153846156,6
flight,10,0.9826408586840785,-10.461538461538462,6
flight,10,0.9680567115073361,-10.461538461538462,6
flight,10,0.9826408586840785,-10.153846153846153,2
flight,10,0.9680567115073361,-10.538461538461538,7
flight,10,0.9826408586840785,-10.461538461538462,6
flight,10,0.12744625720955838,-0.6153846153846154,8
flight,10,0.23553045167227926,-0.5384615384615384,7
flight,10,0.9826408586840785,-10.307692307692308,4
flight,10,0.9680567115073361,-10.538461538461538,7
flight,10,0.1689864093151694,-0.5384615384615384,7
flight,10,0.8846850956852224,-10.461538461538462,6
flight,10,0.8846850956852224,-10.307692307692308,4
flight,10,0.8846850956852224,-10.461538461538462,6
flight,10,0.8846850956852224,-10.307692307692308,4
flight,10,0.09231376805185487,-0.8461538461538461,11
flight,10,0.23553045167227926,-0.6153846153846154,8
flight,10,0.1386589090293462,-0.7692307692307693,10
flight,10,0.9680567115073361,-10.76923076923077,10
flight,10,0.9826408586840785,-10.384615384615385,5
flight,10,0.8846850956852224,-10.538461538461538,7
flight,10,0.9394896498108463,-10.461538461538462,6
flight,10,0.8846850956852224,-10.692307692307692,9
flight,10,0.18094116044347042,-0.5384615384615384,7
flight,10,0.8846850956852224,-10.461538461538462,6
flight,10,0.12744625720955838,-0.6153846153846154,8
flight,10,0.8846850956852224,-10.615384615384615,8
flight,10,0.17632192147614734,-0.46153846153846156,6
flight,10,0.8846850956852224,-10.615384615384615,8
flight,10,0.12744625720955838,-0.5384615384615384,7
flight,10,0.18094116044347042,-0.46153846153846156,6
flight,10,0.12744625720955838,-0.6153846153846154,8
flight,10,0.9398289956970705,-10.307692307692308,4
flight,10,0.9680567115073361,-10.538461538461538,7
flight,10,0.9680567115073361,-10.615384615384615,8
flight,10,0.8846850956852224,-10.692307692307692,9
flight,10,0.1689864093151694,-0.5384615384615384,7
flight,10,0.9826408586840785,-10.384615384615385,5
flight,10,0.9826408586840785,-10.307692307692308,4
flight,10,0.1689864093151694,-0.5384615384615384,7
flight,10,0.9826408586840785,-10.384615384615385,5
flight,10,0.9826408586840785,-10.461538461538462,6
flight,10,0.9826408586840785,-10.23076923076923,3
flight,10,0.9680567115073361,-10.538461538461538,7
flight,10,0.1689864093151694,-0.5384615384615384,7
flight,10,0.9680567115073361,-10.461538461538462,6
flight,10,0.9394896498108463,-10.461538461538462,6
flight,10,0.9398289956970705,-10.461538461538462,6
flight,10,0.9826408586840785,-10.307692307692308,4
flight,10,0.13818569520024426,-0.46153846153846156,6
flight,10,0.8846850956852224,-10.538461538461538,7
flight,10,0.2455785165522859,-0.6153846153846154,8
flight,10,0.9680567115073361,-10.461538461538462,6
flight,10,0.1689864093151694,-0.5384615384615384,7
flight,10,0.8846850956852224,-10.307692307692308,4
flight,10,0.9826408586840785,-10.538461538461538,7
flight,10,0.9826408586840785,-10.307692307692308,4
flight,10,0.12535612051410105,-0.6153846153846154,8
flight,10,0.17632192147614734,-0.5384615384615384,7
flight,10,0.12744625720955838,-0.5384615384615384,7
flight,10,0.8846850956852224,-10.538461538461538,7
flight,10,0.9680567115073361,-10.615384615384615,8
flight,10,0.8846850956852224,-10.461538461538462,6
flight,10,0.9826408586840785,-10.307692307692308,4
flight,10,0.8846850956852224,-10.692307692307692,9
flight,10,0.9826408586840785,-10.538461538461538,7
flight,10,0.9826408586840785,-10.384615384615385,5
flight,10,0.9826408586840785,-10.461538461538462,6
flight,10,0.9394896498108463,-10.692307692307692,9
flight,10,0.9394896498108463,-10.538461538461538,7
flight,10,0.8846850956852224,-10.384615384615385,5
flight,10,0.9826408586840785,-10.307692307692308,4
flight,10,0.8846850956852224,-10.538461538461538,7
flight,10,0.9394896498108463,-10.384615384615385,5
flight,10,0.8846850956852224,-10.384615384615385,5
flight,10,0.9680567115073361,-10.76923076923077,10
flight,10,0.9826408586840785,-10.461538461538462,6
flight,10,0.9826408586840785,-10.307692307692308,4
flight,10,0.9826408586840785,-10.538461538461538,7
flight,10,0.1689864093151694,-0.46153846153846156,6
flight,10,0.11960338386169278,-0.7692307692307693,10
flight,10,0.13860775127558567,-0.5384615384615384,7
flight,10,0.8846850956852224,-10.307692307692308,4
flight,10,0.9680567115073361,-10.692307692307692,9
flight,10,0.9394896498108463,-10.538461538461538,7
flight,10,0.9394896498108463,-10.307692307692308,4
flight,10,0.8846850956852224,-10.538461538461538,7
flight,10,0.8846850956852224,-10.384615384615385,5
flight,10,0.17632192147614734,-0.5384615384615384,7
flight,10,0.1689864093151694,-0.3076923076923077,4
flight,10,0.1689864093151694,-0.46153846153846156,6
flight,10,0.8846850956852224,-10.461538461538462,6
flight,10,0.8846850956852224,-10.538461538461538,7
flight,10,0.9398289956970705,-10.461538461538462,6
flight,10,0.1689864093151694,-0.3076923076923077,4
flight,10,0.9394896498108463,-10.615384615384615,8
flight,10,0.18094116044347042,-0.5384615384615384,7
tax,10,0.3057912208405609,-0.6666666666666666,2
tax,10,0.5548418449270073,-0.3333333333333333,1
tax,10,0.2290091161470067,-0.6666666666666666,2
tax,10,0.5548418449270073,-0.3333333333333333,1
tax,10,0.2290091161470067,-0.6666666666666666,2
tax,10,0.5548418449270073,-0.0,0
tax,10,0.5548418449270073,-0.3333333333333333,1
tax,10,0.5548418449270073,-0.3333333333333333,1
tax,10,0.5548418449270073,-0.3333333333333333,1
tax,10,0.5548418449270073,-0.3333333333333333,1
tax,10,0.3057912208405609,-0.3333333333333333,1
tax,10,0.5548418449270073,-0.3333333333333333,1
tax,10,0.3057912208405609,-0.6666666666666666,2
tax,10,0.3057912208405609,-0.6666666666666666,2
tax,10,0.5548418449270073,-0.6666666666666666,2
tax,10,0.5548418449270073,-0.0,0
tax,10,0.0,-1.0,3
tax,10,0.5548418449270073,-0.6666666666666666,2
tax,10,0.5548418449270073,-0.3333333333333333,1
tax,10,0.5548418449270073,-0.0,0
tax,10,0.5548418449270073,-0.6666666666666666,2
tax,10,0.5548418449270073,-0.3333333333333333,1
tax,10,0.5548418449270073,-0.6666666666666666,2
tax,10,0.5548418449270073,-0.3333333333333333,1
tax,10,0.2290091161470067,-0.6666666666666666,2
tax,10,0.3057912208405609,-0.6666666666666666,2
tax,10,0.5548418449270073,-0.3333333333333333,1
tax,10,0.3057912208405609,-0.3333333333333333,1
tax,10,0.0,-1.0,3
tax,10,0.2290091161470067,-0.6666666666666666,2
tax,10,0.5548418449270073,-0.3333333333333333,1
tax,10,0.3057912208405609,-0.6666666666666666,2
tax,10,0.5548418449270073,-0.6666666666666666,2
tax,10,0.5548418449270073,-0.3333333333333333,1
tax,10,0.2290091161470067,-0.6666666666666666,2
tax,10,0.5548418449270073,-0.3333333333333333,1
tax,10,0.5548418449270073,-0.6666666666666666,2
tax,10,0.0,-1.0,3
tax,10,0.0,-1.0,3
tax,10,0.3057912208405609,-0.6666666666666666,2
tax,10,0.3057912208405609,-0.3333333333333333,1
tax,10,0.3057912208405609,-0.3333333333333333,1
tax,10,0.5548418449270073,-0.6666666666666666,2
tax,10,0.5548418449270073,-0.3333333333333333,1
tax,10,0.5548418449270073,-0.3333333333333333,1
tax,10,0.5548418449270073,-0.3333333333333333,1
tax,10,0.3057912208405609,-0.6666666666666666,2
tax,10,0.5548418449270073,-0.0,0
tax,10,0.5548418449270073,-0.3333333333333333,1
tax,10,0.5548418449270073,-0.6666666666666666,2
tax,10,0.2290091161470067,-0.6666666666666666,2
tax,10,0.3057912208405609,-0.3333333333333333,1
tax,10,0.5548418449270073,-0.3333333333333333,1
tax,10,0.5548418449270073,-0.6666666666666666,2
tax,10,0.2290091161470067,-0.6666666666666666,2
tax,10,0.5548418449270073,-0.0,0
tax,10,0.0,-1.0,3
tax,10,0.3057912208405609,-0.3333333333333333,1
tax,10,0.5548418449270073,-0.6666666666666666,2
tax,10,0.0,-1.0,3
tax,10,0.2290091161470067,-0.6666666666666666,2
tax,10,0.3057912208405609,-0.6666666666666666,2
tax,10,0.0,-1.0,3
tax,10,0.5548418449270073,-0.3333333333333333,1
tax,10,0.5548418449270073,-0.3333333333333333,1
tax,10,0.2290091161470067,-0.6666666666666666,2
tax,10,0.5548418449270073,-0.6666666666666666,2
tax,10,0.5548418449270073,-0.0,0
tax,10,0.5548418449270073,-0.0,0
tax,10,0.3057912208405609,-0.6666666666666666,2
tax,10,0.5548418449270073,-0.0,0
tax,10,0.2290091161470067,-0.6666666666666666,2
tax,10,0.5548418449270073,-0.6666666666666666,2
tax,10,0.3057912208405609,-0.3333333333333333,1
tax,10,0.0,-1.0,3
tax,10,0.5548418449270073,-0.3333333333333333,1
tax,10,0.5548418449270073,-0.0,0
tax,10,0.5548418449270073,-0.3333333333333333,1
tax,10,0.0,-1.0,3
tax,10,0.3057912208405609,-0.6666666666666666,2
tax,10,0.3057912208405609,-0.3333333333333333,1
tax,10,0.5548418449270073,-0.3333333333333333,1
tax,10,0.3057912208405609,-0.6666666666666666,2
tax,10,0.5548418449270073,-0.6666666666666666,2
tax,10,0.5548418449270073,-0.6666666666666666,2
tax,10,0.5548418449270073,-0.0,0
tax,10,0.5548418449270073,-0.3333333333333333,1
tax,10,0.5548418449270073,-0.0,0
tax,10,0.5548418449270073,-0.3333333333333333,1
tax,10,0.2290091161470067,-0.6666666666666666,2
tax,10,0.5548418449270073,-0.6666666666666666,2
tax,10,0.3057912208405609,-0.3333333333333333,1
tax,10,0.2290091161470067,-0.6666666666666666,2
tax,10,0.5548418449270073,-0.3333333333333333,1
tax,10,0.3057912208405609,-0.3333333333333333,1
tax,10,0.3057912208405609,-0.6666666666666666,2
tax,10,0.5548418449270073,-0.0,0
tax,10,0.5548418449270073,-0.0,0
tax,10,0.0,-1.0,3
tax,10,0.2290091161470067,-0.6666666666666666,2
