lambda,leakage,utility,mask_size
lambda,leakage,utility,mask_size
1.0,0.0,-0.0,5
1.0,0.22337399647872114,-0.0,2
1.0,0.22337399647872114,-0.0,3
1.0,0.0,-0.0,6
1.0,0.03592524660768637,-0.0,2
1.0,0.015768127809462573,-0.0,5
1.0,0.05010955345870127,-0.0,4
1.0,0.03592524660768637,-0.0,2
1.0,0.011469181810646378,-0.0,4
1.0,0.03592524660768637,-0.0,4
1.0,0.22337399647872114,-0.0,2
1.0,0.05853885744745513,-0.0,3
1.0,0.03592524660768637,-0.0,2
1.0,0.013132038880604324,-0.0,4
1.0,0.05853885744745513,-0.0,4
1.0,0.05010955345870127,-0.0,3
1.0,0.03592524660768637,-0.0,1
1.0,0.03592524660768637,-0.0,2
1.0,0.0,-0.0,5
1.0,0.05010955345870127,-0.0,3
1.0,0.008222647309668152,-0.0,4
1.0,0.0,-0.0,4
1.0,0.22337399647872114,-0.0,2
1.0,0.0,-0.0,6
1.0,0.003306804705818678,-0.0,5
1.0,0.015768127809462573,-0.0,5
1.0,0.05010955345870127,-0.0,3
1.0,0.05010955345870127,-0.0,3
1.0,0.05010955345870127,-0.0,2
1.0,0.05010955345870127,-0.0,4
1.0,0.013132038880604324,-0.0,3
1.0,0.011469181810646378,-0.0,3
1.0,0.013132038880604324,-0.0,4
1.0,0.03592524660768637,-0.0,2
1.0,0.011469181810646378,-0.0,3
1.0,0.015768127809462573,-0.0,4
1.0,0.22337399647872114,-0.0,2
1.0,0.22337399647872114,-0.0,1
1.0,0.03592524660768637,-0.0,2
1.0,0.003306804705818678,-0.0,5
1.0,0.22337399647872114,-0.0,3
1.0,0.05010955345870127,-0.0,3
1.0,0.22337399647872114,-0.0,1
1.0,0.051126318247808444,-0.0,3
1.0,0.051126318247808444,-0.0,3
1.0,0.05853885744745513,-0.0,4
1.0,0.051126318247808444,-0.0,3
1.0,0.03592524660768637,-0.0,2
1.0,0.05853885744745513,-0.0,4
1.0,0.03592524660768637,-0.0,2
1.0,0.015768127809462573,-0.0,4
1.0,0.03592524660768637,-0.0,4
1.0,0.05853885744745513,-0.0,4
1.0,0.03592524660768637,-0.0,4
1.0,0.05010955345870127,-0.0,3
1.0,0.003306804705818678,-0.0,5
1.0,0.015768127809462573,-0.0,4
1.0,0.05853885744745513,-0.0,4
1.0,0.22337399647872114,-0.0,1
1.0,0.015768127809462573,-0.0,4
1.0,0.03592524660768637,-0.0,3
1.0,0.05010955345870127,-0.0,4
1.0,0.22337399647872114,-0.0,3
1.0,0.05010955345870127,-0.0,2
1.0,0.22337399647872114,-0.0,3
1.0,0.05010955345870127,-0.0,2
1.0,0.05010955345870127,-0.0,3
1.0,0.05010955345870127,-0.0,3
1.0,0.22337399647872114,-0.0,1
1.0,0.22337399647872114,-0.0,4
1.0,0.03592524660768637,-0.0,4
1.0,0.22337399647872114,-0.0,2
1.0,0.03592524660768637,-0.0,2
1.0,0.015768127809462573,-0.0,5
1.0,0.05010955345870127,-0.0,4
1.0,0.03592524660768637,-0.0,2
1.0,0.011469181810646378,-0.0,3
1.0,0.008222647309668152,-0.0,4
1.0,0.22337399647872114,-0.0,2
1.0,0.05010955345870127,-0.0,2
1.0,0.22337399647872114,-0.0,1
1.0,0.05010955345870127,-0.0,3
1.0,0.013132038880604324,-0.0,3
1.0,0.22337399647872114,-0.0,2
1.0,0.0,-0.0,4
1.0,0.22337399647872114,-0.0,2
1.0,0.22337399647872114,-0.0,2
1.0,0.05010955345870127,-0.0,3
1.0,0.05853885744745513,-0.0,3
1.0,0.22337399647872114,-0.0,2
1.0,0.22337399647872114,-0.0,2
1.0,0.03592524660768637,-0.0,4
1.0,0.013132038880604324,-0.0,4
1.0,0.004612425044516089,-0.0,4
1.0,0.0008907266304110095,-0.0,5
1.0,0.22337399647872114,-0.0,2
1.0,0.051126318247808444,-0.0,3
1.0,0.051126318247808444,-0.0,4
1.0,0.009414806213275395,-0.0,2
1.0,0.22337399647872114,-0.0,1
1.0,0.5422684587046469,-0.2922684587046469,1
1.0,0.5422684587046469,-0.2922684587046469,4
1.0,0.6090400455538584,-0.3590400455538584,3
1.0,0.2629936790618288,-0.0129936790618288,6
1.0,0.5468475106079831,-0.2968475106079831,5
1.0,0.5069358955522029,-0.25693589555220286,3
1.0,0.42853421735144903,-0.17853421735144903,6
1.0,0.5065005929742044,-0.25650059297420436,4
1.0,0.42850099142022324,-0.17850099142022324,5
1.0,0.5468475106079831,-0.2968475106079831,6
1.0,0.26187931623708605,-0.011879316237086046,7
1.0,0.6086948858179753,-0.35869488581797526,6
1.0,0.21940735109689347,-0.0,7
1.0,0.6086948858179753,-0.35869488581797526,4
1.0,0.37624468341594786,-0.12624468341594786,3
1.0,0.5422684587046469,-0.2922684587046469,2
1.0,0.385599188513301,-0.135599188513301,6
1.0,0.21940735109689347,-0.0,7
1.0,0.21940735109689347,-0.0,6
1.0,0.5422684587046469,-0.2922684587046469,3
1.0,0.385599188513301,-0.135599188513301,6
1.0,0.6086948858179753,-0.35869488581797526,6
1.0,0.4694541344903692,-0.2194541344903692,5
1.0,0.5069645614182471,-0.2569645614182471,5
1.0,0.42853421735144903,-0.17853421735144903,6
1.0,0.385599188513301,-0.135599188513301,5
1.0,0.37620841728789634,-0.12620841728789634,5
1.0,0.5468475106079831,-0.2968475106079831,4
1.0,0.15602677522732178,-0.0,7
1.0,0.4694541344903692,-0.2194541344903692,5
1.0,0.6623992294064142,-0.41239922940641416,5
1.0,0.261836400724347,-0.011836400724346996,7
1.0,0.6623992294064142,-0.41239922940641416,3
1.0,0.5069645614182471,-0.2569645614182471,5
1.0,0.6090400455538584,-0.3590400455538584,4
1.0,0.5422684587046469,-0.2922684587046469,4
1.0,0.6086948858179753,-0.35869488581797526,5
1.0,0.5742552604116484,-0.3242552604116484,3
1.0,0.24315756576632586,-0.0,6
1.0,0.5069645614182471,-0.2569645614182471,4
1.0,0.46992211475481305,-0.21992211475481305,5
1.0,0.2629936790618288,-0.0129936790618288,5
1.0,0.4694541344903692,-0.2194541344903692,6
1.0,0.46992211475481305,-0.21992211475481305,4
1.0,0.3592419527878562,-0.1092419527878562,5
1.0,0.26187931623708605,-0.011879316237086046,6
1.0,0.26303652729247295,-0.013036527292472955,7
1.0,0.385599188513301,-0.135599188513301,6
1.0,0.46992211475481305,-0.21992211475481305,3
1.0,0.6090400455538584,-0.3590400455538584,4
1.0,0.46992211475481305,-0.21992211475481305,4
1.0,0.261836400724347,-0.011836400724346996,5
1.0,0.6090400455538584,-0.3590400455538584,5
1.0,0.5742305069340705,-0.3242305069340705,4
1.0,0.37620841728789634,-0.12620841728789634,5
1.0,0.42853421735144903,-0.17853421735144903,3
1.0,0.6623992294064142,-0.41239922940641416,3
1.0,0.42853421735144903,-0.17853421735144903,4
1.0,0.6623992294064142,-0.41239922940641416,5
1.0,0.42853421735144903,-0.17853421735144903,6
1.0,0.6086948858179753,-0.35869488581797526,3
1.0,0.4694541344903692,-0.2194541344903692,6
1.0,0.37620841728789634,-0.12620841728789634,6
1.0,0.5468475106079831,-0.2968475106079831,5
1.0,0.385599188513301,-0.135599188513301,6
1.0,0.4694541344903692,-0.2194541344903692,5
1.0,0.5202376749670268,-0.2702376749670268,4
1.0,0.4694541344903692,-0.2194541344903692,5
1.0,0.5468475106079831,-0.2968475106079831,6
1.0,0.6086948858179753,-0.35869488581797526,3
1.0,0.6623992294064142,-0.41239922940641416,3
1.0,0.37620841728789634,-0.12620841728789634,6
1.0,0.46992211475481305,-0.21992211475481305,6
1.0,0.14073231983438927,-0.0,8
1.0,0.46992211475481305,-0.21992211475481305,4
1.0,0.5202376749670268,-0.2702376749670268,6
1.0,0.26187931623708605,-0.011879316237086046,6
1.0,0.21940735109689347,-0.0,6
1.0,0.6090400455538584,-0.3590400455538584,5
1.0,0.24175913958548945,-0.0,8
1.0,0.6623992294064142,-0.41239922940641416,4
1.0,0.26303652729247295,-0.013036527292472955,4
1.0,0.42850099142022324,-0.17850099142022324,4
1.0,0.6623992294064142,-0.41239922940641416,2
1.0,0.6090400455538584,-0.3590400455538584,3
1.0,0.5742305069340705,-0.3242305069340705,4
1.0,0.385599188513301,-0.135599188513301,8
1.0,0.5069645614182471,-0.2569645614182471,6
1.0,0.26303652729247295,-0.013036527292472955,4
1.0,0.261836400724347,-0.011836400724346996,5
1.0,0.385599188513301,-0.135599188513301,7
1.0,0.26303652729247295,-0.013036527292472955,7
1.0,0.5065292841479625,-0.2565292841479625,4
1.0,0.46992211475481305,-0.21992211475481305,7
1.0,0.6090400455538584,-0.3590400455538584,4
1.0,0.5468475106079831,-0.2968475106079831,6
1.0,0.6090400455538584,-0.3590400455538584,4
1.0,0.42853421735144903,-0.17853421735144903,5
1.0,0.5422684587046469,-0.2922684587046469,2
1.0,0.5742552604116484,-0.3242552604116484,5
1.0,0.13022251179066036,-0.0,9
1.0,0.12672254358640023,-0.0,7
1.0,0.029269331547204125,-0.0,6
1.0,0.3553620079404467,-0.1053620079404467,4
1.0,0.10798680365900692,-0.0,5
1.0,0.13346141606678164,-0.0,6
1.0,0.10960537600286224,-0.0,4
1.0,0.38715465280892436,-0.13715465280892436,2
1.0,0.14446774733696033,-0.0,5
1.0,0.03562409417642398,-0.0,8
1.0,0.12486866579692091,-0.0,6
1.0,0.24901897357142533,-0.0,4
1.0,0.20503295207568573,-0.0,3
1.0,0.0,-0.0,11
1.0,0.037430867567454285,-0.0,8
1.0,0.09767473369987001,-0.0,4
1.0,0.12486866579692091,-0.0,6
1.0,0.0,-0.0,9
1.0,0.1703221446470693,-0.0,5
1.0,0.19082965561052068,-0.0,5
1.0,0.4406388896832574,-0.19063888968325737,2
1.0,0.40943748323194484,-0.15943748323194484,4
1.0,0.16861179236704193,-0.0,5
1.0,0.26596157323668135,-0.015961573236681348,6
1.0,0.3147430249194596,-0.0647430249194596,8
1.0,0.07218957454608055,-0.0,6
1.0,0.2619944952694371,-0.011994495269437078,2
1.0,0.13432117558234646,-0.0,6
1.0,0.24797008397273035,-0.0,7
1.0,0.26596157323668135,-0.015961573236681348,3
1.0,0.0931854466425972,-0.0,6
1.0,0.06298971781018237,-0.0,9
1.0,0.1878313247026666,-0.0,4
1.0,0.055684588438029925,-0.0,5
1.0,0.2703959767814541,-0.020395976781454106,4
1.0,0.08089777707595014,-0.0,6
1.0,0.05547310673024419,-0.0,7
1.0,0.396029780856501,-0.14602978085650098,3
1.0,0.006707805661255728,-0.0,8
1.0,0.3152308455279912,-0.06523084552799119,6
1.0,0.2330639972419718,-0.0,3
1.0,0.24774524565692913,-0.0,5
1.0,0.396029780856501,-0.14602978085650098,4
1.0,0.07839617199656113,-0.0,7
1.0,0.07375548568242318,-0.0,5
1.0,0.3508247887666195,-0.10082478876661949,7
1.0,0.3254611976649975,-0.07546119766499748,4
1.0,0.06743147524240589,-0.0,6
1.0,0.06239792895564522,-0.0,7
1.0,0.021269258299479676,-0.0,7
1.0,0.07197245885197745,-0.0,6
1.0,0.1272808561207297,-0.0,6
1.0,0.14401198888757627,-0.0,7
1.0,0.22077437718297643,-0.0,7
1.0,0.05442133358978274,-0.0,6
1.0,0.35899251776501295,-0.10899251776501295,7
1.0,0.23196451309928023,-0.0,7
1.0,0.017613979932088908,-0.0,6
1.0,0.12486866579692091,-0.0,5
1.0,0.09417270189836191,-0.0,5
1.0,0.021813295428883217,-0.0,8
1.0,0.0,-0.0,11
1.0,0.04088153160590102,-0.0,8
1.0,0.3306439061431553,-0.08064390614315531,7
1.0,0.24774524565692913,-0.0,6
1.0,0.11908114219973254,-0.0,4
1.0,0.14401198888757627,-0.0,8
1.0,0.016008467825075146,-0.0,10
1.0,0.22077437718297643,-0.0,7
1.0,0.0006390649585850117,-0.0,10
1.0,0.004638220085982359,-0.0,7
1.0,0.07131867601547204,-0.0,7
1.0,0.13199169267231325,-0.0,7
1.0,0.1775897089166094,-0.0,6
1.0,0.08064754808168606,-0.0,7
1.0,0.07777061003044872,-0.0,6
1.0,0.11161134145377749,-0.0,4
1.0,0.20331554478980718,-0.0,6
1.0,0.12672254358640023,-0.0,5
1.0,0.11174008934892732,-0.0,5
1.0,0.34091285873977883,-0.09091285873977883,6
1.0,0.09666995396748046,-0.0,4
1.0,0.07670187984067922,-0.0,6
1.0,0.00388748137606576,-0.0,9
1.0,0.06020936494552109,-0.0,9
1.0,0.35899251776501295,-0.10899251776501295,4
1.0,0.06378992884376644,-0.0,5
1.0,0.1030099373101242,-0.0,6
1.0,0.378659399572999,-0.128659399572999,2
1.0,0.14401198888757627,-0.0,7
1.0,0.07375548568242318,-0.0,8
1.0,0.3104229597877465,-0.06042295978774648,8
1.0,0.0732013860275269,-0.0,6
1.0,0.0,-0.0,10
1.0,0.07375548568242318,-0.0,7
1.0,0.2760647740284471,-0.02606477402844709,4
1.0,0.2619944952694371,-0.011994495269437078,3
1.0,0.07338161860482328,-0.0,6
1.0,0.13483119273983069,-0.0,7
1.0,0.40943748323194484,-0.15943748323194484,6
1.0,0.8846850956852224,-0.6346850956852224,7
1.0,0.2455785165522859,-0.0,7
1.0,0.1689864093151694,-0.0,5
1.0,0.12744625720955838,-0.0,8
1.0,0.8846850956852224,-0.6346850956852224,9
1.0,0.17632192147614734,-0.0,6
1.0,0.8846850956852224,-0.6346850956852224,8
1.0,0.9826408586840785,-0.7326408586840785,6
1.0,0.9680567115073361,-0.7180567115073361,7
1.0,0.13860775127558567,-0.0,7
1.0,0.8846850956852224,-0.6346850956852224,8
1.0,0.1386589090293462,-0.0,7
1.0,0.9826408586840785,-0.7326408586840785,9
1.0,0.8846850956852224,-0.6346850956852224,6
1.0,0.12744625720955838,-0.0,7
1.0,0.1689864093151694,-0.0,9
1.0,0.9826408586840785,-0.7326408586840785,3
1.0,0.13860775127558567,-0.0,8
1.0,0.11960338386169278,-0.0,11
1.0,0.9680567115073361,-0.7180567115073361,9
1.0,0.8846850956852224,-0.6346850956852224,7
1.0,0.12535612051410105,-0.0,10
1.0,0.9394896498108463,-0.6894896498108463,7
1.0,0.9826408586840785,-0.7326408586840785,7
1.0,0.9394896498108463,-0.6894896498108463,6
1.0,0.1689864093151694,-0.0,6
1.0,0.08907123541814055,-0.0,8
1.0,0.08907123541814055,-0.0,6
1.0,0.9398289956970705,-0.6898289956970705,6
1.0,0.8846850956852224,-0.6346850956852224,4
1.0,0.8846850956852224,-0.6346850956852224,7
1.0,0.9826408586840785,-0.7326408586840785,5
1.0,0.9826408586840785,-0.7326408586840785,5
1.0,0.9680567115073361,-0.7180567115073361,6
1.0,0.8846850956852224,-0.6346850956852224,6
1.0,0.2455785165522859,-0.0,7
1.0,0.8846850956852224,-0.6346850956852224,8
1.0,0.9826408586840785,-0.7326408586840785,3
1.0,0.1689864093151694,-0.0,6
1.0,0.17632192147614734,-0.0,6
1.0,0.9680567115073361,-0.7180567115073361,4
1.0,0.9394896498108463,-0.6894896498108463,4
1.0,0.9826408586840785,-0.7326408586840785,7
1.0,0.9680567115073361,-0.7180567115073361,5
1.0,0.9398289956970705,-0.6898289956970705,7
1.0,0.8846850956852224,-0.6346850956852224,6
1.0,0.8846850956852224,-0.6346850956852224,7
1.0,0.13818569520024426,-0.0,10
1.0,0.9680567115073361,-0.7180567115073361,8
1.0,0.9680567115073361,-0.7180567115073361,8
1.0,0.9826408586840785,-0.7326408586840785,5
1.0,0.9826408586840785,-0.7326408586840785,4
1.0,0.1421540216030207,-0.0,10
1.0,0.9680567115073361,-0.7180567115073361,6
1.0,0.8846850956852224,-0.6346850956852224,5
1.0,0.9826408586840785,-0.7326408586840785,5
1.0,0.17632192147614734,-0.0,7
1.0,0.8846850956852224,-0.6346850956852224,2
1.0,0.9826408586840785,-0.7326408586840785,3
1.0,0.8846850956852224,-0.6346850956852224,7
1.0,0.9680567115073361,-0.7180567115073361,4
1.0,0.9826408586840785,-0.7326408586840785,3
1.0,0.1386589090293462,-0.0,7
1.0,0.9826408586840785,-0.7326408586840785,5
1.0,0.9394896498108463,-0.6894896498108463,5
1.0,0.9680567115073361,-0.7180567115073361,5
1.0,0.9826408586840785,-0.7326408586840785,6
1.0,0.2455785165522859,-0.0,7
1.0,0.9680567115073361,-0.7180567115073361,7
1.0,0.9680567115073361,-0.7180567115073361,6
1.0,0.9826408586840785,-0.7326408586840785,8
1.0,0.1222736628243225,-0.0,8
1.0,0.8846850956852224,-0.6346850956852224,5
1.0,0.9826408586840785,-0.7326408586840785,7
1.0,0.9398289956970705,-0.6898289956970705,5
1.0,0.9826408586840785,-0.7326408586840785,7
1.0,0.8846850956852224,-0.6346850956852224,5
1.0,0.9826408586840785,-0.7326408586840785,4
1.0,0.1386589090293462,-0.0,5
1.0,0.9680567115073361,-0.7180567115073361,6
1.0,0.9680567115073361,-0.7180567115073361,7
1.0,0.9826408586840785,-0.7326408586840785,7
1.0,0.8846850956852224,-0.6346850956852224,9
1.0,0.14626212769916158,-0.0,10
1.0,0.9826408586840785,-0.7326408586840785,2
1.0,0.8846850956852224,-0.6346850956852224,6
1.0,0.9680567115073361,-0.7180567115073361,7
1.0,0.12744625720955838,-0.0,7
1.0,0.8846850956852224,-0.6346850956852224,8
1.0,0.9680567115073361,-0.7180567115073361,5
1.0,0.17632192147614734,-0.0,8
1.0,0.8846850956852224,-0.6346850956852224,5
1.0,0.8846850956852224,-0.6346850956852224,10
1.0,0.13701344057693376,-0.0,7
1.0,0.8846850956852224,-0.6346850956852224,6
1.0,0.9826408586840785,-0.7326408586840785,5
1.0,0.9394896498108463,-0.6894896498108463,6
1.0,0.17603313033905366,-0.0,11
1.0,0.9826408586840785,-0.7326408586840785,3
1.0,0.9398289956970705,-0.6898289956970705,7
1.0,0.5548418449270073,-0.3048418449270073,0
1.0,0.0,-0.0,3
1.0,0.2290091161470067,-0.0,2
1.0,0.5548418449270073,-0.3048418449270073,1
1.0,0.5548418449270073,-0.3048418449270073,0
1.0,0.0,-0.0,3
1.0,0.3057912208405609,-0.05579122084056087,2
1.0,0.5548418449270073,-0.3048418449270073,1
1.0,0.3057912208405609,-0.05579122084056087,2
1.0,0.5548418449270073,-0.3048418449270073,1
1.0,0.5548418449270073,-0.3048418449270073,1
1.0,0.5548418449270073,-0.3048418449270073,2
1.0,0.5548418449270073,-0.3048418449270073,0
1.0,0.3057912208405609,-0.05579122084056087,2
1.0,0.5548418449270073,-0.3048418449270073,1
1.0,0.0,-0.0,3
1.0,0.5548418449270073,-0.3048418449270073,2
1.0,0.5548418449270073,-0.3048418449270073,1
1.0,0.3057912208405609,-0.05579122084056087,1
1.0,0.5548418449270073,-0.3048418449270073,1
1.0,0.2290091161470067,-0.0,2
1.0,0.5548418449270073,-0.3048418449270073,2
1.0,0.2290091161470067,-0.0,2
1.0,0.3057912208405609,-0.05579122084056087,2
1.0,0.5548418449270073,-0.3048418449270073,0
1.0,0.5548418449270073,-0.3048418449270073,1
1.0,0.3057912208405609,-0.05579122084056087,2
1.0,0.3057912208405609,-0.05579122084056087,1
1.0,0.0,-0.0,3
1.0,0.3057912208405609,-0.05579122084056087,1
1.0,0.5548418449270073,-0.3048418449270073,2
1.0,0.5548418449270073,-0.3048418449270073,2
1.0,0.0,-0.0,3
1.0,0.3057912208405609,-0.05579122084056087,2
1.0,0.0,-0.0,3
1.0,0.5548418449270073,-0.3048418449270073,0
1.0,0.2290091161470067,-0.0,2
1.0,0.5548418449270073,-0.3048418449270073,0
1.0,0.3057912208405609,-0.05579122084056087,2
1.0,0.5548418449270073,-0.3048418449270073,2
1.0,0.0,-0.0,3
1.0,0.5548418449270073,-0.3048418449270073,1
1.0,0.5548418449270073,-0.3048418449270073,1
1.0,0.5548418449270073,-0.3048418449270073,1
1.0,0.5548418449270073,-0.3048418449270073,1
1.0,0.5548418449270073,-0.3048418449270073,2
1.0,0.3057912208405609,-0.05579122084056087,1
1.0,0.3057912208405609,-0.05579122084056087,2
1.0,0.0,-0.0,3
1.0,0.3057912208405609,-0.05579122084056087,1
1.0,0.5548418449270073,-0.3048418449270073,2
1.0,0.5548418449270073,-0.3048418449270073,2
1.0,0.5548418449270073,-0.3048418449270073,0
1.0,0.3057912208405609,-0.05579122084056087,1
1.0,0.5548418449270073,-0.3048418449270073,2
1.0,0.3057912208405609,-0.05579122084056087,2
1.0,0.3057912208405609,-0.05579122084056087,1
1.0,0.2290091161470067,-0.0,2
1.0,0.5548418449270073,-0.3048418449270073,0
1.0,0.5548418449270073,-0.3048418449270073,2
1.0,0.5548418449270073,-0.3048418449270073,1
1.0,0.5548418449270073,-0.3048418449270073,2
1.0,0.3057912208405609,-0.05579122084056087,2
1.0,0.5548418449270073,-0.3048418449270073,2
1.0,0.5548418449270073,-0.3048418449270073,1
1.0,0.0,-0.0,3
1.0,0.5548418449270073,-0.3048418449270073,1
1.0,0.3057912208405609,-0.05579122084056087,2
1.0,0.5548418449270073,-0.3048418449270073,0
1.0,0.5548418449270073,-0.3048418449270073,2
1.0,0.2290091161470067,-0.0,2
1.0,0.3057912208405609,-0.05579122084056087,2
1.0,0.0,-0.0,3
1.0,0.3057912208405609,-0.05579122084056087,2
1.0,0.0,-0.0,3
1.0,0.5548418449270073,-0.3048418449270073,2
1.0,0.5548418449270073,-0.3048418449270073,0
1.0,0.0,-0.0,3
1.0,0.5548418449270073,-0.3048418449270073,0
1.0,0.5548418449270073,-0.3048418449270073,0
1.0,0.3057912208405609,-0.05579122084056087,1
1.0,0.5548418449270073,-0.3048418449270073,2
1.0,0.5548418449270073,-0.3048418449270073,2
1.0,0.3057912208405609,-0.05579122084056087,2
1.0,0.5548418449270073,-0.3048418449270073,1
1.0,0.3057912208405609,-0.05579122084056087,1
1.0,0.0,-0.0,3
1.0,0.5548418449270073,-0.3048418449270073,1
1.0,0.3057912208405609,-0.05579122084056087,1
1.0,0.3057912208405609,-0.05579122084056087,1
1.0,0.2290091161470067,-0.0,2
1.0,0.5548418449270073,-0.3048418449270073,0
1.0,0.3057912208405609,-0.05579122084056087,2
1.0,0.3057912208405609,-0.05579122084056087,2
1.0,0.5548418449270073,-0.3048418449270073,1
1.0,0.0,-0.0,3
1.0,0.0,-0.0,3
1.0,0.5548418449270073,-0.3048418449270073,1
1.0,0.5548418449270073,-0.3048418449270073,1
1.0,0.3057912208405609,-0.05579122084056087,2
