lambda,leakage,utility,mask_size
lambda,leakage,utility,mask_size
0.25,0.22337399647872114,-0.375,3
0.25,0.03592524660768637,-0.5,4
0.25,0.22337399647872114,-0.375,3
0.25,0.015768127809462573,-0.5,4
0.25,0.004612425044516089,-0.5,4
0.25,0.03592524660768637,-0.375,3
0.25,0.22337399647872114,-0.375,3
0.25,0.05853885744745513,-0.375,3
0.25,0.0,-0.625,5
0.25,0.03592524660768637,-0.25,2
0.25,0.051126318247808444,-0.375,3
0.25,0.0008907266304110095,-0.625,5
0.25,0.22337399647872114,-0.25,2
0.25,0.05010955345870127,-0.25,2
0.25,0.03592524660768637,-0.375,3
0.25,0.05010955345870127,-0.25,2
0.25,0.05010955345870127,-0.25,2
0.25,0.22337399647872114,-0.25,2
0.25,0.05010955345870127,-0.5,4
0.25,0.03592524660768637,-0.375,3
0.25,0.03592524660768637,-0.375,3
0.25,0.22337399647872114,-0.5,4
0.25,0.013132038880604324,-0.375,3
0.25,0.03592524660768637,-0.375,3
0.25,0.05853885744745513,-0.375,3
0.25,0.22337399647872114,-0.25,2
0.25,0.03592524660768637,-0.125,1
0.25,0.22337399647872114,-0.25,2
0.25,0.22337399647872114,-0.125,1
0.25,0.03592524660768637,-0.125,1
0.25,0.03592524660768637,-0.25,2
0.25,0.05010955345870127,-0.375,3
0.25,0.22337399647872114,-0.125,1
0.25,0.22337399647872114,-0.25,2
0.25,0.22337399647872114,-0.125,1
0.25,0.0,-0.75,6
0.25,0.03592524660768637,-0.25,2
0.25,0.03592524660768637,-0.375,3
0.25,0.003306804705818678,-0.625,5
0.25,0.05853885744745513,-0.5,4
0.25,0.03592524660768637,-0.375,3
0.25,0.03592524660768637,-0.375,3
0.25,0.03592524660768637,-0.25,2
0.25,0.22337399647872114,-0.375,3
0.25,0.05010955345870127,-0.25,2
0.25,0.06016840572859605,-0.5,4
0.25,0.22337399647872114,-0.125,1
0.25,0.22337399647872114,-0.125,1
0.25,0.011469181810646378,-0.5,4
0.25,0.011469181810646378,-0.375,3
0.25,0.03592524660768637,-0.25,2
0.25,0.05010955345870127,-0.375,3
0.25,0.009414806213275395,-0.25,2
0.25,0.03592524660768637,-0.375,3
0.25,0.22337399647872114,-0.0,0
0.25,0.011469181810646378,-0.5,4
0.25,0.0,-0.75,6
0.25,0.011469181810646378,-0.375,3
0.25,0.03592524660768637,-0.25,2
0.25,0.051126318247808444,-0.375,3
0.25,0.03592524660768637,-0.25,2
0.25,0.0,-0.625,5
0.25,0.013132038880604324,-0.375,3
0.25,0.03592524660768637,-0.375,3
0.25,0.22337399647872114,-0.25,2
0.25,0.03592524660768637,-0.125,1
0.25,0.0,-0.75,6
0.25,0.03592524660768637,-0.25,2
0.25,0.22337399647872114,-0.125,1
0.25,0.22337399647872114,-0.125,1
0.25,0.22337399647872114,-0.25,2
0.25,0.22337399647872114,-0.25,2
0.25,0.22337399647872114,-0.375,3
0.25,0.05853885744745513,-0.375,3
0.25,0.05010955345870127,-0.375,3
0.25,0.22337399647872114,-0.25,2
0.25,0.009414806213275395,-0.25,2
0.25,0.004612425044516089,-0.5,4
0.25,0.051126318247808444,-0.375,3
0.25,0.05010955345870127,-0.25,2
0.25,0.03592524660768637,-0.375,3
0.25,0.22337399647872114,-0.25,2
0.25,0.03592524660768637,-0.25,2
0.25,0.008222647309668152,-0.5,4
0.25,0.22337399647872114,-0.0,0
0.25,0.06016840572859605,-0.5,4
0.25,0.22337399647872114,-0.0,0
0.25,0.03592524660768637,-0.5,4
0.25,0.22337399647872114,-0.25,2
0.25,0.03592524660768637,-0.375,3
0.25,0.009414806213275395,-0.375,3
0.25,0.22337399647872114,-0.25,2
0.25,0.22337399647872114,-0.125,1
0.25,0.03592524660768637,-0.125,1
0.25,0.009414806213275395,-0.25,2
0.25,0.009414806213275395,-0.375,3
0.25,0.22337399647872114,-0.25,2
0.25,0.22337399647872114,-0.25,2
0.25,0.22337399647872114,-0.375,3
0.25,0.05010955345870127,-0.25,2
0.25,0.42853421735144903,-0.4946335543378622,6
0.25,0.5065005929742044,-0.28912514824355107,3
0.25,0.6090400455538584,-0.31476001138846454,3
0.25,0.5069645614182471,-0.43924114035456174,5
0.25,0.5065292841479625,-0.36413232103699067,4
0.25,0.4694541344903692,-0.42986353362259233,5
0.25,0.26187931623708605,-0.45296982905927147,6
0.25,0.5422684587046469,-0.2980671146761617,3
0.25,0.5422684587046469,-0.5230671146761616,6
0.25,0.37624468341594786,-0.40656117085398696,5
0.25,0.6090400455538584,-0.31476001138846454,3
0.25,0.385599188513301,-0.4838997971283252,6
0.25,0.6623992294064142,-0.4780998073516035,5
0.25,0.46992211475481305,-0.5049805286887032,6
0.25,0.5202376749670268,-0.4425594187417567,5
0.25,0.6090400455538584,-0.46476001138846457,5
0.25,0.5742305069340705,-0.3810576267335177,4
0.25,0.5742552604116484,-0.3060638151029121,3
0.25,0.5422684587046469,-0.37306711467616177,4
0.25,0.26187931623708605,-0.3779698290592715,5
0.25,0.46992211475481305,-0.4299805286887033,5
0.25,0.6623992294064142,-0.40309980735160356,4
0.25,0.46992211475481305,-0.5799805286887032,7
0.25,0.5065292841479625,-0.36413232103699067,4
0.25,0.5065292841479625,-0.36413232103699067,4
0.25,0.5069645614182471,-0.43924114035456174,5
0.25,0.44440927545847886,-0.4986023188646197,6
0.25,0.6086948858179753,-0.3146737214544938,3
0.25,0.6086948858179753,-0.4646737214544938,5
0.25,0.26303652729247295,-0.3782591318231182,5
0.25,0.46992211475481305,-0.35498052868870333,4
0.25,0.5468475106079831,-0.3742118776519958,4
0.25,0.6090400455538584,-0.46476001138846457,5
0.25,0.5742552604116484,-0.3060638151029121,3
0.25,0.42853421735144903,-0.41963355433786226,5
0.25,0.385599188513301,-0.5588997971283252,7
0.25,0.21945273335876703,-0.375,5
0.25,0.24315756576632586,-0.675,9
0.25,0.5422684587046469,-0.2980671146761617,3
0.25,0.385599188513301,-0.40889979712832525,5
0.25,0.5422684587046469,-0.37306711467616177,4
0.25,0.44440927545847886,-0.7236023188646198,9
0.25,0.46992211475481305,-0.5799805286887032,7
0.25,0.5422684587046469,-0.37306711467616177,4
0.25,0.5206608604337979,-0.5926652151084494,7
0.25,0.37624468341594786,-0.25656117085398694,3
0.25,0.5422684587046469,-0.4480671146761617,5
0.25,0.3592419527878562,-0.477310488196964,6
0.25,0.26187931623708605,-0.3779698290592715,5
0.25,0.21940735109689347,-0.5249999999999999,7
0.25,0.5069645614182471,-0.2892411403545617,3
0.25,0.5468475106079831,-0.5242118776519957,6
0.25,0.5860822545816282,-0.45902056364540705,5
0.25,0.5468475106079831,-0.3742118776519958,4
0.25,0.6086948858179753,-0.38967372145449386,4
0.25,0.46992211475481305,-0.5799805286887032,7
0.25,0.24175913958548945,-0.675,9
0.25,0.4694541344903692,-0.3548635336225924,4
0.25,0.6623992294064142,-0.10309980735160354,0
0.25,0.385599188513301,-0.5588997971283252,7
0.25,0.26187931623708605,-0.3779698290592715,5
0.25,0.42850099142022324,-0.41962524785505584,5
0.25,0.5422684587046469,-0.37306711467616177,4
0.25,0.5422684587046469,-0.4480671146761617,5
0.25,0.46992211475481305,-0.35498052868870333,4
0.25,0.21945273335876703,-0.375,5
0.25,0.46992211475481305,-0.35498052868870333,4
0.25,0.5422684587046469,-0.5230671146761616,6
0.25,0.5742305069340705,-0.3810576267335177,4
0.25,0.24315756576632586,-0.44999999999999996,6
0.25,0.5860822545816282,-0.6090205636454069,7
0.25,0.261836400724347,-0.37795910018108675,5
0.25,0.5468475106079831,-0.3742118776519958,4
0.25,0.46992211475481305,-0.20498052868870328,2
0.25,0.4694541344903692,-0.3548635336225924,4
0.25,0.5742305069340705,-0.3810576267335177,4
0.25,0.5065292841479625,-0.21413232103699065,2
0.25,0.385599188513301,-0.40889979712832525,5
0.25,0.46992211475481305,-0.5049805286887032,6
0.25,0.385599188513301,-0.5588997971283252,7
0.25,0.4694541344903692,-0.5048635336225923,6
0.25,0.26187931623708605,-0.3779698290592715,5
0.25,0.6623992294064142,-0.40309980735160356,4
0.25,0.6090400455538584,-0.3897600113884646,4
0.25,0.3592419527878562,-0.5523104881969639,7
0.25,0.37624468341594786,-0.331561170853987,4
0.25,0.5202376749670268,-0.5925594187417567,7
0.25,0.5202376749670268,-0.36755941874175674,4
0.25,0.6090400455538584,-0.5397600113884645,6
0.25,0.3592419527878562,-0.402310488196964,5
0.25,0.24175913958548945,-0.5249999999999999,7
0.25,0.6090400455538584,-0.31476001138846454,3
0.25,0.385599188513301,-0.3338997971283253,4
0.25,0.5069645614182471,-0.43924114035456174,5
0.25,0.21945273335876703,-0.375,5
0.25,0.3592419527878562,-0.5523104881969639,7
0.25,0.24315756576632586,-0.5249999999999999,7
0.25,0.5206608604337979,-0.3676652151084495,4
0.25,0.6623992294064142,-0.17809980735160355,1
0.25,0.6623992294064142,-0.40309980735160356,4
0.25,0.07375548568242318,-0.375,6
0.25,0.1886157481530516,-0.375,6
0.25,0.1391302409109776,-0.3125,5
0.25,0.07575899813456244,-0.3125,5
0.25,0.062358006952236034,-0.5,8
0.25,0.12672254358640023,-0.375,6
0.25,0.13947309085243442,-0.4375,7
0.25,0.4199947253310894,-0.35499868133277235,5
0.25,0.08198362623217925,-0.375,6
0.25,0.27676002154231283,-0.3191900053855782,5
0.25,0.01561971796377759,-0.4375,7
0.25,0.3174628801446353,-0.5168657200361588,8
0.25,0.3254611976649975,-0.26886529941624937,4
0.25,0.3103698198059943,-0.4525924549514986,7
0.25,0.3505949339866429,-0.2751487334966607,4
0.25,0.0979489886084941,-0.4375,7
0.25,0.1758235488277866,-0.4375,7
0.25,0.13754217745055075,-0.375,6
0.25,0.3161473831452506,-0.32903684578631265,5
0.25,0.07153923200392931,-0.4375,7
0.25,0.395391227220634,-0.4113478068051585,6
0.25,0.06378992884376644,-0.375,6
0.25,0.40048075237444647,-0.3501201880936116,5
0.25,0.14401198888757627,-0.5,8
0.25,0.36960830881915396,-0.3424020772047885,5
0.25,0.12044135365660302,-0.5,8
0.25,0.013595481389246267,-0.4375,7
0.25,0.08570084578056025,-0.5625,9
0.25,0.312446696913254,-0.3906116742283135,6
0.25,0.1243456639899938,-0.375,6
0.25,0.135682350389002,-0.4375,7
0.25,0.38715465280892436,-0.2842886632022311,4
0.25,0.11568210096592169,-0.3125,5
0.25,0.11865324053951043,-0.5,8
0.25,0.4406388896832574,-0.23515972242081434,3
0.25,0.3024230005412476,-0.0756057501353119,1
0.25,0.0007233384201356108,-0.5,8
0.25,0.0774344949388257,-0.25,4
0.25,0.3152308455279912,-0.3288077113819978,5
0.25,0.07395604700685421,-0.5,8
0.25,0.0057615433349388345,-0.5,8
0.25,0.4199947253310894,-0.29249868133277235,4
0.25,0.021178536144014215,-0.4375,7
0.25,0.17700560869391335,-0.375,6
0.25,0.2703959767814541,-0.3175989941953635,5
0.25,0.38715465280892436,-0.2842886632022311,4
0.25,0.0768969134000288,-0.375,6
0.25,0.4598035770969229,-0.3024508942742307,4
0.25,0.23301141288485505,-0.1875,3
0.25,0.13483119273983069,-0.375,6
0.25,0.1030099373101242,-0.375,6
0.25,0.16032308439162912,-0.1875,3
0.25,0.10165825130765349,-0.375,6
0.25,0.17893918453904556,-0.375,6
0.25,0.12011725154870823,-0.375,6
0.25,0.04473949071500749,-0.4375,7
0.25,0.08898291563852445,-0.3125,5
0.25,0.061502359347967106,-0.375,6
0.25,0.14446774733696033,-0.375,6
0.25,0.31321294596273586,-0.26580323649068394,4
0.25,0.3292601046160202,-0.33231502615400504,5
0.25,0.07197245885197745,-0.375,6
0.25,0.0708885909457414,-0.5,8
0.25,0.2619944952694371,-0.31549862381735927,5
0.25,0.3814006228815784,-0.1578501557203946,2
0.25,0.05431711743368772,-0.4375,7
0.25,0.34829559843944236,-0.33707389960986056,5
0.25,0.12672254358640023,-0.375,6
0.25,0.11908114219973254,-0.375,6
0.25,0.3103719724634426,-0.5150929931158607,8
0.25,0.2726821726489278,-0.13067054316223195,2
0.25,0.4060926813714869,-0.2890231703428717,4
0.25,0.40943748323194484,-0.3523593708079862,5
0.25,0.061550909800466735,-0.5625,9
0.25,0.27402139972245465,-0.31850534993061363,5
0.25,0.08464059780715749,-0.375,6
0.25,0.014728222626579801,-0.5,8
0.25,0.20795184164288572,-0.4375,7
0.25,0.3975208049113568,-0.4118802012278392,6
0.25,0.17893918453904556,-0.375,6
0.25,0.14446774733696033,-0.4375,7
0.25,0.029269331547204125,-0.4375,7
0.25,0.06536092908965718,-0.4375,7
0.25,0.12672254358640023,-0.3125,5
0.25,0.34091285873977883,-0.3977282146849447,6
0.25,0.13754217745055075,-0.25,4
0.25,0.06801081298293332,-0.5,8
0.25,0.24901897357142533,-0.25,4
0.25,0.01504086714189179,-0.5625,9
0.25,0.36316989247344145,-0.34079247311836036,5
0.25,0.09822330773503263,-0.3125,5
0.25,0.08000430165431949,-0.5625,9
0.25,0.36827548533646537,-0.34206887133411634,5
0.25,0.13754217745055075,-0.375,6
0.25,0.05508309620957308,-0.4375,7
0.25,0.3975208049113568,-0.3493802012278392,5
0.25,0.0774344949388257,-0.4375,7
0.25,0.10960537600286224,-0.4375,7
0.25,0.20331554478980718,-0.3125,5
0.25,0.18569793902946485,-0.25,4
0.25,0.9680567115073361,-0.6410526394152956,8
0.25,0.9826408586840785,-0.5293140608248658,6
0.25,0.9394896498108463,-0.46083395091425006,5
0.25,0.2455785165522859,-0.46153846153846156,8
0.25,0.9826408586840785,-0.29854483005563504,2
0.25,0.9394896498108463,-0.34544933552963464,3
0.25,0.8846850956852224,-0.5625174277674594,7
0.25,0.9680567115073361,-0.46797571633837254,5
0.25,0.9826408586840785,-0.5293140608248658,6
0.25,0.8846850956852224,-0.38944050469053637,4
0.25,0.8846850956852224,-0.6779020431520748,9
0.25,0.9826408586840785,-0.4139294454402504,4
0.25,0.9394896498108463,-0.5762185662988655,7
0.25,0.9826408586840785,-0.4716217531325581,5
0.25,0.1689864093151694,-0.40384615384615385,7
0.25,0.9394896498108463,-0.46083395091425006,5
0.25,0.14621142152444744,-0.5192307692307692,9
0.25,0.9826408586840785,-0.3562371377479427,3
0.25,0.9680567115073361,-0.5256680240306801,6
0.25,0.9398289956970705,-0.4609187873858061,5
0.25,0.9680567115073361,-0.5256680240306801,6
0.25,0.8846850956852224,-0.6202097354597671,8
0.25,0.9826408586840785,-0.4716217531325581,5
0.25,0.9394896498108463,-0.5762185662988655,7
0.25,0.1421540216030207,-0.40384615384615385,7
0.25,0.9826408586840785,-0.4716217531325581,5
0.25,0.8846850956852224,-0.5625174277674594,7
0.25,0.8846850956852224,-0.5625174277674594,7
0.25,0.9826408586840785,-0.4139294454402504,4
0.25,0.10825907071422336,-0.5192307692307692,9
0.25,0.9826408586840785,-0.4716217531325581,5
0.25,0.9398289956970705,-0.5186110950781138,6
0.25,0.9680567115073361,-0.5833603317229878,7
0.25,0.9826408586840785,-0.5293140608248658,6
0.25,0.9826408586840785,-0.4716217531325581,5
0.25,0.9826408586840785,-0.6446986762094812,8
0.25,0.9826408586840785,-0.4716217531325581,5
0.25,0.9826408586840785,-0.5293140608248658,6
0.25,0.9394896498108463,-0.40314164322194235,4
0.25,0.8846850956852224,-0.7355943508443825,10
0.25,0.1689864093151694,-0.2884615384615385,5
0.25,0.9826408586840785,-0.4716217531325581,5
0.25,0.9826408586840785,-0.5293140608248658,6
0.25,0.8846850956852224,-0.5048251200751517,6
0.25,0.8846850956852224,-0.5625174277674594,7
0.25,0.9826408586840785,-0.5293140608248658,6
0.25,0.13514845205100667,-0.46153846153846156,8
0.25,0.9826408586840785,-0.4139294454402504,4
0.25,0.9398289956970705,-0.5186110950781138,6
0.25,0.8846850956852224,-0.6779020431520748,9
0.25,0.8846850956852224,-0.5048251200751517,6
0.25,0.8846850956852224,-0.5048251200751517,6
0.25,0.1222736628243225,-0.46153846153846156,8
0.25,0.9826408586840785,-0.5293140608248658,6
0.25,0.17632192147614734,-0.5192307692307692,9
0.25,0.17632192147614734,-0.34615384615384615,6
0.25,0.9826408586840785,-0.4139294454402504,4
0.25,0.2455785165522859,-0.46153846153846156,8
0.25,0.9398289956970705,-0.5186110950781138,6
0.25,0.9680567115073361,-0.5833603317229878,7
0.25,0.9826408586840785,-0.4716217531325581,5
0.25,0.9398289956970705,-0.5763034027704215,7
0.25,0.8846850956852224,-0.6779020431520748,9
0.25,0.9394896498108463,-0.34544933552963464,3
0.25,0.8846850956852224,-0.5048251200751517,6
0.25,0.08941260736401113,-0.40384615384615385,7
0.25,0.9826408586840785,-0.5293140608248658,6
0.25,0.14967373381862104,-0.5192307692307692,9
0.25,0.9680567115073361,-0.46797571633837254,5
0.25,0.9394896498108463,-0.40314164322194235,4
0.25,0.9680567115073361,-0.6987449471076032,9
0.25,0.13514845205100667,-0.40384615384615385,7
0.25,0.9826408586840785,-0.5870063685171735,7
0.25,0.9680567115073361,-0.5256680240306801,6
0.25,0.13860775127558567,-0.6346153846153846,11
0.25,0.9826408586840785,-0.5293140608248658,6
0.25,0.8846850956852224,-0.5625174277674594,7
0.25,0.9826408586840785,-0.5870063685171735,7
0.25,0.8846850956852224,-0.5625174277674594,7
0.25,0.1222736628243225,-0.34615384615384615,6
0.25,0.8846850956852224,-0.38944050469053637,4
0.25,0.9680567115073361,-0.5833603317229878,7
0.25,0.9826408586840785,-0.4716217531325581,5
0.25,0.24980936013667854,-0.46153846153846156,8
0.25,0.8846850956852224,-0.4471328123828441,5
0.25,0.8846850956852224,-0.5625174277674594,7
0.25,0.8846850956852224,-0.38944050469053637,4
0.25,0.1689864093151694,-0.34615384615384615,6
0.25,0.9394896498108463,-0.5185262586065578,6
0.25,0.9826408586840785,-0.4139294454402504,4
0.25,0.13051054943857365,-0.40384615384615385,7
0.25,0.8846850956852224,-0.5048251200751517,6
0.25,0.9826408586840785,-0.5293140608248658,6
0.25,0.9680567115073361,-0.5833603317229878,7
0.25,0.9398289956970705,-0.5186110950781138,6
0.25,0.8846850956852224,-0.6779020431520748,9
0.25,0.9680567115073361,-0.5256680240306801,6
0.25,0.9394896498108463,-0.6339108739911732,8
0.25,0.8846850956852224,-0.4471328123828441,5
0.25,0.9394896498108463,-0.5185262586065578,6
0.25,0.5548418449270073,-0.3262104612317518,1
0.25,0.5548418449270073,-0.07621046123175182,0
0.25,0.0,-0.75,3
0.25,0.2290091161470067,-0.5,2
0.25,0.5548418449270073,-0.07621046123175182,0
0.25,0.0,-0.75,3
0.25,0.5548418449270073,-0.07621046123175182,0
0.25,0.5548418449270073,-0.3262104612317518,1
0.25,0.5548418449270073,-0.07621046123175182,0
0.25,0.5548418449270073,-0.5762104612317518,2
0.25,0.5548418449270073,-0.3262104612317518,1
0.25,0.5548418449270073,-0.3262104612317518,1
0.25,0.3057912208405609,-0.5139478052101403,2
0.25,0.5548418449270073,-0.07621046123175182,0
0.25,0.5548418449270073,-0.5762104612317518,2
0.25,0.5548418449270073,-0.5762104612317518,2
0.25,0.2290091161470067,-0.5,2
0.25,0.5548418449270073,-0.3262104612317518,1
0.25,0.5548418449270073,-0.5762104612317518,2
0.25,0.3057912208405609,-0.2639478052101402,1
0.25,0.5548418449270073,-0.3262104612317518,1
0.25,0.3057912208405609,-0.2639478052101402,1
0.25,0.3057912208405609,-0.2639478052101402,1
0.25,0.5548418449270073,-0.3262104612317518,1
0.25,0.5548418449270073,-0.07621046123175182,0
0.25,0.5548418449270073,-0.3262104612317518,1
0.25,0.5548418449270073,-0.07621046123175182,0
0.25,0.5548418449270073,-0.07621046123175182,0
0.25,0.5548418449270073,-0.07621046123175182,0
0.25,0.3057912208405609,-0.5139478052101403,2
0.25,0.5548418449270073,-0.07621046123175182,0
0.25,0.3057912208405609,-0.2639478052101402,1
0.25,0.3057912208405609,-0.5139478052101403,2
0.25,0.3057912208405609,-0.2639478052101402,1
0.25,0.3057912208405609,-0.5139478052101403,2
0.25,0.5548418449270073,-0.3262104612317518,1
0.25,0.2290091161470067,-0.5,2
0.25,0.5548418449270073,-0.3262104612317518,1
0.25,0.2290091161470067,-0.5,2
0.25,0.3057912208405609,-0.5139478052101403,2
0.25,0.2290091161470067,-0.5,2
0.25,0.5548418449270073,-0.5762104612317518,2
0.25,0.2290091161470067,-0.5,2
0.25,0.5548418449270073,-0.3262104612317518,1
0.25,0.5548418449270073,-0.07621046123175182,0
0.25,0.5548418449270073,-0.07621046123175182,0
0.25,0.5548418449270073,-0.3262104612317518,1
0.25,0.5548418449270073,-0.07621046123175182,0
0.25,0.0,-0.75,3
0.25,0.5548418449270073,-0.07621046123175182,0
0.25,0.2290091161470067,-0.5,2
0.25,0.5548418449270073,-0.3262104612317518,1
0.25,0.3057912208405609,-0.5139478052101403,2
0.25,0.5548418449270073,-0.5762104612317518,2
0.25,0.5548418449270073,-0.5762104612317518,2
0.25,0.5548418449270073,-0.3262104612317518,1
0.25,0.3057912208405609,-0.5139478052101403,2
0.25,0.5548418449270073,-0.3262104612317518,1
0.25,0.5548418449270073,-0.3262104612317518,1
0.25,0.5548418449270073,-0.07621046123175182,0
0.25,0.3057912208405609,-0.2639478052101402,1
0.25,0.5548418449270073,-0.3262104612317518,1
0.25,0.5548418449270073,-0.07621046123175182,0
0.25,0.5548418449270073,-0.5762104612317518,2
0.25,0.5548418449270073,-0.07621046123175182,0
0.25,0.5548418449270073,-0.3262104612317518,1
0.25,0.5548418449270073,-0.3262104612317518,1
0.25,0.3057912208405609,-0.2639478052101402,1
0.25,0.5548418449270073,-0.07621046123175182,0
0.25,0.3057912208405609,-0.2639478052101402,1
0.25,0.0,-0.75,3
0.25,0.5548418449270073,-0.3262104612317518,1
0.25,0.3057912208405609,-0.2639478052101402,1
0.25,0.5548418449270073,-0.07621046123175182,0
0.25,0.3057912208405609,-0.5139478052101403,2
0.25,0.5548418449270073,-0.5762104612317518,2
0.25,0.3057912208405609,-0.5139478052101403,2
0.25,0.5548418449270073,-0.07621046123175182,0
0.25,0.5548418449270073,-0.3262104612317518,1
0.25,0.5548418449270073,-0.07621046123175182,0
0.25,0.3057912208405609,-0.5139478052101403,2
0.25,0.3057912208405609,-0.5139478052101403,2
0.25,0.5548418449270073,-0.07621046123175182,0
0.25,0.5548418449270073,-0.3262104612317518,1
0.25,0.5548418449270073,-0.07621046123175182,0
0.25,0.5548418449270073,-0.3262104612317518,1
0.25,0.3057912208405609,-0.5139478052101403,2
0.25,0.2290091161470067,-0.5,2
0.25,0.5548418449270073,-0.3262104612317518,1
0.25,0.3057912208405609,-0.2639478052101402,1
0.25,0.5548418449270073,-0.3262104612317518,1
0.25,0.5548418449270073,-0.07621046123175182,0
0.25,0.5548418449270073,-0.3262104612317518,1
0.25,0.5548418449270073,-0.07621046123175182,0
0.25,0.2290091161470067,-0.5,2
0.25,0.5548418449270073,-0.5762104612317518,2
0.25,0.5548418449270073,-0.5762104612317518,2
0.25,0.5548418449270073,-0.3262104612317518,1
0.25,0.0,-0.75,3
0.25,0.2290091161470067,-0.5,2
