epsilon,L0,leakage,utility,mask_size
0.1,0.75,0.03592524660768637,0.547408086725647,1
0.1,0.75,0.03592524660768637,0.547408086725647,1
0.1,0.75,0.03592524660768637,0.547408086725647,1
0.1,0.75,0.22337399647872114,0.5266260035212789,0
0.1,0.75,0.03592524660768637,0.547408086725647,1
0.1,0.75,0.03592524660768637,0.547408086725647,1
0.1,0.75,0.22337399647872114,0.5266260035212789,0
0.1,0.75,0.03592524660768637,0.547408086725647,1
0.1,0.75,0.03592524660768637,0.547408086725647,1
0.1,0.75,0.22337399647872114,0.5266260035212789,0
0.1,0.75,0.03592524660768637,0.547408086725647,1
0.1,0.75,0.0008907266304110095,-0.08422405996374438,5
0.1,0.75,0.22337399647872114,0.5266260035212789,0
0.1,0.75,0.03592524660768637,0.547408086725647,1
0.1,0.75,0.03592524660768637,0.547408086725647,1
0.1,0.75,0.22337399647872114,0.5266260035212789,0
0.1,0.75,0.22337399647872114,0.5266260035212789,0
0.1,0.75,0.03592524660768637,0.547408086725647,1
0.1,0.75,0.003306804705818678,-0.08664013803915205,5
0.1,0.75,0.003609042830710618,-0.08694237616404399,5
0.1,0.75,0.03592524660768637,0.547408086725647,1
0.1,0.75,0.003609042830710618,-0.08694237616404399,5
0.1,0.75,0.03592524660768637,0.547408086725647,1
0.1,0.75,0.22337399647872114,0.5266260035212789,0
0.1,0.75,0.003609042830710618,-0.08694237616404399,5
0.1,0.75,0.22337399647872114,0.5266260035212789,0
0.1,0.75,0.22337399647872114,0.5266260035212789,0
0.1,0.75,0.03592524660768637,0.547408086725647,1
0.1,0.75,0.009414806213275395,0.4072518604533913,2
0.1,0.75,0.008222647309668152,0.24177735269033185,3
0.1,0.75,0.03592524660768637,0.547408086725647,1
0.1,0.75,0.03592524660768637,0.547408086725647,1
0.1,0.75,0.013132038880604324,0.23686796111939568,3
0.1,0.75,0.009414806213275395,0.4072518604533913,2
0.1,0.75,0.22337399647872114,0.5266260035212789,0
0.1,0.75,0.03592524660768637,0.547408086725647,1
0.1,0.75,0.008222647309668152,0.07511068602366522,4
0.1,0.75,0.03592524660768637,0.547408086725647,1
0.1,0.75,0.0,-0.08333333333333337,5
0.1,0.75,0.22337399647872114,0.5266260035212789,0
0.1,0.75,0.004612425044516089,0.07872090828881728,4
0.1,0.75,0.03592524660768637,0.547408086725647,1
0.1,0.75,0.008222647309668152,0.07511068602366522,4
0.1,0.75,0.0,-0.08333333333333337,5
0.1,0.75,0.03592524660768637,0.547408086725647,1
0.1,0.75,0.009414806213275395,0.4072518604533913,2
0.1,0.75,0.22337399647872114,0.5266260035212789,0
0.1,0.75,0.008222647309668152,0.07511068602366522,4
0.1,0.75,0.003306804705818678,-0.08664013803915205,5
0.1,0.75,0.22337399647872114,0.5266260035212789,0
0.1,0.75,0.03592524660768637,0.547408086725647,1
0.1,0.75,0.03592524660768637,0.547408086725647,1
0.1,0.75,0.003306804705818678,-0.08664013803915205,5
0.1,0.75,0.0008907266304110095,-0.08422405996374438,5
0.1,0.75,0.03592524660768637,0.547408086725647,1
0.1,0.75,0.009414806213275395,0.4072518604533913,2
0.1,0.75,0.22337399647872114,0.5266260035212789,0
0.1,0.75,0.03592524660768637,0.547408086725647,1
0.1,0.75,0.03592524660768637,0.547408086725647,1
0.1,0.75,0.22337399647872114,0.5266260035212789,0
0.1,0.75,0.03592524660768637,0.547408086725647,1
0.1,0.75,0.004612425044516089,0.07872090828881728,4
0.1,0.75,0.009414806213275395,0.2405851937867246,3
0.1,0.75,0.03592524660768637,0.547408086725647,1
0.1,0.75,0.22337399647872114,0.5266260035212789,0
0.1,0.75,0.22337399647872114,0.5266260035212789,0
0.1,0.75,0.22337399647872114,0.5266260035212789,0
0.1,0.75,0.0008907266304110095,-0.08422405996374438,5
0.1,0.75,0.22337399647872114,0.5266260035212789,0
0.1,0.75,0.22337399647872114,0.5266260035212789,0
0.1,0.75,0.03592524660768637,0.547408086725647,1
0.1,0.75,0.22337399647872114,0.5266260035212789,0
0.1,0.75,0.22337399647872114,0.5266260035212789,0
0.1,0.75,0.009414806213275395,0.2405851937867246,3
0.1,0.75,0.22337399647872114,0.5266260035212789,0
0.1,0.75,0.03592524660768637,0.547408086725647,1
0.1,0.75,0.03592524660768637,0.547408086725647,1
0.1,0.75,0.009414806213275395,0.2405851937867246,3
0.1,0.75,0.22337399647872114,0.5266260035212789,0
0.1,0.75,0.22337399647872114,0.5266260035212789,0
0.1,0.75,0.22337399647872114,0.5266260035212789,0
0.1,0.75,0.03592524660768637,0.547408086725647,1
0.1,0.75,0.009414806213275395,0.2405851937867246,3
0.1,0.75,0.03592524660768637,0.547408086725647,1
0.1,0.75,0.22337399647872114,0.5266260035212789,0
0.1,0.75,0.009414806213275395,0.4072518604533913,2
0.1,0.75,0.009414806213275395,0.2405851937867246,3
0.1,0.75,0.03592524660768637,0.547408086725647,1
0.1,0.75,0.009414806213275395,0.4072518604533913,2
0.1,0.75,0.009414806213275395,0.4072518604533913,2
0.1,0.75,0.009414806213275395,0.07391852712005798,4
0.1,0.75,0.013132038880604324,0.07020129445272905,4
0.1,0.75,0.22337399647872114,0.5266260035212789,0
0.1,0.75,0.03592524660768637,0.547408086725647,1
0.1,0.75,0.008222647309668152,0.24177735269033185,3
0.1,0.75,0.22337399647872114,0.5266260035212789,0
0.1,0.75,0.03592524660768637,0.547408086725647,1
0.1,0.75,0.009414806213275395,0.4072518604533913,2
0.1,0.75,0.22337399647872114,0.5266260035212789,0
0.1,0.75,0.008222647309668152,0.07511068602366522,4
0.1,0.75,0.505574395670396,0.14442560432960402,1
0.1,0.75,0.505574395670396,0.14442560432960402,1
0.1,0.75,0.6623992294064142,0.08760077059358584,0
0.1,0.75,0.6623992294064142,0.08760077059358584,0
0.1,0.75,0.505574395670396,0.14442560432960402,1
0.1,0.75,0.6623992294064142,0.08760077059358584,0
0.1,0.75,0.35966634913433626,0.19033365086566373,2
0.1,0.75,0.6623992294064142,0.08760077059358584,0
0.1,0.75,0.24175913958548945,0.20824086041451056,3
0.1,0.75,0.35966634913433626,0.19033365086566373,2
0.1,0.75,0.6623992294064142,0.08760077059358584,0
0.1,0.75,0.6623992294064142,0.08760077059358584,0
0.1,0.75,0.6623992294064142,0.08760077059358584,0
0.1,0.75,0.6623992294064142,0.08760077059358584,0
0.1,0.75,0.35966634913433626,0.19033365086566373,2
0.1,0.75,0.2902622119955647,-0.3402622119955647,8
0.1,0.75,0.6623992294064142,0.08760077059358584,0
0.1,0.75,0.505574395670396,0.14442560432960402,1
0.1,0.75,0.505574395670396,0.14442560432960402,1
0.1,0.75,0.6623992294064142,0.08760077059358584,0
0.1,0.75,0.35966634913433626,0.19033365086566373,2
0.1,0.75,0.35966634913433626,0.19033365086566373,2
0.1,0.75,0.505574395670396,0.14442560432960402,1
0.1,0.75,0.6623992294064142,0.08760077059358584,0
0.1,0.75,0.21945273335876703,0.030547266641232973,5
0.1,0.75,0.6623992294064142,0.08760077059358584,0
0.1,0.75,0.505574395670396,0.14442560432960402,1
0.1,0.75,0.505574395670396,0.14442560432960402,1
0.1,0.75,0.6623992294064142,0.08760077059358584,0
0.1,0.75,0.6623992294064142,0.08760077059358584,0
0.1,0.75,0.505574395670396,0.14442560432960402,1
0.1,0.75,0.6623992294064142,0.08760077059358584,0
0.1,0.75,0.505574395670396,0.14442560432960402,1
0.1,0.75,0.35966634913433626,0.19033365086566373,2
0.1,0.75,0.505574395670396,0.14442560432960402,1
0.1,0.75,0.6623992294064142,0.08760077059358584,0
0.1,0.75,0.6623992294064142,0.08760077059358584,0
0.1,0.75,0.6623992294064142,0.08760077059358584,0
0.1,0.75,0.6623992294064142,0.08760077059358584,0
0.1,0.75,0.6623992294064142,0.08760077059358584,0
0.1,0.75,0.35966634913433626,0.19033365086566373,2
0.1,0.75,0.6623992294064142,0.08760077059358584,0
0.1,0.75,0.505574395670396,0.14442560432960402,1
0.1,0.75,0.6623992294064142,0.08760077059358584,0
0.1,0.75,0.505574395670396,0.14442560432960402,1
0.1,0.75,0.6623992294064142,0.08760077059358584,0
0.1,0.75,0.6623992294064142,0.08760077059358584,0
0.1,0.75,0.24175913958548945,0.20824086041451056,3
0.1,0.75,0.6623992294064142,0.08760077059358584,0
0.1,0.75,0.505574395670396,0.14442560432960402,1
0.1,0.75,0.6623992294064142,0.08760077059358584,0
0.1,0.75,0.6623992294064142,0.08760077059358584,0
0.1,0.75,0.6623992294064142,0.08760077059358584,0
0.1,0.75,0.505574395670396,0.14442560432960402,1
0.1,0.75,0.35966634913433626,0.19033365086566373,2
0.1,0.75,0.6623992294064142,0.08760077059358584,0
0.1,0.75,0.35966634913433626,0.19033365086566373,2
0.1,0.75,0.6623992294064142,0.08760077059358584,0
0.1,0.75,0.505574395670396,0.14442560432960402,1
0.1,0.75,0.6623992294064142,0.08760077059358584,0
0.1,0.75,0.24175913958548945,0.20824086041451056,3
0.1,0.75,0.6623992294064142,0.08760077059358584,0
0.1,0.75,0.6623992294064142,0.08760077059358584,0
0.1,0.75,0.6623992294064142,0.08760077059358584,0
0.1,0.75,0.505574395670396,0.14442560432960402,1
0.1,0.75,0.505574395670396,0.14442560432960402,1
0.1,0.75,0.24175913958548945,0.20824086041451056,3
0.1,0.75,0.24175913958548945,0.20824086041451056,3
0.1,0.75,0.505574395670396,0.14442560432960402,1
0.1,0.75,0.6623992294064142,0.08760077059358584,0
0.1,0.75,0.24175913958548945,0.20824086041451056,3
0.1,0.75,0.24175913958548945,0.20824086041451056,3
0.1,0.75,0.505574395670396,0.14442560432960402,1
0.1,0.75,0.6623992294064142,0.08760077059358584,0
0.1,0.75,0.505574395670396,0.14442560432960402,1
0.1,0.75,0.6623992294064142,0.08760077059358584,0
0.1,0.75,0.6623992294064142,0.08760077059358584,0
0.1,0.75,0.6623992294064142,0.08760077059358584,0
0.1,0.75,0.6623992294064142,0.08760077059358584,0
0.1,0.75,0.24175913958548945,0.20824086041451056,3
0.1,0.75,0.0002521225070323263,-0.15025212250703235,9
0.1,0.75,0.505574395670396,0.14442560432960402,1
0.1,0.75,0.6623992294064142,0.08760077059358584,0
0.1,0.75,0.6623992294064142,0.08760077059358584,0
0.1,0.75,0.6623992294064142,0.08760077059358584,0
0.1,0.75,0.6623992294064142,0.08760077059358584,0
0.1,0.75,0.24175913958548945,0.20824086041451056,3
0.1,0.75,0.505574395670396,0.14442560432960402,1
0.1,0.75,0.24175913958548945,0.20824086041451056,3
0.1,0.75,0.6623992294064142,0.08760077059358584,0
0.1,0.75,0.505574395670396,0.14442560432960402,1
0.1,0.75,0.505574395670396,0.14442560432960402,1
0.1,0.75,0.505574395670396,0.14442560432960402,1
0.1,0.75,0.505574395670396,0.14442560432960402,1
0.1,0.75,0.505574395670396,0.14442560432960402,1
0.1,0.75,0.505574395670396,0.14442560432960402,1
0.1,0.75,0.6623992294064142,0.08760077059358584,0
0.1,0.75,0.6623992294064142,0.08760077059358584,0
0.1,0.75,0.505574395670396,0.14442560432960402,1
0.1,0.75,0.6623992294064142,0.08760077059358584,0
0.1,0.75,0.49122554744404323,0.25877445255595677,0
0.1,0.75,0.2726821726489278,0.3939844940177389,1
0.1,0.75,0.49122554744404323,0.25877445255595677,0
0.1,0.75,0.2726821726489278,0.3939844940177389,1
0.1,0.75,0.2726821726489278,0.3939844940177389,1
0.1,0.75,0.06176386311147131,0.271569470221862,5
0.1,0.75,0.0714832855581572,0.3451833811085095,4
0.1,0.75,0.49122554744404323,0.25877445255595677,0
0.1,0.75,0.49122554744404323,0.25877445255595677,0
0.1,0.75,0.49122554744404323,0.25877445255595677,0
0.1,0.75,0.2703959767814541,0.31293735655187926,2
0.1,0.75,0.49122554744404323,0.25877445255595677,0
0.1,0.75,0.49122554744404323,0.25877445255595677,0
0.1,0.75,0.2726821726489278,0.3939844940177389,1
0.1,0.75,0.0015386816054189234,-0.0015386816054189234,9
0.1,0.75,0.2703959767814541,0.31293735655187926,2
0.1,0.75,0.0008166766726109831,-0.0008166766726109831,9
0.1,0.75,0.2726821726489278,0.3939844940177389,1
0.1,0.75,0.49122554744404323,0.25877445255595677,0
0.1,0.75,0.2726821726489278,0.3939844940177389,1
0.1,0.75,0.49122554744404323,0.25877445255595677,0
0.1,0.75,0.2703959767814541,0.31293735655187926,2
0.1,0.75,0.49122554744404323,0.25877445255595677,0
0.1,0.75,0.2703959767814541,0.31293735655187926,2
0.1,0.75,0.11260015870728857,0.38739984129271143,3
0.1,0.75,0.49122554744404323,0.25877445255595677,0
0.1,0.75,0.2726821726489278,0.3939844940177389,1
0.1,0.75,0.49122554744404323,0.25877445255595677,0
0.1,0.75,0.2726821726489278,0.3939844940177389,1
0.1,0.75,0.49122554744404323,0.25877445255595677,0
0.1,0.75,0.2726821726489278,0.3939844940177389,1
0.1,0.75,0.49122554744404323,0.25877445255595677,0
0.1,0.75,0.2726821726489278,0.3939844940177389,1
0.1,0.75,0.49122554744404323,0.25877445255595677,0
0.1,0.75,0.49122554744404323,0.25877445255595677,0
0.1,0.75,0.49122554744404323,0.25877445255595677,0
0.1,0.75,0.49122554744404323,0.25877445255595677,0
0.1,0.75,0.49122554744404323,0.25877445255595677,0
0.1,0.75,0.11260015870728857,0.38739984129271143,3
0.1,0.75,0.49122554744404323,0.25877445255595677,0
0.1,0.75,0.2703959767814541,0.31293735655187926,2
0.1,0.75,0.49122554744404323,0.25877445255595677,0
0.1,0.75,0.2726821726489278,0.3939844940177389,1
0.1,0.75,0.0714832855581572,0.3451833811085095,4
0.1,0.75,0.2703959767814541,0.31293735655187926,2
0.1,0.75,0.2726821726489278,0.3939844940177389,1
0.1,0.75,0.2726821726489278,0.3939844940177389,1
0.1,0.75,0.49122554744404323,0.25877445255595677,0
0.1,0.75,0.49122554744404323,0.25877445255595677,0
0.1,0.75,0.2703959767814541,0.31293735655187926,2
0.1,0.75,0.49122554744404323,0.25877445255595677,0
0.1,0.75,0.11260015870728857,0.38739984129271143,3
0.1,0.75,0.2726821726489278,0.3939844940177389,1
0.1,0.75,0.2726821726489278,0.3939844940177389,1
0.1,0.75,0.2726821726489278,0.3939844940177389,1
0.1,0.75,0.11260015870728857,0.38739984129271143,3
0.1,0.75,0.2726821726489278,0.3939844940177389,1
0.1,0.75,0.49122554744404323,0.25877445255595677,0
0.1,0.75,0.2703959767814541,0.31293735655187926,2
0.1,0.75,0.49122554744404323,0.25877445255595677,0
0.1,0.75,0.49122554744404323,0.25877445255595677,0
0.1,0.75,0.2726821726489278,0.3939844940177389,1
0.1,0.75,0.49122554744404323,0.25877445255595677,0
0.1,0.75,0.49122554744404323,0.25877445255595677,0
0.1,0.75,0.2703959767814541,0.31293735655187926,2
0.1,0.75,0.2726821726489278,0.3939844940177389,1
0.1,0.75,0.2703959767814541,0.31293735655187926,2
0.1,0.75,0.49122554744404323,0.25877445255595677,0
0.1,0.75,0.2703959767814541,0.31293735655187926,2
0.1,0.75,0.0714832855581572,0.3451833811085095,4
0.1,0.75,0.11260015870728857,0.38739984129271143,3
0.1,0.75,0.2726821726489278,0.3939844940177389,1
0.1,0.75,0.2726821726489278,0.3939844940177389,1
0.1,0.75,0.2703959767814541,0.31293735655187926,2
0.1,0.75,0.49122554744404323,0.25877445255595677,0
0.1,0.75,0.49122554744404323,0.25877445255595677,0
0.1,0.75,0.49122554744404323,0.25877445255595677,0
0.1,0.75,0.2726821726489278,0.3939844940177389,1
0.1,0.75,0.2726821726489278,0.3939844940177389,1
0.1,0.75,0.11260015870728857,0.38739984129271143,3
0.1,0.75,0.2703959767814541,0.31293735655187926,2
0.1,0.75,0.49122554744404323,0.25877445255595677,0
0.1,0.75,0.2726821726489278,0.3939844940177389,1
0.1,0.75,0.0714832855581572,0.3451833811085095,4
0.1,0.75,0.2726821726489278,0.3939844940177389,1
0.1,0.75,0.0714832855581572,0.3451833811085095,4
0.1,0.75,0.2726821726489278,0.3939844940177389,1
0.1,0.75,0.2703959767814541,0.31293735655187926,2
0.1,0.75,0.49122554744404323,0.25877445255595677,0
0.1,0.75,0.49122554744404323,0.25877445255595677,0
0.1,0.75,0.2703959767814541,0.31293735655187926,2
0.1,0.75,0.49122554744404323,0.25877445255595677,0
0.1,0.75,0.2726821726489278,0.3939844940177389,1
0.1,0.75,0.2726821726489278,0.3939844940177389,1
0.1,0.75,0.0714832855581572,0.3451833811085095,4
0.1,0.75,0.2726821726489278,0.3939844940177389,1
0.1,0.75,0.49122554744404323,0.25877445255595677,0
0.1,0.75,0.0714832855581572,0.3451833811085095,4
0.1,0.75,0.49122554744404323,0.25877445255595677,0
0.1,0.75,0.49122554744404323,0.25877445255595677,0
0.1,0.75,0.9826408586840785,0.0,0
0.1,0.75,0.9826408586840785,0.0,0
0.1,0.75,0.9826408586840785,0.0,0
0.1,0.75,0.7637041577312637,-0.07692307692307693,1
0.1,0.75,0.7637041577312637,-0.07692307692307693,1
0.1,0.75,0.12227457575795886,-0.218428421911805,11
0.1,0.75,0.08907123541814055,-0.1852250815719867,11
0.1,0.75,0.08788882874402859,-0.18404267489787474,11
0.1,0.75,0.7637041577312637,-0.07692307692307693,1
0.1,0.75,0.7637041577312637,-0.07692307692307693,1
0.1,0.75,0.7637041577312637,-0.07692307692307693,1
0.1,0.75,0.9826408586840785,0.0,0
0.1,0.75,0.7637041577312637,-0.07692307692307693,1
0.1,0.75,0.7637041577312637,-0.07692307692307693,1
0.1,0.75,0.0,-0.09615384615384615,11
0.1,0.75,0.9826408586840785,0.0,0
0.1,0.75,0.9826408586840785,0.0,0
0.1,0.75,0.9826408586840785,0.0,0
0.1,0.75,0.9826408586840785,0.0,0
0.1,0.75,0.9826408586840785,0.0,0
0.1,0.75,0.9826408586840785,0.0,0
0.1,0.75,0.17632192147614734,0.3429088477546219,3
0.1,0.75,0.9826408586840785,0.0,0
0.1,0.75,0.7637041577312637,-0.07692307692307693,1
0.1,0.75,0.1689864093151694,0.19639820606944597,5
0.1,0.75,0.9826408586840785,0.0,0
0.1,0.75,0.7637041577312637,-0.07692307692307693,1
0.1,0.75,0.7637041577312637,-0.07692307692307693,1
0.1,0.75,0.24980936013667854,-0.3459632062905247,11
0.1,0.75,0.7637041577312637,-0.07692307692307693,1
0.1,0.75,0.1689864093151694,0.11947512914636904,6
0.1,0.75,0.9826408586840785,0.0,0
0.1,0.75,0.17632192147614734,0.1121396169853911,6
0.1,0.75,0.08788882874402859,-0.18404267489787474,11
0.1,0.75,0.9826408586840785,0.0,0
0.1,0.75,0.9826408586840785,0.0,0
0.1,0.75,0.24980936013667854,-0.11519397552129396,8
0.1,0.75,0.9826408586840785,0.0,0
0.1,0.75,0.7637041577312637,-0.07692307692307693,1
0.1,0.75,0.7637041577312637,-0.07692307692307693,1
0.1,0.75,0.9826408586840785,0.0,0
0.1,0.75,0.9826408586840785,0.0,0
0.1,0.75,0.9826408586840785,0.0,0
0.1,0.75,0.9826408586840785,0.0,0
0.1,0.75,0.7637041577312637,-0.07692307692307693,1
0.1,0.75,0.9826408586840785,0.0,0
0.1,0.75,0.7637041577312637,-0.07692307692307693,1
0.1,0.75,0.9826408586840785,0.0,0
0.1,0.75,0.7637041577312637,-0.07692307692307693,1
0.1,0.75,0.7637041577312637,-0.07692307692307693,1
0.1,0.75,0.7637041577312637,-0.07692307692307693,1
0.1,0.75,0.13860775127558567,-0.0039923666602010854,8
0.1,0.75,0.9826408586840785,0.0,0
0.1,0.75,0.7637041577312637,-0.07692307692307693,1
0.1,0.75,0.7637041577312637,-0.07692307692307693,1
0.1,0.75,0.9826408586840785,0.0,0
0.1,0.75,0.17632192147614734,0.4198319246776988,2
0.1,0.75,0.7637041577312637,-0.07692307692307693,1
0.1,0.75,0.17364678630049102,0.11481475216104742,6
0.1,0.75,0.9826408586840785,0.0,0
0.1,0.75,0.7637041577312637,-0.07692307692307693,1
0.1,0.75,0.9826408586840785,0.0,0
0.1,0.75,0.24980936013667854,-0.3459632062905247,11
0.1,0.75,0.11960338386169278,-0.21575723001553893,11
0.1,0.75,0.9826408586840785,0.0,0
0.1,0.75,0.9826408586840785,0.0,0
0.1,0.75,0.08907123541814055,0.04554414919724403,8
0.1,0.75,0.9826408586840785,0.0,0
0.1,0.75,0.12744625720955838,0.16101528125198006,6
0.1,0.75,0.7637041577312637,-0.07692307692307693,1
0.1,0.75,0.9826408586840785,0.0,0
0.1,0.75,0.9826408586840785,0.0,0
0.1,0.75,0.17632192147614734,0.18906269390846803,5
0.1,0.75,0.11960338386169278,-0.21575723001553893,11
0.1,0.75,0.9826408586840785,0.0,0
0.1,0.75,0.7637041577312637,-0.07692307692307693,1
0.1,0.75,0.1222736628243225,-0.21842750897816865,11
0.1,0.75,0.18094116044347042,0.3382896087872988,3
0.1,0.75,0.7637041577312637,-0.07692307692307693,1
0.1,0.75,0.7637041577312637,-0.07692307692307693,1
0.1,0.75,0.24980936013667854,0.0386521783248599,6
0.1,0.75,0.9826408586840785,0.0,0
0.1,0.75,0.9826408586840785,0.0,0
0.1,0.75,0.9826408586840785,0.0,0
0.1,0.75,0.12744625720955838,0.16101528125198006,6
0.1,0.75,0.17632192147614734,0.1121396169853911,6
0.1,0.75,0.9826408586840785,0.0,0
0.1,0.75,0.9826408586840785,0.0,0
0.1,0.75,0.9826408586840785,0.0,0
0.1,0.75,0.9826408586840785,0.0,0
0.1,0.75,0.9826408586840785,0.0,0
0.1,0.75,0.9826408586840785,0.0,0
0.1,0.75,0.9826408586840785,0.0,0
0.1,0.75,0.13514845205100667,-0.23130229820485282,11
0.1,0.75,0.9826408586840785,0.0,0
0.1,0.75,0.7637041577312637,-0.07692307692307693,1
0.1,0.75,0.11960338386169278,-0.21575723001553893,11
0.1,0.75,0.23553045167227926,-0.25476122090304854,10
0.1,0.75,0.9826408586840785,0.0,0
0.1,0.75,0.1689864093151694,0.11947512914636904,6
0.1,0.75,0.0,-0.25,3
0.1,0.75,0.5548418449270073,0.19515815507299272,0
0.1,0.75,0.3057912208405609,0.11087544582610581,1
0.1,0.75,0.5548418449270073,0.19515815507299272,0
0.1,0.75,0.3057912208405609,0.11087544582610581,1
0.1,0.75,0.3057912208405609,0.11087544582610581,1
0.1,0.75,0.0,-0.25,3
0.1,0.75,0.5548418449270073,0.19515815507299272,0
0.1,0.75,0.5548418449270073,0.19515815507299272,0
0.1,0.75,0.0,-0.25,3
0.1,0.75,0.5548418449270073,0.19515815507299272,0
0.1,0.75,0.5548418449270073,0.19515815507299272,0
0.1,0.75,0.3057912208405609,0.11087544582610581,1
0.1,0.75,0.5548418449270073,0.19515815507299272,0
0.1,0.75,0.0,-0.25,3
0.1,0.75,0.5548418449270073,0.19515815507299272,0
0.1,0.75,0.5548418449270073,0.19515815507299272,0
0.1,0.75,0.3057912208405609,0.11087544582610581,1
0.1,0.75,0.5548418449270073,0.19515815507299272,0
0.1,0.75,0.5548418449270073,0.19515815507299272,0
0.1,0.75,0.5548418449270073,0.19515815507299272,0
0.1,0.75,0.5548418449270073,0.19515815507299272,0
0.1,0.75,0.5548418449270073,0.19515815507299272,0
0.1,0.75,0.5548418449270073,0.19515815507299272,0
0.1,0.75,0.5548418449270073,0.19515815507299272,0
0.1,0.75,0.5548418449270073,0.19515815507299272,0
0.1,0.75,0.5548418449270073,0.19515815507299272,0
0.1,0.75,0.5548418449270073,0.19515815507299272,0
0.1,0.75,0.3057912208405609,0.11087544582610581,1
0.1,0.75,0.5548418449270073,0.19515815507299272,0
0.1,0.75,0.3057912208405609,0.11087544582610581,1
0.1,0.75,0.5548418449270073,0.19515815507299272,0
0.1,0.75,0.5548418449270073,0.19515815507299272,0
0.1,0.75,0.3057912208405609,0.11087544582610581,1
0.1,0.75,0.0,-0.25,3
0.1,0.75,0.0,-0.25,3
0.1,0.75,0.3057912208405609,0.11087544582610581,1
0.1,0.75,0.5548418449270073,0.19515815507299272,0
0.1,0.75,0.5548418449270073,0.19515815507299272,0
0.1,0.75,0.5548418449270073,0.19515815507299272,0
0.1,0.75,0.5548418449270073,0.19515815507299272,0
0.1,0.75,0.5548418449270073,0.19515815507299272,0
0.1,0.75,0.5548418449270073,0.19515815507299272,0
0.1,0.75,0.2290091161470067,-0.14567578281367333,2
0.1,0.75,0.2290091161470067,-0.14567578281367333,2
0.1,0.75,0.5548418449270073,0.19515815507299272,0
0.1,0.75,0.3057912208405609,0.11087544582610581,1
0.1,0.75,0.5548418449270073,0.19515815507299272,0
0.1,0.75,0.5548418449270073,0.19515815507299272,0
0.1,0.75,0.3057912208405609,-0.2224578875072275,2
0.1,0.75,0.0,-0.25,3
0.1,0.75,0.0,-0.25,3
0.1,0.75,0.3057912208405609,0.11087544582610581,1
0.1,0.75,0.5548418449270073,0.19515815507299272,0
0.1,0.75,0.3057912208405609,-0.2224578875072275,2
0.1,0.75,0.0,-0.25,3
0.1,0.75,0.5548418449270073,0.19515815507299272,0
0.1,0.75,0.5548418449270073,0.19515815507299272,0
0.1,0.75,0.3057912208405609,0.11087544582610581,1
0.1,0.75,0.0,-0.25,3
0.1,0.75,0.2290091161470067,-0.14567578281367333,2
0.1,0.75,0.3057912208405609,0.11087544582610581,1
0.1,0.75,0.5548418449270073,0.19515815507299272,0
0.1,0.75,0.3057912208405609,0.11087544582610581,1
0.1,0.75,0.3057912208405609,0.11087544582610581,1
0.1,0.75,0.3057912208405609,0.11087544582610581,1
0.1,0.75,0.3057912208405609,0.11087544582610581,1
0.1,0.75,0.5548418449270073,0.19515815507299272,0
0.1,0.75,0.3057912208405609,-0.2224578875072275,2
0.1,0.75,0.5548418449270073,0.19515815507299272,0
0.1,0.75,0.5548418449270073,0.19515815507299272,0
0.1,0.75,0.5548418449270073,0.19515815507299272,0
0.1,0.75,0.2290091161470067,-0.14567578281367333,2
0.1,0.75,0.5548418449270073,0.19515815507299272,0
0.1,0.75,0.3057912208405609,0.11087544582610581,1
0.1,0.75,0.0,-0.25,3
0.1,0.75,0.3057912208405609,-0.2224578875072275,2
0.1,0.75,0.5548418449270073,0.19515815507299272,0
0.1,0.75,0.5548418449270073,0.19515815507299272,0
0.1,0.75,0.5548418449270073,0.19515815507299272,0
0.1,0.75,0.3057912208405609,0.11087544582610581,1
0.1,0.75,0.0,-0.25,3
0.1,0.75,0.5548418449270073,0.19515815507299272,0
0.1,0.75,0.5548418449270073,0.19515815507299272,0
0.1,0.75,0.3057912208405609,0.11087544582610581,1
0.1,0.75,0.0,-0.25,3
0.1,0.75,0.2290091161470067,-0.14567578281367333,2
0.1,0.75,0.0,-0.25,3
0.1,0.75,0.5548418449270073,0.19515815507299272,0
0.1,0.75,0.5548418449270073,0.19515815507299272,0
0.1,0.75,0.5548418449270073,0.19515815507299272,0
0.1,0.75,0.3057912208405609,0.11087544582610581,1
0.1,0.75,0.0,-0.25,3
0.1,0.75,0.0,-0.25,3
0.1,0.75,0.5548418449270073,0.19515815507299272,0
0.1,0.75,0.5548418449270073,0.19515815507299272,0
0.1,0.75,0.3057912208405609,-0.2224578875072275,2
0.1,0.75,0.5548418449270073,0.19515815507299272,0
0.1,0.75,0.3057912208405609,0.11087544582610581,1
0.1,0.75,0.3057912208405609,0.11087544582610581,1
