epsilon,L0,leakage,utility,mask_size
1,0.25,0.03592524660768637,0.047408086725646975,1
1,0.25,0.008222647309668152,-0.25822264730966815,3
1,0.25,0.22337399647872114,0.026626003521278863,0
1,0.25,0.013132038880604324,-0.2631320388806043,3
1,0.25,0.22337399647872114,0.026626003521278863,0
1,0.25,0.03592524660768637,0.047408086725646975,1
1,0.25,0.009414806213275395,-0.426081472879942,4
1,0.25,0.03592524660768637,0.047408086725646975,1
1,0.25,0.03592524660768637,0.047408086725646975,1
1,0.25,0.03592524660768637,0.047408086725646975,1
1,0.25,0.03592524660768637,0.047408086725646975,1
1,0.25,0.0008907266304110095,-0.5842240599637444,5
1,0.25,0.22337399647872114,0.026626003521278863,0
1,0.25,0.22337399647872114,0.026626003521278863,0
1,0.25,0.0,-0.5833333333333334,5
1,0.25,0.22337399647872114,0.026626003521278863,0
1,0.25,0.0,-0.5833333333333334,5
1,0.25,0.0008907266304110095,-0.5842240599637444,5
1,0.25,0.03592524660768637,0.047408086725646975,1
1,0.25,0.22337399647872114,0.026626003521278863,0
1,0.25,0.008222647309668152,-0.25822264730966815,3
1,0.25,0.03592524660768637,0.047408086725646975,1
1,0.25,0.03592524660768637,0.047408086725646975,1
1,0.25,0.009414806213275395,-0.426081472879942,4
1,0.25,0.22337399647872114,0.026626003521278863,0
1,0.25,0.22337399647872114,0.026626003521278863,0
1,0.25,0.22337399647872114,0.026626003521278863,0
1,0.25,0.03592524660768637,0.047408086725646975,1
1,0.25,0.003306804705818678,-0.586640138039152,5
1,0.25,0.03592524660768637,0.047408086725646975,1
1,0.25,0.03592524660768637,0.047408086725646975,1
1,0.25,0.22337399647872114,0.026626003521278863,0
1,0.25,0.03592524660768637,0.047408086725646975,1
1,0.25,0.03592524660768637,0.047408086725646975,1
1,0.25,0.008222647309668152,-0.25822264730966815,3
1,0.25,0.0,-0.5833333333333334,5
1,0.25,0.009414806213275395,-0.2594148062132754,3
1,0.25,0.03592524660768637,0.047408086725646975,1
1,0.25,0.008222647309668152,-0.25822264730966815,3
1,0.25,0.22337399647872114,0.026626003521278863,0
1,0.25,0.009414806213275395,-0.2594148062132754,3
1,0.25,0.009414806213275395,-0.2594148062132754,3
1,0.25,0.013132038880604324,-0.2631320388806043,3
1,0.25,0.011469181810646378,-0.428135848477313,4
1,0.25,0.03592524660768637,0.047408086725646975,1
1,0.25,0.22337399647872114,0.026626003521278863,0
1,0.25,0.22337399647872114,0.026626003521278863,0
1,0.25,0.03592524660768637,0.047408086725646975,1
1,0.25,0.03592524660768637,0.047408086725646975,1
1,0.25,0.22337399647872114,0.026626003521278863,0
1,0.25,0.03592524660768637,0.047408086725646975,1
1,0.25,0.22337399647872114,0.026626003521278863,0
1,0.25,0.22337399647872114,0.026626003521278863,0
1,0.25,0.22337399647872114,0.026626003521278863,0
1,0.25,0.22337399647872114,0.026626003521278863,0
1,0.25,0.22337399647872114,0.026626003521278863,0
1,0.25,0.03592524660768637,0.047408086725646975,1
1,0.25,0.03592524660768637,0.047408086725646975,1
1,0.25,0.03592524660768637,0.047408086725646975,1
1,0.25,0.009414806213275395,-0.09274813954660871,2
1,0.25,0.009414806213275395,-0.426081472879942,4
1,0.25,0.22337399647872114,0.026626003521278863,0
1,0.25,0.003306804705818678,-0.586640138039152,5
1,0.25,0.03592524660768637,0.047408086725646975,1
1,0.25,0.22337399647872114,0.026626003521278863,0
1,0.25,0.22337399647872114,0.026626003521278863,0
1,0.25,0.003306804705818678,-0.586640138039152,5
1,0.25,0.013132038880604324,-0.42979870554727095,4
1,0.25,0.03592524660768637,0.047408086725646975,1
1,0.25,0.0008907266304110095,-0.5842240599637444,5
1,0.25,0.22337399647872114,0.026626003521278863,0
1,0.25,0.03592524660768637,0.047408086725646975,1
1,0.25,0.22337399647872114,0.026626003521278863,0
1,0.25,0.22337399647872114,0.026626003521278863,0
1,0.25,0.22337399647872114,0.026626003521278863,0
1,0.25,0.22337399647872114,0.026626003521278863,0
1,0.25,0.22337399647872114,0.026626003521278863,0
1,0.25,0.22337399647872114,0.026626003521278863,0
1,0.25,0.22337399647872114,0.026626003521278863,0
1,0.25,0.03592524660768637,0.047408086725646975,1
1,0.25,0.003609042830710618,-0.586942376164044,5
1,0.25,0.22337399647872114,0.026626003521278863,0
1,0.25,0.009414806213275395,-0.2594148062132754,3
1,0.25,0.03592524660768637,0.047408086725646975,1
1,0.25,0.22337399647872114,0.026626003521278863,0
1,0.25,0.22337399647872114,0.026626003521278863,0
1,0.25,0.03592524660768637,0.047408086725646975,1
1,0.25,0.008222647309668152,-0.4248893139763348,4
1,0.25,0.03592524660768637,0.047408086725646975,1
1,0.25,0.008222647309668152,-0.25822264730966815,3
1,0.25,0.008222647309668152,-0.25822264730966815,3
1,0.25,0.03592524660768637,0.047408086725646975,1
1,0.25,0.22337399647872114,0.026626003521278863,0
1,0.25,0.008222647309668152,-0.4248893139763348,4
1,0.25,0.22337399647872114,0.026626003521278863,0
1,0.25,0.22337399647872114,0.026626003521278863,0
1,0.25,0.009414806213275395,-0.09274813954660871,2
1,0.25,0.03592524660768637,0.047408086725646975,1
1,0.25,0.03592524660768637,0.047408086725646975,1
1,0.25,0.22337399647872114,0.026626003521278863,0
1,0.25,0.6623992294064142,0.0,0
1,0.25,0.505574395670396,-0.1,1
1,0.25,0.6623992294064142,0.0,0
1,0.25,0.6623992294064142,0.0,0
1,0.25,0.6623992294064142,0.0,0
1,0.25,0.505574395670396,-0.1,1
1,0.25,0.6623992294064142,0.0,0
1,0.25,0.505574395670396,-0.1,1
1,0.25,0.35966634913433626,-0.2,2
1,0.25,0.6623992294064142,0.0,0
1,0.25,0.6623992294064142,0.0,0
1,0.25,0.505574395670396,-0.1,1
1,0.25,0.24175913958548945,-0.29175913958548944,3
1,0.25,0.35966634913433626,-0.2,2
1,0.25,0.6623992294064142,0.0,0
1,0.25,0.6623992294064142,0.0,0
1,0.25,0.6623992294064142,0.0,0
1,0.25,0.505574395670396,-0.1,1
1,0.25,0.6623992294064142,0.0,0
1,0.25,0.6623992294064142,0.0,0
1,0.25,0.505574395670396,-0.1,1
1,0.25,0.505574395670396,-0.1,1
1,0.25,0.6623992294064142,0.0,0
1,0.25,0.6623992294064142,0.0,0
1,0.25,0.505574395670396,-0.1,1
1,0.25,0.6623992294064142,0.0,0
1,0.25,0.35966634913433626,-0.2,2
1,0.25,0.505574395670396,-0.1,1
1,0.25,0.35966634913433626,-0.2,2
1,0.25,0.24175913958548945,-0.29175913958548944,3
1,0.25,0.505574395670396,-0.1,1
1,0.25,0.505574395670396,-0.1,1
1,0.25,0.505574395670396,-0.1,1
1,0.25,0.6623992294064142,0.0,0
1,0.25,0.24175913958548945,-0.29175913958548944,3
1,0.25,0.6623992294064142,0.0,0
1,0.25,0.6623992294064142,0.0,0
1,0.25,0.6623992294064142,0.0,0
1,0.25,0.24175913958548945,-0.29175913958548944,3
1,0.25,0.6623992294064142,0.0,0
1,0.25,0.6623992294064142,0.0,0
1,0.25,0.6623992294064142,0.0,0
1,0.25,0.6623992294064142,0.0,0
1,0.25,0.505574395670396,-0.1,1
1,0.25,0.505574395670396,-0.1,1
1,0.25,0.35966634913433626,-0.2,2
1,0.25,0.505574395670396,-0.1,1
1,0.25,0.6623992294064142,0.0,0
1,0.25,0.6623992294064142,0.0,0
1,0.25,0.6623992294064142,0.0,0
1,0.25,0.505574395670396,-0.1,1
1,0.25,0.6623992294064142,0.0,0
1,0.25,0.505574395670396,-0.1,1
1,0.25,0.6623992294064142,0.0,0
1,0.25,0.505574395670396,-0.1,1
1,0.25,0.6623992294064142,0.0,0
1,0.25,0.505574395670396,-0.1,1
1,0.25,0.6623992294064142,0.0,0
1,0.25,0.24175913958548945,-0.29175913958548944,3
1,0.25,0.505574395670396,-0.1,1
1,0.25,0.6623992294064142,0.0,0
1,0.25,0.6623992294064142,0.0,0
1,0.25,0.6623992294064142,0.0,0
1,0.25,0.505574395670396,-0.1,1
1,0.25,0.21945273335876703,-0.669452733358767,7
1,0.25,0.505574395670396,-0.1,1
1,0.25,0.6623992294064142,0.0,0
1,0.25,0.24175913958548945,-0.29175913958548944,3
1,0.25,0.35966634913433626,-0.2,2
1,0.25,0.505574395670396,-0.1,1
1,0.25,0.6623992294064142,0.0,0
1,0.25,0.505574395670396,-0.1,1
1,0.25,0.6623992294064142,0.0,0
1,0.25,0.6623992294064142,0.0,0
1,0.25,0.505574395670396,-0.1,1
1,0.25,0.35966634913433626,-0.2,2
1,0.25,0.24175913958548945,-0.29175913958548944,3
1,0.25,0.505574395670396,-0.1,1
1,0.25,0.6623992294064142,0.0,0
1,0.25,0.505574395670396,-0.1,1
1,0.25,0.505574395670396,-0.1,1
1,0.25,0.6623992294064142,0.0,0
1,0.25,0.6623992294064142,0.0,0
1,0.25,0.6623992294064142,0.0,0
1,0.25,0.6623992294064142,0.0,0
1,0.25,0.24175913958548945,-0.29175913958548944,3
1,0.25,0.6623992294064142,0.0,0
1,0.25,0.505574395670396,-0.1,1
1,0.25,0.6623992294064142,0.0,0
1,0.25,0.505574395670396,-0.1,1
1,0.25,0.505574395670396,-0.1,1
1,0.25,0.6623992294064142,0.0,0
1,0.25,0.6623992294064142,0.0,0
1,0.25,0.505574395670396,-0.1,1
1,0.25,0.6623992294064142,0.0,0
1,0.25,0.24175913958548945,-0.29175913958548944,3
1,0.25,0.6623992294064142,0.0,0
1,0.25,0.505574395670396,-0.1,1
1,0.25,0.505574395670396,-0.1,1
1,0.25,0.35966634913433626,-0.2,2
1,0.25,0.11260015870728857,-0.11260015870728857,3
1,0.25,0.2726821726489278,-0.08333333333333333,1
1,0.25,0.2703959767814541,-0.16666666666666666,2
1,0.25,0.2726821726489278,-0.08333333333333333,1
1,0.25,0.2726821726489278,-0.08333333333333333,1
1,0.25,0.06176386311147131,-0.228430529778138,5
1,0.25,0.2726821726489278,-0.08333333333333333,1
1,0.25,0.49122554744404323,0.0,0
1,0.25,0.2703959767814541,-0.16666666666666666,2
1,0.25,0.11260015870728857,-0.11260015870728857,3
1,0.25,0.2703959767814541,-0.16666666666666666,2
1,0.25,0.11260015870728857,-0.11260015870728857,3
1,0.25,0.49122554744404323,0.0,0
1,0.25,0.2703959767814541,-0.16666666666666666,2
1,0.25,0.0714832855581572,-0.1548166188914905,4
1,0.25,0.0714832855581572,-0.1548166188914905,4
1,0.25,0.2703959767814541,-0.16666666666666666,2
1,0.25,0.49122554744404323,0.0,0
1,0.25,0.49122554744404323,0.0,0
1,0.25,0.49122554744404323,0.0,0
1,0.25,0.11260015870728857,-0.11260015870728857,3
1,0.25,0.49122554744404323,0.0,0
1,0.25,0.11260015870728857,-0.11260015870728857,3
1,0.25,0.49122554744404323,0.0,0
1,0.25,0.49122554744404323,0.0,0
1,0.25,0.2726821726489278,-0.08333333333333333,1
1,0.25,0.2726821726489278,-0.08333333333333333,1
1,0.25,0.06176386311147131,-0.228430529778138,5
1,0.25,0.49122554744404323,0.0,0
1,0.25,0.49122554744404323,0.0,0
1,0.25,0.2726821726489278,-0.08333333333333333,1
1,0.25,0.49122554744404323,0.0,0
1,0.25,0.2703959767814541,-0.16666666666666666,2
1,0.25,0.2726821726489278,-0.08333333333333333,1
1,0.25,0.11260015870728857,-0.11260015870728857,3
1,0.25,0.2726821726489278,-0.08333333333333333,1
1,0.25,0.2703959767814541,-0.16666666666666666,2
1,0.25,0.2726821726489278,-0.08333333333333333,1
1,0.25,0.0714832855581572,-0.1548166188914905,4
1,0.25,0.49122554744404323,0.0,0
1,0.25,0.2726821726489278,-0.08333333333333333,1
1,0.25,0.0714832855581572,-0.1548166188914905,4
1,0.25,0.2726821726489278,-0.08333333333333333,1
1,0.25,0.2703959767814541,-0.16666666666666666,2
1,0.25,0.2703959767814541,-0.16666666666666666,2
1,0.25,0.2726821726489278,-0.08333333333333333,1
1,0.25,0.2726821726489278,-0.08333333333333333,1
1,0.25,0.49122554744404323,0.0,0
1,0.25,0.49122554744404323,0.0,0
1,0.25,0.11260015870728857,-0.11260015870728857,3
1,0.25,0.49122554744404323,0.0,0
1,0.25,0.11260015870728857,-0.11260015870728857,3
1,0.25,0.49122554744404323,0.0,0
1,0.25,0.49122554744404323,0.0,0
1,0.25,0.11260015870728857,-0.11260015870728857,3
1,0.25,0.2726821726489278,-0.08333333333333333,1
1,0.25,0.11260015870728857,-0.11260015870728857,3
1,0.25,0.2703959767814541,-0.16666666666666666,2
1,0.25,0.2726821726489278,-0.08333333333333333,1
1,0.25,0.2726821726489278,-0.08333333333333333,1
1,0.25,0.0714832855581572,-0.1548166188914905,4
1,0.25,0.49122554744404323,0.0,0
1,0.25,0.001723073636884176,-0.5017230736368842,9
1,0.25,0.49122554744404323,0.0,0
1,0.25,0.2726821726489278,-0.08333333333333333,1
1,0.25,0.49122554744404323,0.0,0
1,0.25,0.2703959767814541,-0.16666666666666666,2
1,0.25,0.2703959767814541,-0.16666666666666666,2
1,0.25,0.11260015870728857,-0.11260015870728857,3
1,0.25,0.49122554744404323,0.0,0
1,0.25,0.2703959767814541,-0.16666666666666666,2
1,0.25,0.2726821726489278,-0.08333333333333333,1
1,0.25,0.49122554744404323,0.0,0
1,0.25,0.49122554744404323,0.0,0
1,0.25,0.2703959767814541,-0.16666666666666666,2
1,0.25,0.49122554744404323,0.0,0
1,0.25,0.2726821726489278,-0.08333333333333333,1
1,0.25,0.2703959767814541,-0.16666666666666666,2
1,0.25,0.2726821726489278,-0.08333333333333333,1
1,0.25,0.49122554744404323,0.0,0
1,0.25,0.49122554744404323,0.0,0
1,0.25,0.2726821726489278,-0.08333333333333333,1
1,0.25,0.0714832855581572,-0.1548166188914905,4
1,0.25,0.0714832855581572,-0.1548166188914905,4
1,0.25,0.2703959767814541,-0.16666666666666666,2
1,0.25,0.2726821726489278,-0.08333333333333333,1
1,0.25,0.49122554744404323,0.0,0
1,0.25,0.49122554744404323,0.0,0
1,0.25,0.2726821726489278,-0.08333333333333333,1
1,0.25,0.49122554744404323,0.0,0
1,0.25,0.49122554744404323,0.0,0
1,0.25,0.2726821726489278,-0.08333333333333333,1
1,0.25,0.0714832855581572,-0.1548166188914905,4
1,0.25,0.2703959767814541,-0.16666666666666666,2
1,0.25,0.2726821726489278,-0.08333333333333333,1
1,0.25,0.2703959767814541,-0.16666666666666666,2
1,0.25,0.2726821726489278,-0.08333333333333333,1
1,0.25,0.49122554744404323,0.0,0
1,0.25,0.2726821726489278,-0.08333333333333333,1
1,0.25,0.2703959767814541,-0.16666666666666666,2
1,0.25,0.7637041577312637,-0.07692307692307693,1
1,0.25,0.9826408586840785,0.0,0
1,0.25,0.13051054943857365,-0.5728182417462659,9
1,0.25,0.9826408586840785,0.0,0
1,0.25,0.1689864093151694,-0.14975564008440018,3
1,0.25,0.9826408586840785,0.0,0
1,0.25,0.7637041577312637,-0.07692307692307693,1
1,0.25,0.9826408586840785,0.0,0
1,0.25,0.9826408586840785,0.0,0
1,0.25,0.9826408586840785,0.0,0
1,0.25,0.9826408586840785,0.0,0
1,0.25,0.9826408586840785,0.0,0
1,0.25,0.9826408586840785,0.0,0
1,0.25,0.1689864093151694,-0.30360179393055403,5
1,0.25,0.9826408586840785,0.0,0
1,0.25,0.9826408586840785,0.0,0
1,0.25,0.9826408586840785,0.0,0
1,0.25,0.7637041577312637,-0.07692307692307693,1
1,0.25,0.1689864093151694,-0.30360179393055403,5
1,0.25,0.9826408586840785,0.0,0
1,0.25,0.9826408586840785,0.0,0
1,0.25,0.9826408586840785,0.0,0
1,0.25,0.9826408586840785,0.0,0
1,0.25,0.7637041577312637,-0.07692307692307693,1
1,0.25,0.9826408586840785,0.0,0
1,0.25,0.11960338386169278,-0.7157572300155389,11
1,0.25,0.9826408586840785,0.0,0
1,0.25,0.9826408586840785,0.0,0
1,0.25,0.9826408586840785,0.0,0
1,0.25,0.9826408586840785,0.0,0
1,0.25,0.9826408586840785,0.0,0
1,0.25,0.7637041577312637,-0.07692307692307693,1
1,0.25,0.9826408586840785,0.0,0
1,0.25,0.17632192147614734,-0.08016807532230119,2
1,0.25,0.7637041577312637,-0.07692307692307693,1
1,0.25,0.17632192147614734,-0.08016807532230119,2
1,0.25,0.7637041577312637,-0.07692307692307693,1
1,0.25,0.9826408586840785,0.0,0
1,0.25,0.14972638826141826,-0.20741869595372597,4
1,0.25,0.7637041577312637,-0.07692307692307693,1
1,0.25,0.9826408586840785,0.0,0
1,0.25,0.9826408586840785,0.0,0
1,0.25,0.9826408586840785,0.0,0
1,0.25,0.1689864093151694,-0.45744794777670783,7
1,0.25,0.9826408586840785,0.0,0
1,0.25,0.7637041577312637,-0.07692307692307693,1
1,0.25,0.9826408586840785,0.0,0
1,0.25,0.7637041577312637,-0.07692307692307693,1
1,0.25,0.7637041577312637,-0.07692307692307693,1
1,0.25,0.9826408586840785,0.0,0
1,0.25,0.16828933816592273,-0.7644431843197689,11
1,0.25,0.9826408586840785,0.0,0
1,0.25,0.14621142152444744,-0.7423652676782936,11
1,0.25,0.9826408586840785,0.0,0
1,0.25,0.14621142152444744,-0.357749883062909,6
1,0.25,0.13051054943857365,-0.4189720879001121,7
1,0.25,0.7637041577312637,-0.07692307692307693,1
1,0.25,0.7637041577312637,-0.07692307692307693,1
1,0.25,0.14972638826141826,-0.2843417728768029,5
1,0.25,0.7637041577312637,-0.07692307692307693,1
1,0.25,0.9826408586840785,0.0,0
1,0.25,0.9826408586840785,0.0,0
1,0.25,0.9826408586840785,0.0,0
1,0.25,0.9826408586840785,0.0,0
1,0.25,0.2455785165522859,-0.6878862088599782,9
1,0.25,0.9826408586840785,0.0,0
1,0.25,0.9826408586840785,0.0,0
1,0.25,0.1689864093151694,-0.30360179393055403,5
1,0.25,0.7637041577312637,-0.07692307692307693,1
1,0.25,0.7637041577312637,-0.07692307692307693,1
1,0.25,0.9826408586840785,0.0,0
1,0.25,0.7637041577312637,-0.07692307692307693,1
1,0.25,0.7637041577312637,-0.07692307692307693,1
1,0.25,0.9826408586840785,0.0,0
1,0.25,0.9826408586840785,0.0,0
1,0.25,0.0878831337714191,-0.6840369799252652,11
1,0.25,0.11960338386169278,-0.7157572300155389,11
1,0.25,0.9826408586840785,0.0,0
1,0.25,0.9826408586840785,0.0,0
1,0.25,0.9826408586840785,0.0,0
1,0.25,0.9826408586840785,0.0,0
1,0.25,0.7637041577312637,-0.07692307692307693,1
1,0.25,0.7637041577312637,-0.07692307692307693,1
1,0.25,0.9826408586840785,0.0,0
1,0.25,0.9826408586840785,0.0,0
1,0.25,0.9826408586840785,0.0,0
1,0.25,0.7637041577312637,-0.07692307692307693,1
1,0.25,0.7637041577312637,-0.07692307692307693,1
1,0.25,0.9826408586840785,0.0,0
1,0.25,0.9826408586840785,0.0,0
1,0.25,0.11650137372767988,-0.712655219881526,11
1,0.25,0.9826408586840785,0.0,0
1,0.25,0.17632192147614734,-0.23401422916845505,4
1,0.25,0.24980936013667854,-0.615193975521294,8
1,0.25,0.7637041577312637,-0.07692307692307693,1
1,0.25,0.17632192147614734,-0.23401422916845505,4
1,0.25,0.9826408586840785,0.0,0
1,0.25,0.9826408586840785,0.0,0
1,0.25,0.14967373381862104,-0.7458275799724672,11
1,0.25,0.7637041577312637,-0.07692307692307693,1
1,0.25,0.0,-0.75,3
1,0.25,0.5548418449270073,0.0,0
1,0.25,0.5548418449270073,0.0,0
1,0.25,0.0,-0.75,3
1,0.25,0.5548418449270073,0.0,0
1,0.25,0.5548418449270073,0.0,0
1,0.25,0.5548418449270073,0.0,0
1,0.25,0.5548418449270073,0.0,0
1,0.25,0.0,-0.75,3
1,0.25,0.3057912208405609,-0.3333333333333333,1
1,0.25,0.0,-0.75,3
1,0.25,0.0,-0.75,3
1,0.25,0.5548418449270073,0.0,0
1,0.25,0.3057912208405609,-0.6666666666666666,2
1,0.25,0.5548418449270073,0.0,0
1,0.25,0.5548418449270073,0.0,0
1,0.25,0.5548418449270073,0.0,0
1,0.25,0.3057912208405609,-0.3333333333333333,1
1,0.25,0.5548418449270073,0.0,0
1,0.25,0.3057912208405609,-0.6666666666666666,2
1,0.25,0.5548418449270073,0.0,0
1,0.25,0.2290091161470067,-0.6456757828136733,2
1,0.25,0.0,-0.75,3
1,0.25,0.5548418449270073,0.0,0
1,0.25,0.0,-0.75,3
1,0.25,0.0,-0.75,3
1,0.25,0.5548418449270073,0.0,0
1,0.25,0.5548418449270073,0.0,0
1,0.25,0.5548418449270073,0.0,0
1,0.25,0.5548418449270073,0.0,0
1,0.25,0.2290091161470067,-0.6456757828136733,2
1,0.25,0.0,-0.75,3
1,0.25,0.0,-0.75,3
1,0.25,0.5548418449270073,0.0,0
1,0.25,0.5548418449270073,0.0,0
1,0.25,0.3057912208405609,-0.3333333333333333,1
1,0.25,0.0,-0.75,3
1,0.25,0.5548418449270073,0.0,0
1,0.25,0.5548418449270073,0.0,0
1,0.25,0.3057912208405609,-0.3333333333333333,1
1,0.25,0.3057912208405609,-0.6666666666666666,2
1,0.25,0.5548418449270073,0.0,0
1,0.25,0.0,-0.75,3
1,0.25,0.3057912208405609,-0.3333333333333333,1
1,0.25,0.5548418449270073,0.0,0
1,0.25,0.5548418449270073,0.0,0
1,0.25,0.3057912208405609,-0.6666666666666666,2
1,0.25,0.5548418449270073,0.0,0
1,0.25,0.2290091161470067,-0.6456757828136733,2
1,0.25,0.5548418449270073,0.0,0
1,0.25,0.3057912208405609,-0.3333333333333333,1
1,0.25,0.2290091161470067,-0.6456757828136733,2
1,0.25,0.2290091161470067,-0.6456757828136733,2
1,0.25,0.2290091161470067,-0.6456757828136733,2
1,0.25,0.5548418449270073,0.0,0
1,0.25,0.0,-0.75,3
1,0.25,0.5548418449270073,0.0,0
1,0.25,0.0,-0.75,3
1,0.25,0.5548418449270073,0.0,0
1,0.25,0.3057912208405609,-0.3333333333333333,1
1,0.25,0.5548418449270073,0.0,0
1,0.25,0.3057912208405609,-0.3333333333333333,1
1,0.25,0.5548418449270073,0.0,0
1,0.25,0.2290091161470067,-0.6456757828136733,2
1,0.25,0.0,-0.75,3
1,0.25,0.5548418449270073,0.0,0
1,0.25,0.5548418449270073,0.0,0
1,0.25,0.0,-0.75,3
1,0.25,0.0,-0.75,3
1,0.25,0.0,-0.75,3
1,0.25,0.0,-0.75,3
1,0.25,0.0,-0.75,3
1,0.25,0.5548418449270073,0.0,0
1,0.25,0.3057912208405609,-0.3333333333333333,1
1,0.25,0.5548418449270073,0.0,0
1,0.25,0.0,-0.75,3
1,0.25,0.0,-0.75,3
1,0.25,0.5548418449270073,0.0,0
1,0.25,0.3057912208405609,-0.3333333333333333,1
1,0.25,0.5548418449270073,0.0,0
1,0.25,0.3057912208405609,-0.3333333333333333,1
1,0.25,0.5548418449270073,0.0,0
1,0.25,0.5548418449270073,0.0,0
1,0.25,0.5548418449270073,0.0,0
1,0.25,0.5548418449270073,0.0,0
1,0.25,0.0,-0.75,3
1,0.25,0.5548418449270073,0.0,0
1,0.25,0.0,-0.75,3
1,0.25,0.5548418449270073,0.0,0
1,0.25,0.3057912208405609,-0.3333333333333333,1
1,0.25,0.3057912208405609,-0.6666666666666666,2
1,0.25,0.5548418449270073,0.0,0
1,0.25,0.3057912208405609,-0.3333333333333333,1
1,0.25,0.5548418449270073,0.0,0
1,0.25,0.5548418449270073,0.0,0
1,0.25,0.5548418449270073,0.0,0
1,0.25,0.5548418449270073,0.0,0
1,0.25,0.3057912208405609,-0.3333333333333333,1
1,0.25,0.3057912208405609,-0.3333333333333333,1
1,0.25,0.5548418449270073,0.0,0
