epsilon,L0,leakage,utility,mask_size
0.1,0.25,0.03592524660768637,0.047408086725646975,1
0.1,0.25,0.22337399647872114,0.026626003521278863,0
0.1,0.25,0.22337399647872114,0.026626003521278863,0
0.1,0.25,0.22337399647872114,0.026626003521278863,0
0.1,0.25,0.03592524660768637,0.047408086725646975,1
0.1,0.25,0.03592524660768637,0.047408086725646975,1
0.1,0.25,0.008222647309668152,-0.4248893139763348,4
0.1,0.25,0.22337399647872114,0.026626003521278863,0
0.1,0.25,0.03592524660768637,0.047408086725646975,1
0.1,0.25,0.03592524660768637,0.047408086725646975,1
0.1,0.25,0.03592524660768637,0.047408086725646975,1
0.1,0.25,0.003609042830710618,-0.586942376164044,5
0.1,0.25,0.0,-0.5833333333333334,5
0.1,0.25,0.009414806213275395,-0.09274813954660871,2
0.1,0.25,0.0,-0.5833333333333334,5
0.1,0.25,0.22337399647872114,0.026626003521278863,0
0.1,0.25,0.004612425044516089,-0.4212790917111827,4
0.1,0.25,0.22337399647872114,0.026626003521278863,0
0.1,0.25,0.003306804705818678,-0.586640138039152,5
0.1,0.25,0.03592524660768637,0.047408086725646975,1
0.1,0.25,0.03592524660768637,0.047408086725646975,1
0.1,0.25,0.009414806213275395,-0.09274813954660871,2
0.1,0.25,0.03592524660768637,0.047408086725646975,1
0.1,0.25,0.03592524660768637,0.047408086725646975,1
0.1,0.25,0.03592524660768637,0.047408086725646975,1
0.1,0.25,0.008222647309668152,-0.25822264730966815,3
0.1,0.25,0.03592524660768637,0.047408086725646975,1
0.1,0.25,0.22337399647872114,0.026626003521278863,0
0.1,0.25,0.03592524660768637,0.047408086725646975,1
0.1,0.25,0.003609042830710618,-0.586942376164044,5
0.1,0.25,0.003609042830710618,-0.586942376164044,5
0.1,0.25,0.03592524660768637,0.047408086725646975,1
0.1,0.25,0.003306804705818678,-0.586640138039152,5
0.1,0.25,0.003306804705818678,-0.586640138039152,5
0.1,0.25,0.009414806213275395,-0.09274813954660871,2
0.1,0.25,0.22337399647872114,0.026626003521278863,0
0.1,0.25,0.003609042830710618,-0.586942376164044,5
0.1,0.25,0.22337399647872114,0.026626003521278863,0
0.1,0.25,0.009414806213275395,-0.2594148062132754,3
0.1,0.25,0.22337399647872114,0.026626003521278863,0
0.1,0.25,0.22337399647872114,0.026626003521278863,0
0.1,0.25,0.003609042830710618,-0.586942376164044,5
0.1,0.25,0.009414806213275395,-0.2594148062132754,3
0.1,0.25,0.22337399647872114,0.026626003521278863,0
0.1,0.25,0.03592524660768637,0.047408086725646975,1
0.1,0.25,0.22337399647872114,0.026626003521278863,0
0.1,0.25,0.03592524660768637,0.047408086725646975,1
0.1,0.25,0.22337399647872114,0.026626003521278863,0
0.1,0.25,0.03592524660768637,0.047408086725646975,1
0.1,0.25,0.22337399647872114,0.026626003521278863,0
0.1,0.25,0.0008907266304110095,-0.5842240599637444,5
0.1,0.25,0.03592524660768637,0.047408086725646975,1
0.1,0.25,0.03592524660768637,0.047408086725646975,1
0.1,0.25,0.22337399647872114,0.026626003521278863,0
0.1,0.25,0.22337399647872114,0.026626003521278863,0
0.1,0.25,0.009414806213275395,-0.09274813954660871,2
0.1,0.25,0.0,-0.5833333333333334,5
0.1,0.25,0.003306804705818678,-0.586640138039152,5
0.1,0.25,0.22337399647872114,0.026626003521278863,0
0.1,0.25,0.22337399647872114,0.026626003521278863,0
0.1,0.25,0.003306804705818678,-0.586640138039152,5
0.1,0.25,0.0,-0.41666666666666663,4
0.1,0.25,0.22337399647872114,0.026626003521278863,0
0.1,0.25,0.03592524660768637,0.047408086725646975,1
0.1,0.25,0.003306804705818678,-0.586640138039152,5
0.1,0.25,0.03592524660768637,0.047408086725646975,1
0.1,0.25,0.03592524660768637,0.047408086725646975,1
0.1,0.25,0.03592524660768637,0.047408086725646975,1
0.1,0.25,0.22337399647872114,0.026626003521278863,0
0.1,0.25,0.004612425044516089,-0.4212790917111827,4
0.1,0.25,0.0,-0.5833333333333334,5
0.1,0.25,0.03592524660768637,0.047408086725646975,1
0.1,0.25,0.22337399647872114,0.026626003521278863,0
0.1,0.25,0.003306804705818678,-0.586640138039152,5
0.1,0.25,0.22337399647872114,0.026626003521278863,0
0.1,0.25,0.22337399647872114,0.026626003521278863,0
0.1,0.25,0.0008907266304110095,-0.5842240599637444,5
0.1,0.25,0.03592524660768637,0.047408086725646975,1
0.1,0.25,0.009414806213275395,-0.09274813954660871,2
0.1,0.25,0.22337399647872114,0.026626003521278863,0
0.1,0.25,0.03592524660768637,0.047408086725646975,1
0.1,0.25,0.03592524660768637,0.047408086725646975,1
0.1,0.25,0.22337399647872114,0.026626003521278863,0
0.1,0.25,0.22337399647872114,0.026626003521278863,0
0.1,0.25,0.03592524660768637,0.047408086725646975,1
0.1,0.25,0.22337399647872114,0.026626003521278863,0
0.1,0.25,0.03592524660768637,0.047408086725646975,1
0.1,0.25,0.009414806213275395,-0.09274813954660871,2
0.1,0.25,0.22337399647872114,0.026626003521278863,0
0.1,0.25,0.22337399647872114,0.026626003521278863,0
0.1,0.25,0.013132038880604324,-0.42979870554727095,4
0.1,0.25,0.03592524660768637,0.047408086725646975,1
0.1,0.25,0.22337399647872114,0.026626003521278863,0
0.1,0.25,0.22337399647872114,0.026626003521278863,0
0.1,0.25,0.0,-0.5833333333333334,5
0.1,0.25,0.22337399647872114,0.026626003521278863,0
0.1,0.25,0.03592524660768637,0.047408086725646975,1
0.1,0.25,0.03592524660768637,0.047408086725646975,1
0.1,0.25,0.009414806213275395,-0.09274813954660871,2
0.1,0.25,0.22337399647872114,0.026626003521278863,0
0.1,0.25,0.6623992294064142,0.0,0
0.1,0.25,0.505574395670396,-0.1,1
0.1,0.25,0.505574395670396,-0.1,1
0.1,0.25,0.35966634913433626,-0.2,2
0.1,0.25,0.35966634913433626,-0.2,2
0.1,0.25,0.6623992294064142,0.0,0
0.1,0.25,0.505574395670396,-0.1,1
0.1,0.25,0.35966634913433626,-0.2,2
0.1,0.25,0.6623992294064142,0.0,0
0.1,0.25,0.6623992294064142,0.0,0
0.1,0.25,0.505574395670396,-0.1,1
0.1,0.25,0.6623992294064142,0.0,0
0.1,0.25,0.24175913958548945,-0.29175913958548944,3
0.1,0.25,0.6623992294064142,0.0,0
0.1,0.25,0.6623992294064142,0.0,0
0.1,0.25,0.6623992294064142,0.0,0
0.1,0.25,0.6623992294064142,0.0,0
0.1,0.25,0.3166049127277152,-0.5,5
0.1,0.25,0.6623992294064142,0.0,0
0.1,0.25,0.505574395670396,-0.1,1
0.1,0.25,0.21945273335876703,-0.36945273335876705,4
0.1,0.25,0.6623992294064142,0.0,0
0.1,0.25,0.6623992294064142,0.0,0
0.1,0.25,0.6623992294064142,0.0,0
0.1,0.25,0.6623992294064142,0.0,0
0.1,0.25,0.6623992294064142,0.0,0
0.1,0.25,0.6623992294064142,0.0,0
0.1,0.25,0.505574395670396,-0.1,1
0.1,0.25,0.505574395670396,-0.1,1
0.1,0.25,0.6623992294064142,0.0,0
0.1,0.25,0.6623992294064142,0.0,0
0.1,0.25,0.6623992294064142,0.0,0
0.1,0.25,0.24175913958548945,-0.29175913958548944,3
0.1,0.25,0.35966634913433626,-0.2,2
0.1,0.25,0.6623992294064142,0.0,0
0.1,0.25,0.21945273335876703,-0.469452733358767,5
0.1,0.25,0.0,-0.65,9
0.1,0.25,0.505574395670396,-0.1,1
0.1,0.25,0.505574395670396,-0.1,1
0.1,0.25,0.6623992294064142,0.0,0
0.1,0.25,0.6623992294064142,0.0,0
0.1,0.25,0.6623992294064142,0.0,0
0.1,0.25,0.14540885463656628,-0.7954088546365663,9
0.1,0.25,0.35966634913433626,-0.2,2
0.1,0.25,0.35966634913433626,-0.2,2
0.1,0.25,0.35966634913433626,-0.2,2
0.1,0.25,0.6623992294064142,0.0,0
0.1,0.25,0.6623992294064142,0.0,0
0.1,0.25,0.6623992294064142,0.0,0
0.1,0.25,0.6623992294064142,0.0,0
0.1,0.25,0.24175913958548945,-0.29175913958548944,3
0.1,0.25,0.35966634913433626,-0.2,2
0.1,0.25,0.6623992294064142,0.0,0
0.1,0.25,0.6623992294064142,0.0,0
0.1,0.25,0.35966634913433626,-0.2,2
0.1,0.25,0.6623992294064142,0.0,0
0.1,0.25,0.35966634913433626,-0.2,2
0.1,0.25,0.35966634913433626,-0.2,2
0.1,0.25,0.505574395670396,-0.1,1
0.1,0.25,0.6623992294064142,0.0,0
0.1,0.25,0.6623992294064142,0.0,0
0.1,0.25,0.24175913958548945,-0.29175913958548944,3
0.1,0.25,0.6623992294064142,0.0,0
0.1,0.25,0.6623992294064142,0.0,0
0.1,0.25,0.6623992294064142,0.0,0
0.1,0.25,0.6623992294064142,0.0,0
0.1,0.25,0.35966634913433626,-0.2,2
0.1,0.25,0.6623992294064142,0.0,0
0.1,0.25,0.6623992294064142,0.0,0
0.1,0.25,0.6623992294064142,0.0,0
0.1,0.25,0.6623992294064142,0.0,0
0.1,0.25,0.6623992294064142,0.0,0
0.1,0.25,0.6623992294064142,0.0,0
0.1,0.25,0.35966634913433626,-0.2,2
0.1,0.25,0.505574395670396,-0.1,1
0.1,0.25,0.505574395670396,-0.1,1
0.1,0.25,0.24175913958548945,-0.29175913958548944,3
0.1,0.25,0.6623992294064142,0.0,0
0.1,0.25,0.6623992294064142,0.0,0
0.1,0.25,0.24175913958548945,-0.29175913958548944,3
0.1,0.25,0.505574395670396,-0.1,1
0.1,0.25,0.6623992294064142,0.0,0
0.1,0.25,0.505574395670396,-0.1,1
0.1,0.25,0.35966634913433626,-0.2,2
0.1,0.25,0.6623992294064142,0.0,0
0.1,0.25,0.0002521225070323263,-0.6502521225070323,9
0.1,0.25,0.6623992294064142,0.0,0
0.1,0.25,0.6623992294064142,0.0,0
0.1,0.25,0.6623992294064142,0.0,0
0.1,0.25,0.505574395670396,-0.1,1
0.1,0.25,0.6623992294064142,0.0,0
0.1,0.25,0.6623992294064142,0.0,0
0.1,0.25,0.505574395670396,-0.1,1
0.1,0.25,0.505574395670396,-0.1,1
0.1,0.25,0.24175913958548945,-0.29175913958548944,3
0.1,0.25,0.35966634913433626,-0.2,2
0.1,0.25,0.6623992294064142,0.0,0
0.1,0.25,0.505574395670396,-0.1,1
0.1,0.25,0.6623992294064142,0.0,0
0.1,0.25,0.6623992294064142,0.0,0
0.1,0.25,0.49122554744404323,0.0,0
0.1,0.25,0.2703959767814541,-0.16666666666666666,2
0.1,0.25,0.2726821726489278,-0.08333333333333333,1
0.1,0.25,0.2703959767814541,-0.16666666666666666,2
0.1,0.25,0.11260015870728857,-0.11260015870728857,3
0.1,0.25,0.49122554744404323,0.0,0
0.1,0.25,0.49122554744404323,0.0,0
0.1,0.25,0.2726821726489278,-0.08333333333333333,1
0.1,0.25,0.2726821726489278,-0.08333333333333333,1
0.1,0.25,0.49122554744404323,0.0,0
0.1,0.25,0.2726821726489278,-0.08333333333333333,1
0.1,0.25,0.2703959767814541,-0.16666666666666666,2
0.1,0.25,0.2726821726489278,-0.08333333333333333,1
0.1,0.25,0.11260015870728857,-0.11260015870728857,3
0.1,0.25,0.49122554744404323,0.0,0
0.1,0.25,0.11260015870728857,-0.11260015870728857,3
0.1,0.25,0.2703959767814541,-0.16666666666666666,2
0.1,0.25,0.2703959767814541,-0.16666666666666666,2
0.1,0.25,0.2726821726489278,-0.08333333333333333,1
0.1,0.25,0.49122554744404323,0.0,0
0.1,0.25,0.2703959767814541,-0.16666666666666666,2
0.1,0.25,0.49122554744404323,0.0,0
0.1,0.25,0.2703959767814541,-0.16666666666666666,2
0.1,0.25,0.2726821726489278,-0.08333333333333333,1
0.1,0.25,0.49122554744404323,0.0,0
0.1,0.25,0.2726821726489278,-0.08333333333333333,1
0.1,0.25,0.2703959767814541,-0.16666666666666666,2
0.1,0.25,0.11260015870728857,-0.11260015870728857,3
0.1,0.25,0.2726821726489278,-0.08333333333333333,1
0.1,0.25,0.2726821726489278,-0.08333333333333333,1
0.1,0.25,0.06176386311147131,-0.228430529778138,5
0.1,0.25,0.2726821726489278,-0.08333333333333333,1
0.1,0.25,0.2726821726489278,-0.08333333333333333,1
0.1,0.25,0.2726821726489278,-0.08333333333333333,1
0.1,0.25,0.2726821726489278,-0.08333333333333333,1
0.1,0.25,0.0010334108828575772,-0.5010334108828576,9
0.1,0.25,0.2726821726489278,-0.08333333333333333,1
0.1,0.25,0.2703959767814541,-0.16666666666666666,2
0.1,0.25,0.06176386311147131,-0.228430529778138,5
0.1,0.25,0.49122554744404323,0.0,0
0.1,0.25,0.2726821726489278,-0.08333333333333333,1
0.1,0.25,0.49122554744404323,0.0,0
0.1,0.25,0.2703959767814541,-0.16666666666666666,2
0.1,0.25,0.11260015870728857,-0.11260015870728857,3
0.1,0.25,0.2726821726489278,-0.08333333333333333,1
0.1,0.25,0.2703959767814541,-0.16666666666666666,2
0.1,0.25,0.49122554744404323,0.0,0
0.1,0.25,0.2726821726489278,-0.08333333333333333,1
0.1,0.25,0.0714832855581572,-0.1548166188914905,4
0.1,0.25,0.2726821726489278,-0.08333333333333333,1
0.1,0.25,0.2726821726489278,-0.08333333333333333,1
0.1,0.25,0.49122554744404323,0.0,0
0.1,0.25,0.2726821726489278,-0.08333333333333333,1
0.1,0.25,0.2726821726489278,-0.08333333333333333,1
0.1,0.25,0.06176386311147131,-0.228430529778138,5
0.1,0.25,0.49122554744404323,0.0,0
0.1,0.25,0.49122554744404323,0.0,0
0.1,0.25,0.2703959767814541,-0.16666666666666666,2
0.1,0.25,0.2703959767814541,-0.16666666666666666,2
0.1,0.25,0.2703959767814541,-0.16666666666666666,2
0.1,0.25,0.2726821726489278,-0.08333333333333333,1
0.1,0.25,0.2703959767814541,-0.16666666666666666,2
0.1,0.25,0.11260015870728857,-0.11260015870728857,3
0.1,0.25,0.06176386311147131,-0.228430529778138,5
0.1,0.25,0.49122554744404323,0.0,0
0.1,0.25,0.0714832855581572,-0.1548166188914905,4
0.1,0.25,0.06176386311147131,-0.228430529778138,5
0.1,0.25,0.49122554744404323,0.0,0
0.1,0.25,0.2703959767814541,-0.16666666666666666,2
0.1,0.25,0.06176386311147131,-0.228430529778138,5
0.1,0.25,0.2703959767814541,-0.16666666666666666,2
0.1,0.25,0.49122554744404323,0.0,0
0.1,0.25,0.2703959767814541,-0.16666666666666666,2
0.1,0.25,0.49122554744404323,0.0,0
0.1,0.25,0.2726821726489278,-0.08333333333333333,1
0.1,0.25,0.11260015870728857,-0.11260015870728857,3
0.1,0.25,0.2726821726489278,-0.08333333333333333,1
0.1,0.25,0.49122554744404323,0.0,0
0.1,0.25,0.2703959767814541,-0.16666666666666666,2
0.1,0.25,0.2726821726489278,-0.08333333333333333,1
0.1,0.25,0.49122554744404323,0.0,0
0.1,0.25,0.2726821726489278,-0.08333333333333333,1
0.1,0.25,0.11260015870728857,-0.11260015870728857,3
0.1,0.25,0.49122554744404323,0.0,0
0.1,0.25,0.06176386311147131,-0.228430529778138,5
0.1,0.25,0.11260015870728857,-0.11260015870728857,3
0.1,0.25,0.2726821726489278,-0.08333333333333333,1
0.1,0.25,0.2703959767814541,-0.16666666666666666,2
0.1,0.25,0.2726821726489278,-0.08333333333333333,1
0.1,0.25,0.2703959767814541,-0.16666666666666666,2
0.1,0.25,0.2726821726489278,-0.08333333333333333,1
0.1,0.25,0.2703959767814541,-0.16666666666666666,2
0.1,0.25,0.49122554744404323,0.0,0
0.1,0.25,0.2726821726489278,-0.08333333333333333,1
0.1,0.25,0.2726821726489278,-0.08333333333333333,1
0.1,0.25,0.49122554744404323,0.0,0
0.1,0.25,0.2726821726489278,-0.08333333333333333,1
0.1,0.25,0.2703959767814541,-0.16666666666666666,2
0.1,0.25,0.49122554744404323,0.0,0
0.1,0.25,0.2703959767814541,-0.16666666666666666,2
0.1,0.25,0.9826408586840785,0.0,0
0.1,0.25,0.9826408586840785,0.0,0
0.1,0.25,0.9826408586840785,0.0,0
0.1,0.25,0.16828933816592273,-0.7644431843197689,11
0.1,0.25,0.9826408586840785,0.0,0
0.1,0.25,0.14972638826141826,-0.4381879267229567,7
0.1,0.25,0.9826408586840785,0.0,0
0.1,0.25,0.13514845205100667,-0.5005330674356221,8
0.1,0.25,0.9826408586840785,0.0,0
0.1,0.25,0.7637041577312637,-0.07692307692307693,1
0.1,0.25,0.9826408586840785,0.0,0
0.1,0.25,0.9826408586840785,0.0,0
0.1,0.25,0.9826408586840785,0.0,0
0.1,0.25,0.9826408586840785,0.0,0
0.1,0.25,0.2455785165522859,-0.6109631319369013,8
0.1,0.25,0.9826408586840785,0.0,0
0.1,0.25,0.9826408586840785,0.0,0
0.1,0.25,0.9826408586840785,0.0,0
0.1,0.25,0.9826408586840785,0.0,0
0.1,0.25,0.12227457575795886,-0.6415053449887281,10
0.1,0.25,0.9826408586840785,0.0,0
0.1,0.25,0.14626212769916158,-0.12703135846839236,3
0.1,0.25,0.9826408586840785,0.0,0
0.1,0.25,0.9826408586840785,0.0,0
0.1,0.25,0.9826408586840785,0.0,0
0.1,0.25,0.7637041577312637,-0.07692307692307693,1
0.1,0.25,0.7637041577312637,-0.07692307692307693,1
0.1,0.25,0.11650065212924676,-0.4818852675138622,8
0.1,0.25,0.7637041577312637,-0.07692307692307693,1
0.1,0.25,0.9826408586840785,0.0,0
0.1,0.25,0.9826408586840785,0.0,0
0.1,0.25,0.9826408586840785,0.0,0
0.1,0.25,0.9826408586840785,0.0,0
0.1,0.25,0.7637041577312637,-0.07692307692307693,1
0.1,0.25,0.7637041577312637,-0.07692307692307693,1
0.1,0.25,0.7637041577312637,-0.07692307692307693,1
0.1,0.25,0.09628125545031974,-0.6924351016041659,11
0.1,0.25,0.9826408586840785,0.0,0
0.1,0.25,0.9826408586840785,0.0,0
0.1,0.25,0.9826408586840785,0.0,0
0.1,0.25,0.1689864093151694,-0.14975564008440018,3
0.1,0.25,0.9826408586840785,0.0,0
0.1,0.25,0.7637041577312637,-0.07692307692307693,1
0.1,0.25,0.9826408586840785,0.0,0
0.1,0.25,0.7637041577312637,-0.07692307692307693,1
0.1,0.25,0.16828933816592273,-0.7644431843197689,11
0.1,0.25,0.9826408586840785,0.0,0
0.1,0.25,0.9826408586840785,0.0,0
0.1,0.25,0.1689864093151694,-0.30360179393055403,5
0.1,0.25,0.7637041577312637,-0.07692307692307693,1
0.1,0.25,0.24980936013667854,-0.8459632062905247,11
0.1,0.25,0.9826408586840785,0.0,0
0.1,0.25,0.7637041577312637,-0.07692307692307693,1
0.1,0.25,0.7637041577312637,-0.07692307692307693,1
0.1,0.25,0.7637041577312637,-0.07692307692307693,1
0.1,0.25,0.9826408586840785,0.0,0
0.1,0.25,0.9826408586840785,0.0,0
0.1,0.25,0.9826408586840785,0.0,0
0.1,0.25,0.7637041577312637,-0.07692307692307693,1
0.1,0.25,0.9826408586840785,0.0,0
0.1,0.25,0.14626212769916158,-0.2039544353914693,4
0.1,0.25,0.9826408586840785,0.0,0
0.1,0.25,0.9826408586840785,0.0,0
0.1,0.25,0.17632192147614734,-0.08016807532230119,2
0.1,0.25,0.17632192147614734,-0.08016807532230119,2
0.1,0.25,0.9826408586840785,0.0,0
0.1,0.25,0.2455785165522859,-0.7648092857830552,10
0.1,0.25,0.9826408586840785,0.0,0
0.1,0.25,0.9826408586840785,0.0,0
0.1,0.25,0.7637041577312637,-0.07692307692307693,1
0.1,0.25,0.17632192147614734,-0.15709115224537812,3
0.1,0.25,0.7637041577312637,-0.07692307692307693,1
0.1,0.25,0.7637041577312637,-0.07692307692307693,1
0.1,0.25,0.24980936013667854,-0.615193975521294,8
0.1,0.25,0.9826408586840785,0.0,0
0.1,0.25,0.9826408586840785,0.0,0
0.1,0.25,0.13051054943857365,-0.4189720879001121,7
0.1,0.25,0.17632192147614734,-0.15709115224537812,3
0.1,0.25,0.9826408586840785,0.0,0
0.1,0.25,0.9826408586840785,0.0,0
0.1,0.25,0.7637041577312637,-0.07692307692307693,1
0.1,0.25,0.9826408586840785,0.0,0
0.1,0.25,0.9826408586840785,0.0,0
0.1,0.25,0.17632192147614734,-0.15709115224537812,3
0.1,0.25,0.9826408586840785,0.0,0
0.1,0.25,0.24980936013667854,-0.615193975521294,8
0.1,0.25,0.7637041577312637,-0.07692307692307693,1
0.1,0.25,0.9826408586840785,0.0,0
0.1,0.25,0.9826408586840785,0.0,0
0.1,0.25,0.9826408586840785,0.0,0
0.1,0.25,0.11650065212924676,-0.558808344436939,9
0.1,0.25,0.1689864093151694,-0.2266787170074771,4
0.1,0.25,0.9826408586840785,0.0,0
0.1,0.25,0.18094116044347042,-0.392479621981932,6
0.1,0.25,0.9826408586840785,0.0,0
0.1,0.25,0.24980936013667854,-0.30750166782898625,4
0.1,0.25,0.17632192147614734,-0.23401422916845505,4
0.1,0.25,0.9826408586840785,0.0,0
0.1,0.25,0.9826408586840785,0.0,0
0.1,0.25,0.9826408586840785,0.0,0
0.1,0.25,0.0,-0.75,3
0.1,0.25,0.2290091161470067,-0.6456757828136733,2
0.1,0.25,0.3057912208405609,-0.3333333333333333,1
0.1,0.25,0.3057912208405609,-0.6666666666666666,2
0.1,0.25,0.5548418449270073,0.0,0
0.1,0.25,0.2290091161470067,-0.6456757828136733,2
0.1,0.25,0.0,-0.75,3
0.1,0.25,0.5548418449270073,0.0,0
0.1,0.25,0.5548418449270073,0.0,0
0.1,0.25,0.5548418449270073,0.0,0
0.1,0.25,0.3057912208405609,-0.3333333333333333,1
0.1,0.25,0.3057912208405609,-0.6666666666666666,2
0.1,0.25,0.5548418449270073,0.0,0
0.1,0.25,0.5548418449270073,0.0,0
0.1,0.25,0.5548418449270073,0.0,0
0.1,0.25,0.5548418449270073,0.0,0
0.1,0.25,0.5548418449270073,0.0,0
0.1,0.25,0.3057912208405609,-0.3333333333333333,1
0.1,0.25,0.3057912208405609,-0.3333333333333333,1
0.1,0.25,0.5548418449270073,0.0,0
0.1,0.25,0.3057912208405609,-0.3333333333333333,1
0.1,0.25,0.5548418449270073,0.0,0
0.1,0.25,0.5548418449270073,0.0,0
0.1,0.25,0.5548418449270073,0.0,0
0.1,0.25,0.5548418449270073,0.0,0
0.1,0.25,0.5548418449270073,0.0,0
0.1,0.25,0.5548418449270073,0.0,0
0.1,0.25,0.5548418449270073,0.0,0
0.1,0.25,0.5548418449270073,0.0,0
0.1,0.25,0.0,-0.75,3
0.1,0.25,0.2290091161470067,-0.6456757828136733,2
0.1,0.25,0.3057912208405609,-0.3333333333333333,1
0.1,0.25,0.3057912208405609,-0.3333333333333333,1
0.1,0.25,0.3057912208405609,-0.3333333333333333,1
0.1,0.25,0.2290091161470067,-0.6456757828136733,2
0.1,0.25,0.5548418449270073,0.0,0
0.1,0.25,0.5548418449270073,0.0,0
0.1,0.25,0.5548418449270073,0.0,0
0.1,0.25,0.2290091161470067,-0.6456757828136733,2
0.1,0.25,0.5548418449270073,0.0,0
0.1,0.25,0.5548418449270073,0.0,0
0.1,0.25,0.5548418449270073,0.0,0
0.1,0.25,0.2290091161470067,-0.6456757828136733,2
0.1,0.25,0.5548418449270073,0.0,0
0.1,0.25,0.5548418449270073,0.0,0
0.1,0.25,0.5548418449270073,0.0,0
0.1,0.25,0.0,-0.75,3
0.1,0.25,0.5548418449270073,0.0,0
0.1,0.25,0.5548418449270073,0.0,0
0.1,0.25,0.5548418449270073,0.0,0
0.1,0.25,0.3057912208405609,-0.6666666666666666,2
0.1,0.25,0.2290091161470067,-0.6456757828136733,2
0.1,0.25,0.5548418449270073,0.0,0
0.1,0.25,0.5548418449270073,0.0,0
0.1,0.25,0.5548418449270073,0.0,0
0.1,0.25,0.3057912208405609,-0.3333333333333333,1
0.1,0.25,0.5548418449270073,0.0,0
0.1,0.25,0.5548418449270073,0.0,0
0.1,0.25,0.5548418449270073,0.0,0
0.1,0.25,0.5548418449270073,0.0,0
0.1,0.25,0.2290091161470067,-0.6456757828136733,2
0.1,0.25,0.5548418449270073,0.0,0
0.1,0.25,0.3057912208405609,-0.3333333333333333,1
0.1,0.25,0.5548418449270073,0.0,0
0.1,0.25,0.2290091161470067,-0.6456757828136733,2
0.1,0.25,0.5548418449270073,0.0,0
0.1,0.25,0.5548418449270073,0.0,0
0.1,0.25,0.3057912208405609,-0.3333333333333333,1
0.1,0.25,0.0,-0.75,3
0.1,0.25,0.0,-0.75,3
0.1,0.25,0.5548418449270073,0.0,0
0.1,0.25,0.3057912208405609,-0.3333333333333333,1
0.1,0.25,0.5548418449270073,0.0,0
0.1,0.25,0.3057912208405609,-0.3333333333333333,1
0.1,0.25,0.3057912208405609,-0.3333333333333333,1
0.1,0.25,0.5548418449270073,0.0,0
0.1,0.25,0.5548418449270073,0.0,0
0.1,0.25,0.5548418449270073,0.0,0
0.1,0.25,0.5548418449270073,0.0,0
0.1,0.25,0.5548418449270073,0.0,0
0.1,0.25,0.3057912208405609,-0.3333333333333333,1
0.1,0.25,0.5548418449270073,0.0,0
0.1,0.25,0.5548418449270073,0.0,0
0.1,0.25,0.0,-0.75,3
0.1,0.25,0.3057912208405609,-0.3333333333333333,1
0.1,0.25,0.3057912208405609,-0.3333333333333333,1
0.1,0.25,0.0,-0.75,3
0.1,0.25,0.5548418449270073,0.0,0
0.1,0.25,0.0,-0.75,3
0.1,0.25,0.3057912208405609,-0.3333333333333333,1
0.1,0.25,0.5548418449270073,0.0,0
0.1,0.25,0.5548418449270073,0.0,0
0.1,0.25,0.3057912208405609,-0.3333333333333333,1
0.1,0.25,0.5548418449270073,0.0,0
0.1,0.25,0.5548418449270073,0.0,0
0.1,0.25,0.5548418449270073,0.0,0
0.1,0.25,0.3057912208405609,-0.3333333333333333,1
0.1,0.25,0.3057912208405609,-0.6666666666666666,2
0.1,0.25,0.0,-0.75,3
0.1,0.25,0.5548418449270073,0.0,0
