epsilon,L0,leakage,utility,mask_size
1,0.75,0.03592524660768637,0.547408086725647,1
1,0.75,0.03592524660768637,0.547408086725647,1
1,0.75,0.0,-0.08333333333333337,5
1,0.75,0.22337399647872114,0.5266260035212789,0
1,0.75,0.22337399647872114,0.5266260035212789,0
1,0.75,0.013132038880604324,0.23686796111939568,3
1,0.75,0.008222647309668152,0.07511068602366522,4
1,0.75,0.22337399647872114,0.5266260035212789,0
1,0.75,0.03592524660768637,0.547408086725647,1
1,0.75,0.013132038880604324,0.23686796111939568,3
1,0.75,0.22337399647872114,0.5266260035212789,0
1,0.75,0.009414806213275395,0.4072518604533913,2
1,0.75,0.22337399647872114,0.5266260035212789,0
1,0.75,0.003306804705818678,-0.08664013803915205,5
1,0.75,0.03592524660768637,0.547408086725647,1
1,0.75,0.22337399647872114,0.5266260035212789,0
1,0.75,0.009414806213275395,0.2405851937867246,3
1,0.75,0.03592524660768637,0.547408086725647,1
1,0.75,0.22337399647872114,0.5266260035212789,0
1,0.75,0.009414806213275395,0.2405851937867246,3
1,0.75,0.22337399647872114,0.5266260035212789,0
1,0.75,0.03592524660768637,0.547408086725647,1
1,0.75,0.03592524660768637,0.547408086725647,1
1,0.75,0.22337399647872114,0.5266260035212789,0
1,0.75,0.03592524660768637,0.547408086725647,1
1,0.75,0.03592524660768637,0.547408086725647,1
1,0.75,0.003609042830710618,-0.08694237616404399,5
1,0.75,0.03592524660768637,0.547408086725647,1
1,0.75,0.03592524660768637,0.547408086725647,1
1,0.75,0.22337399647872114,0.5266260035212789,0
1,0.75,0.03592524660768637,0.547408086725647,1
1,0.75,0.0,-0.08333333333333337,5
1,0.75,0.03592524660768637,0.547408086725647,1
1,0.75,0.009414806213275395,0.4072518604533913,2
1,0.75,0.009414806213275395,0.2405851937867246,3
1,0.75,0.22337399647872114,0.5266260035212789,0
1,0.75,0.22337399647872114,0.5266260035212789,0
1,0.75,0.22337399647872114,0.5266260035212789,0
1,0.75,0.009414806213275395,0.2405851937867246,3
1,0.75,0.03592524660768637,0.547408086725647,1
1,0.75,0.03592524660768637,0.547408086725647,1
1,0.75,0.009414806213275395,0.2405851937867246,3
1,0.75,0.22337399647872114,0.5266260035212789,0
1,0.75,0.22337399647872114,0.5266260035212789,0
1,0.75,0.03592524660768637,0.547408086725647,1
1,0.75,0.0,0.08333333333333337,4
1,0.75,0.013132038880604324,0.23686796111939568,3
1,0.75,0.013132038880604324,0.23686796111939568,3
1,0.75,0.22337399647872114,0.5266260035212789,0
1,0.75,0.03592524660768637,0.547408086725647,1
1,0.75,0.22337399647872114,0.5266260035212789,0
1,0.75,0.22337399647872114,0.5266260035212789,0
1,0.75,0.22337399647872114,0.5266260035212789,0
1,0.75,0.009414806213275395,0.4072518604533913,2
1,0.75,0.03592524660768637,0.547408086725647,1
1,0.75,0.22337399647872114,0.5266260035212789,0
1,0.75,0.009414806213275395,0.4072518604533913,2
1,0.75,0.03592524660768637,0.547408086725647,1
1,0.75,0.03592524660768637,0.547408086725647,1
1,0.75,0.008222647309668152,0.24177735269033185,3
1,0.75,0.22337399647872114,0.5266260035212789,0
1,0.75,0.003609042830710618,-0.08694237616404399,5
1,0.75,0.22337399647872114,0.5266260035212789,0
1,0.75,0.03592524660768637,0.547408086725647,1
1,0.75,0.008222647309668152,0.24177735269033185,3
1,0.75,0.22337399647872114,0.5266260035212789,0
1,0.75,0.22337399647872114,0.5266260035212789,0
1,0.75,0.22337399647872114,0.5266260035212789,0
1,0.75,0.22337399647872114,0.5266260035212789,0
1,0.75,0.008222647309668152,0.07511068602366522,4
1,0.75,0.22337399647872114,0.5266260035212789,0
1,0.75,0.22337399647872114,0.5266260035212789,0
1,0.75,0.03592524660768637,0.547408086725647,1
1,0.75,0.22337399647872114,0.5266260035212789,0
1,0.75,0.008222647309668152,0.24177735269033185,3
1,0.75,0.22337399647872114,0.5266260035212789,0
1,0.75,0.03592524660768637,0.547408086725647,1
1,0.75,0.009414806213275395,0.4072518604533913,2
1,0.75,0.22337399647872114,0.5266260035212789,0
1,0.75,0.009414806213275395,0.07391852712005798,4
1,0.75,0.03592524660768637,0.547408086725647,1
1,0.75,0.03592524660768637,0.547408086725647,1
1,0.75,0.03592524660768637,0.547408086725647,1
1,0.75,0.03592524660768637,0.547408086725647,1
1,0.75,0.03592524660768637,0.547408086725647,1
1,0.75,0.03592524660768637,0.547408086725647,1
1,0.75,0.03592524660768637,0.547408086725647,1
1,0.75,0.22337399647872114,0.5266260035212789,0
1,0.75,0.03592524660768637,0.547408086725647,1
1,0.75,0.22337399647872114,0.5266260035212789,0
1,0.75,0.03592524660768637,0.547408086725647,1
1,0.75,0.0008907266304110095,-0.08422405996374438,5
1,0.75,0.009414806213275395,0.2405851937867246,3
1,0.75,0.013132038880604324,0.23686796111939568,3
1,0.75,0.22337399647872114,0.5266260035212789,0
1,0.75,0.004612425044516089,0.07872090828881728,4
1,0.75,0.03592524660768637,0.547408086725647,1
1,0.75,0.22337399647872114,0.5266260035212789,0
1,0.75,0.03592524660768637,0.547408086725647,1
1,0.75,0.013132038880604324,0.07020129445272905,4
1,0.75,0.6623992294064142,0.08760077059358584,0
1,0.75,0.6623992294064142,0.08760077059358584,0
1,0.75,0.505574395670396,0.14442560432960402,1
1,0.75,0.6623992294064142,0.08760077059358584,0
1,0.75,0.6623992294064142,0.08760077059358584,0
1,0.75,0.35966634913433626,0.19033365086566373,2
1,0.75,0.505574395670396,0.14442560432960402,1
1,0.75,0.6623992294064142,0.08760077059358584,0
1,0.75,0.6623992294064142,0.08760077059358584,0
1,0.75,0.6623992294064142,0.08760077059358584,0
1,0.75,0.6623992294064142,0.08760077059358584,0
1,0.75,0.505574395670396,0.14442560432960402,1
1,0.75,0.6623992294064142,0.08760077059358584,0
1,0.75,0.6623992294064142,0.08760077059358584,0
1,0.75,0.6623992294064142,0.08760077059358584,0
1,0.75,0.35966634913433626,0.19033365086566373,2
1,0.75,0.6623992294064142,0.08760077059358584,0
1,0.75,0.24175913958548945,0.20824086041451056,3
1,0.75,0.6623992294064142,0.08760077059358584,0
1,0.75,0.6623992294064142,0.08760077059358584,0
1,0.75,0.6623992294064142,0.08760077059358584,0
1,0.75,0.6623992294064142,0.08760077059358584,0
1,0.75,0.505574395670396,0.14442560432960402,1
1,0.75,0.505574395670396,0.14442560432960402,1
1,0.75,0.505574395670396,0.14442560432960402,1
1,0.75,0.505574395670396,0.14442560432960402,1
1,0.75,0.24175913958548945,0.20824086041451056,3
1,0.75,0.6623992294064142,0.08760077059358584,0
1,0.75,0.6623992294064142,0.08760077059358584,0
1,0.75,0.24175913958548945,0.20824086041451056,3
1,0.75,0.505574395670396,0.14442560432960402,1
1,0.75,0.6623992294064142,0.08760077059358584,0
1,0.75,0.505574395670396,0.14442560432960402,1
1,0.75,0.6623992294064142,0.08760077059358584,0
1,0.75,0.505574395670396,0.14442560432960402,1
1,0.75,0.6623992294064142,0.08760077059358584,0
1,0.75,0.6623992294064142,0.08760077059358584,0
1,0.75,0.24175913958548945,0.20824086041451056,3
1,0.75,0.35966634913433626,0.19033365086566373,2
1,0.75,0.505574395670396,0.14442560432960402,1
1,0.75,0.505574395670396,0.14442560432960402,1
1,0.75,0.6623992294064142,0.08760077059358584,0
1,0.75,0.505574395670396,0.14442560432960402,1
1,0.75,0.35966634913433626,0.19033365086566373,2
1,0.75,0.6623992294064142,0.08760077059358584,0
1,0.75,0.6623992294064142,0.08760077059358584,0
1,0.75,0.505574395670396,0.14442560432960402,1
1,0.75,0.6623992294064142,0.08760077059358584,0
1,0.75,0.35966634913433626,0.19033365086566373,2
1,0.75,0.6623992294064142,0.08760077059358584,0
1,0.75,0.6623992294064142,0.08760077059358584,0
1,0.75,0.24175913958548945,0.20824086041451056,3
1,0.75,0.24175913958548945,0.20824086041451056,3
1,0.75,0.6623992294064142,0.08760077059358584,0
1,0.75,0.6623992294064142,0.08760077059358584,0
1,0.75,0.0002521225070323263,-0.15025212250703235,9
1,0.75,0.505574395670396,0.14442560432960402,1
1,0.75,0.6623992294064142,0.08760077059358584,0
1,0.75,0.6623992294064142,0.08760077059358584,0
1,0.75,0.21945273335876703,0.030547266641232973,5
1,0.75,0.6623992294064142,0.08760077059358584,0
1,0.75,0.6623992294064142,0.08760077059358584,0
1,0.75,0.24175913958548945,0.20824086041451056,3
1,0.75,0.505574395670396,0.14442560432960402,1
1,0.75,0.35966634913433626,0.19033365086566373,2
1,0.75,0.6623992294064142,0.08760077059358584,0
1,0.75,0.505574395670396,0.14442560432960402,1
1,0.75,0.505574395670396,0.14442560432960402,1
1,0.75,0.505574395670396,0.14442560432960402,1
1,0.75,0.505574395670396,0.14442560432960402,1
1,0.75,0.505574395670396,0.14442560432960402,1
1,0.75,0.505574395670396,0.14442560432960402,1
1,0.75,0.21945273335876703,0.030547266641232973,5
1,0.75,0.6623992294064142,0.08760077059358584,0
1,0.75,0.6623992294064142,0.08760077059358584,0
1,0.75,0.6623992294064142,0.08760077059358584,0
1,0.75,0.6623992294064142,0.08760077059358584,0
1,0.75,0.505574395670396,0.14442560432960402,1
1,0.75,0.505574395670396,0.14442560432960402,1
1,0.75,0.21945273335876703,0.13054726664123295,4
1,0.75,0.24175913958548945,0.20824086041451056,3
1,0.75,0.35966634913433626,0.19033365086566373,2
1,0.75,0.505574395670396,0.14442560432960402,1
1,0.75,0.505574395670396,0.14442560432960402,1
1,0.75,0.505574395670396,0.14442560432960402,1
1,0.75,0.6623992294064142,0.08760077059358584,0
1,0.75,0.505574395670396,0.14442560432960402,1
1,0.75,0.505574395670396,0.14442560432960402,1
1,0.75,0.6623992294064142,0.08760077059358584,0
1,0.75,0.6623992294064142,0.08760077059358584,0
1,0.75,0.6623992294064142,0.08760077059358584,0
1,0.75,0.6623992294064142,0.08760077059358584,0
1,0.75,0.6623992294064142,0.08760077059358584,0
1,0.75,0.6623992294064142,0.08760077059358584,0
1,0.75,0.6623992294064142,0.08760077059358584,0
1,0.75,0.6623992294064142,0.08760077059358584,0
1,0.75,0.24175913958548945,0.20824086041451056,3
1,0.75,0.505574395670396,0.14442560432960402,1
1,0.75,0.16715725920573166,-0.11715725920573161,7
1,0.75,0.6623992294064142,0.08760077059358584,0
1,0.75,0.2726821726489278,0.3939844940177389,1
1,0.75,0.2703959767814541,0.31293735655187926,2
1,0.75,0.49122554744404323,0.25877445255595677,0
1,0.75,0.49122554744404323,0.25877445255595677,0
1,0.75,0.2726821726489278,0.3939844940177389,1
1,0.75,0.0714832855581572,0.3451833811085095,4
1,0.75,0.49122554744404323,0.25877445255595677,0
1,0.75,0.2703959767814541,0.31293735655187926,2
1,0.75,0.2703959767814541,0.31293735655187926,2
1,0.75,0.11260015870728857,0.38739984129271143,3
1,0.75,0.49122554744404323,0.25877445255595677,0
1,0.75,0.49122554744404323,0.25877445255595677,0
1,0.75,0.2703959767814541,0.31293735655187926,2
1,0.75,0.2726821726489278,0.3939844940177389,1
1,0.75,0.2726821726489278,0.3939844940177389,1
1,0.75,0.2703959767814541,0.31293735655187926,2
1,0.75,0.49122554744404323,0.25877445255595677,0
1,0.75,0.2726821726489278,0.3939844940177389,1
1,0.75,0.0714832855581572,0.3451833811085095,4
1,0.75,0.2726821726489278,0.3939844940177389,1
1,0.75,0.49122554744404323,0.25877445255595677,0
1,0.75,0.2703959767814541,0.31293735655187926,2
1,0.75,0.2726821726489278,0.3939844940177389,1
1,0.75,0.2703959767814541,0.31293735655187926,2
1,0.75,0.49122554744404323,0.25877445255595677,0
1,0.75,0.2703959767814541,0.31293735655187926,2
1,0.75,0.11260015870728857,0.38739984129271143,3
1,0.75,0.2726821726489278,0.3939844940177389,1
1,0.75,0.49122554744404323,0.25877445255595677,0
1,0.75,0.2703959767814541,0.31293735655187926,2
1,0.75,0.49122554744404323,0.25877445255595677,0
1,0.75,0.2726821726489278,0.3939844940177389,1
1,0.75,0.2703959767814541,0.31293735655187926,2
1,0.75,0.49122554744404323,0.25877445255595677,0
1,0.75,0.49122554744404323,0.25877445255595677,0
1,0.75,0.2703959767814541,0.31293735655187926,2
1,0.75,0.2726821726489278,0.3939844940177389,1
1,0.75,0.49122554744404323,0.25877445255595677,0
1,0.75,0.0714832855581572,0.3451833811085095,4
1,0.75,0.0714832855581572,0.3451833811085095,4
1,0.75,0.2726821726489278,0.3939844940177389,1
1,0.75,0.2726821726489278,0.3939844940177389,1
1,0.75,0.49122554744404323,0.25877445255595677,0
1,0.75,0.2726821726489278,0.3939844940177389,1
1,0.75,0.49122554744404323,0.25877445255595677,0
1,0.75,0.2726821726489278,0.3939844940177389,1
1,0.75,0.2703959767814541,0.31293735655187926,2
1,0.75,0.2726821726489278,0.3939844940177389,1
1,0.75,0.2726821726489278,0.3939844940177389,1
1,0.75,0.2726821726489278,0.3939844940177389,1
1,0.75,0.49122554744404323,0.25877445255595677,0
1,0.75,0.2726821726489278,0.3939844940177389,1
1,0.75,0.2726821726489278,0.3939844940177389,1
1,0.75,0.49122554744404323,0.25877445255595677,0
1,0.75,0.49122554744404323,0.25877445255595677,0
1,0.75,0.49122554744404323,0.25877445255595677,0
1,0.75,0.2703959767814541,0.31293735655187926,2
1,0.75,0.2726821726489278,0.3939844940177389,1
1,0.75,0.2726821726489278,0.3939844940177389,1
1,0.75,0.49122554744404323,0.25877445255595677,0
1,0.75,0.2703959767814541,0.31293735655187926,2
1,0.75,0.49122554744404323,0.25877445255595677,0
1,0.75,0.2703959767814541,0.31293735655187926,2
1,0.75,0.49122554744404323,0.25877445255595677,0
1,0.75,0.2726821726489278,0.3939844940177389,1
1,0.75,0.49122554744404323,0.25877445255595677,0
1,0.75,0.2726821726489278,0.3939844940177389,1
1,0.75,0.2703959767814541,0.31293735655187926,2
1,0.75,0.2726821726489278,0.3939844940177389,1
1,0.75,0.2703959767814541,0.31293735655187926,2
1,0.75,0.49122554744404323,0.25877445255595677,0
1,0.75,0.49122554744404323,0.25877445255595677,0
1,0.75,0.49122554744404323,0.25877445255595677,0
1,0.75,0.49122554744404323,0.25877445255595677,0
1,0.75,0.2726821726489278,0.3939844940177389,1
1,0.75,0.0008166766726109831,-0.0008166766726109831,9
1,0.75,0.49122554744404323,0.25877445255595677,0
1,0.75,0.2703959767814541,0.31293735655187926,2
1,0.75,0.2703959767814541,0.31293735655187926,2
1,0.75,0.2726821726489278,0.3939844940177389,1
1,0.75,0.11260015870728857,0.38739984129271143,3
1,0.75,0.2703959767814541,0.31293735655187926,2
1,0.75,0.2726821726489278,0.3939844940177389,1
1,0.75,0.49122554744404323,0.25877445255595677,0
1,0.75,0.49122554744404323,0.25877445255595677,0
1,0.75,0.2726821726489278,0.3939844940177389,1
1,0.75,0.49122554744404323,0.25877445255595677,0
1,0.75,0.2703959767814541,0.31293735655187926,2
1,0.75,0.49122554744404323,0.25877445255595677,0
1,0.75,0.2726821726489278,0.3939844940177389,1
1,0.75,0.2726821726489278,0.3939844940177389,1
1,0.75,0.49122554744404323,0.25877445255595677,0
1,0.75,0.49122554744404323,0.25877445255595677,0
1,0.75,0.0010334108828575772,-0.0010334108828575772,9
1,0.75,0.49122554744404323,0.25877445255595677,0
1,0.75,0.2703959767814541,0.31293735655187926,2
1,0.75,0.11260015870728857,0.38739984129271143,3
1,0.75,0.2726821726489278,0.3939844940177389,1
1,0.75,0.49122554744404323,0.25877445255595677,0
1,0.75,0.49122554744404323,0.25877445255595677,0
1,0.75,0.9826408586840785,0.0,0
1,0.75,0.08907123541814055,-0.1852250815719867,11
1,0.75,0.9826408586840785,0.0,0
1,0.75,0.24980936013667854,-0.3459632062905247,11
1,0.75,0.9826408586840785,0.0,0
1,0.75,0.9826408586840785,0.0,0
1,0.75,0.9826408586840785,0.0,0
1,0.75,0.18094116044347042,-0.046325775828085836,8
1,0.75,0.1689864093151694,0.2733212829925229,4
1,0.75,0.17632192147614734,0.4198319246776988,2
1,0.75,0.1689864093151694,0.11947512914636904,6
1,0.75,0.1760394759225462,-0.27219332207639235,11
1,0.75,0.18094116044347042,0.10752037801806802,6
1,0.75,0.9826408586840785,0.0,0
1,0.75,0.7637041577312637,-0.07692307692307693,1
1,0.75,0.9826408586840785,0.0,0
1,0.75,0.17603313033905366,-0.2721869764928998,11
1,0.75,0.14621142152444744,-0.1654421907552167,10
1,0.75,0.9826408586840785,0.0,0
1,0.75,0.2455785165522859,-0.34173236270613205,11
1,0.75,0.9826408586840785,0.0,0
1,0.75,0.11650065212924676,0.0950378094092148,7
1,0.75,0.7637041577312637,-0.07692307692307693,1
1,0.75,0.7637041577312637,-0.07692307692307693,1
1,0.75,0.9826408586840785,0.0,0
1,0.75,0.9826408586840785,0.0,0
1,0.75,0.9826408586840785,0.0,0
1,0.75,0.7637041577312637,-0.07692307692307693,1
1,0.75,0.7637041577312637,-0.07692307692307693,1
1,0.75,0.7637041577312637,-0.07692307692307693,1
1,0.75,0.9826408586840785,0.0,0
1,0.75,0.9826408586840785,0.0,0
1,0.75,0.9826408586840785,0.0,0
1,0.75,0.14626212769916158,0.2960455646085307,4
1,0.75,0.9826408586840785,0.0,0
1,0.75,0.7637041577312637,-0.07692307692307693,1
1,0.75,0.1689864093151694,0.19639820606944597,5
1,0.75,0.1689864093151694,0.11947512914636904,6
1,0.75,0.9826408586840785,0.0,0
1,0.75,0.08788882874402859,-0.18404267489787474,11
1,0.75,0.12744625720955838,0.23793835817505699,5
1,0.75,0.17632192147614734,0.26598577083154495,4
1,0.75,0.9826408586840785,0.0,0
1,0.75,0.9826408586840785,0.0,0
1,0.75,0.9826408586840785,0.0,0
1,0.75,0.9826408586840785,0.0,0
1,0.75,0.9826408586840785,0.0,0
1,0.75,0.9826408586840785,0.0,0
1,0.75,0.9826408586840785,0.0,0
1,0.75,0.9826408586840785,0.0,0
1,0.75,0.9826408586840785,0.0,0
1,0.75,0.9826408586840785,0.0,0
1,0.75,0.7637041577312637,-0.07692307692307693,1
1,0.75,0.9826408586840785,0.0,0
1,0.75,0.9826408586840785,0.0,0
1,0.75,0.08788882874402859,-0.18404267489787474,11
1,0.75,0.09627439408631511,-0.19242824024016125,11
1,0.75,0.08788882874402859,-0.18404267489787474,11
1,0.75,0.7637041577312637,-0.07692307692307693,1
1,0.75,0.11960338386169278,-0.13883415309246205,10
1,0.75,0.9826408586840785,0.0,0
1,0.75,0.7637041577312637,-0.07692307692307693,1
1,0.75,0.17632192147614734,0.4198319246776988,2
1,0.75,0.9826408586840785,0.0,0
1,0.75,0.9826408586840785,0.0,0
1,0.75,0.18094116044347042,0.10752037801806802,6
1,0.75,0.9826408586840785,0.0,0
1,0.75,0.9826408586840785,0.0,0
1,0.75,0.17603313033905366,-0.2721869764928998,11
1,0.75,0.9826408586840785,0.0,0
1,0.75,0.9826408586840785,0.0,0
1,0.75,0.7637041577312637,-0.07692307692307693,1
1,0.75,0.7637041577312637,-0.07692307692307693,1
1,0.75,0.7637041577312637,-0.07692307692307693,1
1,0.75,0.9826408586840785,0.0,0
1,0.75,0.7637041577312637,-0.07692307692307693,1
1,0.75,0.9826408586840785,0.0,0
1,0.75,0.9826408586840785,0.0,0
1,0.75,0.7637041577312637,-0.07692307692307693,1
1,0.75,0.9826408586840785,0.0,0
1,0.75,0.11650137372767988,-0.21265521988152603,11
1,0.75,0.9826408586840785,0.0,0
1,0.75,0.7637041577312637,-0.07692307692307693,1
1,0.75,0.9826408586840785,0.0,0
1,0.75,0.9826408586840785,0.0,0
1,0.75,0.7637041577312637,-0.07692307692307693,1
1,0.75,0.9826408586840785,0.0,0
1,0.75,0.7637041577312637,-0.07692307692307693,1
1,0.75,0.11650065212924676,-0.2126544982830929,11
1,0.75,0.9826408586840785,0.0,0
1,0.75,0.9826408586840785,0.0,0
1,0.75,0.9826408586840785,0.0,0
1,0.75,0.2455785165522859,-0.034040055013824344,7
1,0.75,0.9826408586840785,0.0,0
1,0.75,0.17632192147614734,0.26598577083154495,4
1,0.75,0.1689864093151694,0.04255205222329217,7
1,0.75,0.14621142152444744,-0.24236526767829358,11
1,0.75,0.9826408586840785,0.0,0
1,0.75,0.24980936013667854,-0.3459632062905247,11
1,0.75,0.17632192147614734,0.18906269390846803,5
1,0.75,0.3057912208405609,-0.2224578875072275,2
1,0.75,0.5548418449270073,0.19515815507299272,0
1,0.75,0.3057912208405609,0.11087544582610581,1
1,0.75,0.5548418449270073,0.19515815507299272,0
1,0.75,0.5548418449270073,0.19515815507299272,0
1,0.75,0.2290091161470067,-0.14567578281367333,2
1,0.75,0.5548418449270073,0.19515815507299272,0
1,0.75,0.0,-0.25,3
1,0.75,0.3057912208405609,0.11087544582610581,1
1,0.75,0.5548418449270073,0.19515815507299272,0
1,0.75,0.3057912208405609,-0.2224578875072275,2
1,0.75,0.3057912208405609,-0.2224578875072275,2
1,0.75,0.0,-0.25,3
1,0.75,0.3057912208405609,0.11087544582610581,1
1,0.75,0.5548418449270073,0.19515815507299272,0
1,0.75,0.5548418449270073,0.19515815507299272,0
1,0.75,0.3057912208405609,0.11087544582610581,1
1,0.75,0.5548418449270073,0.19515815507299272,0
1,0.75,0.0,-0.25,3
1,0.75,0.2290091161470067,-0.14567578281367333,2
1,0.75,0.3057912208405609,0.11087544582610581,1
1,0.75,0.0,-0.25,3
1,0.75,0.5548418449270073,0.19515815507299272,0
1,0.75,0.5548418449270073,0.19515815507299272,0
1,0.75,0.0,-0.25,3
1,0.75,0.3057912208405609,0.11087544582610581,1
1,0.75,0.3057912208405609,0.11087544582610581,1
1,0.75,0.3057912208405609,-0.2224578875072275,2
1,0.75,0.3057912208405609,0.11087544582610581,1
1,0.75,0.5548418449270073,0.19515815507299272,0
1,0.75,0.0,-0.25,3
1,0.75,0.3057912208405609,0.11087544582610581,1
1,0.75,0.3057912208405609,-0.2224578875072275,2
1,0.75,0.5548418449270073,0.19515815507299272,0
1,0.75,0.5548418449270073,0.19515815507299272,0
1,0.75,0.5548418449270073,0.19515815507299272,0
1,0.75,0.5548418449270073,0.19515815507299272,0
1,0.75,0.5548418449270073,0.19515815507299272,0
1,0.75,0.2290091161470067,-0.14567578281367333,2
1,0.75,0.5548418449270073,0.19515815507299272,0
1,0.75,0.5548418449270073,0.19515815507299272,0
1,0.75,0.2290091161470067,-0.14567578281367333,2
1,0.75,0.5548418449270073,0.19515815507299272,0
1,0.75,0.0,-0.25,3
1,0.75,0.0,-0.25,3
1,0.75,0.5548418449270073,0.19515815507299272,0
1,0.75,0.5548418449270073,0.19515815507299272,0
1,0.75,0.5548418449270073,0.19515815507299272,0
1,0.75,0.3057912208405609,0.11087544582610581,1
1,0.75,0.5548418449270073,0.19515815507299272,0
1,0.75,0.5548418449270073,0.19515815507299272,0
1,0.75,0.3057912208405609,0.11087544582610581,1
1,0.75,0.3057912208405609,0.11087544582610581,1
1,0.75,0.0,-0.25,3
1,0.75,0.5548418449270073,0.19515815507299272,0
1,0.75,0.5548418449270073,0.19515815507299272,0
1,0.75,0.3057912208405609,0.11087544582610581,1
1,0.75,0.0,-0.25,3
1,0.75,0.5548418449270073,0.19515815507299272,0
1,0.75,0.0,-0.25,3
1,0.75,0.3057912208405609,0.11087544582610581,1
1,0.75,0.2290091161470067,-0.14567578281367333,2
1,0.75,0.5548418449270073,0.19515815507299272,0
1,0.75,0.5548418449270073,0.19515815507299272,0
1,0.75,0.5548418449270073,0.19515815507299272,0
1,0.75,0.3057912208405609,0.11087544582610581,1
1,0.75,0.3057912208405609,0.11087544582610581,1
1,0.75,0.5548418449270073,0.19515815507299272,0
1,0.75,0.5548418449270073,0.19515815507299272,0
1,0.75,0.5548418449270073,0.19515815507299272,0
1,0.75,0.5548418449270073,0.19515815507299272,0
1,0.75,0.5548418449270073,0.19515815507299272,0
1,0.75,0.5548418449270073,0.19515815507299272,0
1,0.75,0.5548418449270073,0.19515815507299272,0
1,0.75,0.5548418449270073,0.19515815507299272,0
1,0.75,0.3057912208405609,-0.2224578875072275,2
1,0.75,0.5548418449270073,0.19515815507299272,0
1,0.75,0.5548418449270073,0.19515815507299272,0
1,0.75,0.5548418449270073,0.19515815507299272,0
1,0.75,0.5548418449270073,0.19515815507299272,0
1,0.75,0.5548418449270073,0.19515815507299272,0
1,0.75,0.3057912208405609,0.11087544582610581,1
1,0.75,0.5548418449270073,0.19515815507299272,0
1,0.75,0.3057912208405609,0.11087544582610581,1
1,0.75,0.5548418449270073,0.19515815507299272,0
1,0.75,0.3057912208405609,0.11087544582610581,1
1,0.75,0.3057912208405609,0.11087544582610581,1
1,0.75,0.5548418449270073,0.19515815507299272,0
1,0.75,0.2290091161470067,-0.14567578281367333,2
1,0.75,0.5548418449270073,0.19515815507299272,0
1,0.75,0.5548418449270073,0.19515815507299272,0
1,0.75,0.3057912208405609,0.11087544582610581,1
1,0.75,0.5548418449270073,0.19515815507299272,0
1,0.75,0.5548418449270073,0.19515815507299272,0
1,0.75,0.0,-0.25,3
1,0.75,0.5548418449270073,0.19515815507299272,0
1,0.75,0.5548418449270073,0.19515815507299272,0
1,0.75,0.3057912208405609,0.11087544582610581,1
1,0.75,0.3057912208405609,0.11087544582610581,1
1,0.75,0.5548418449270073,0.19515815507299272,0
