epsilon,L0,leakage,utility,mask_size
10,0.75,0.22337399647872114,0.5266260035212789,0
10,0.75,0.009414806213275395,0.4072518604533913,2
10,0.75,0.011469181810646378,0.07186415152268699,4
10,0.75,0.03592524660768637,0.547408086725647,1
10,0.75,0.03592524660768637,0.547408086725647,1
10,0.75,0.03592524660768637,0.547408086725647,1
10,0.75,0.003306804705818678,-0.08664013803915205,5
10,0.75,0.22337399647872114,0.5266260035212789,0
10,0.75,0.013132038880604324,0.07020129445272905,4
10,0.75,0.011469181810646378,0.07186415152268699,4
10,0.75,0.03592524660768637,0.547408086725647,1
10,0.75,0.22337399647872114,0.5266260035212789,0
10,0.75,0.22337399647872114,0.5266260035212789,0
10,0.75,0.03592524660768637,0.547408086725647,1
10,0.75,0.008222647309668152,0.07511068602366522,4
10,0.75,0.03592524660768637,0.547408086725647,1
10,0.75,0.03592524660768637,0.547408086725647,1
10,0.75,0.03592524660768637,0.547408086725647,1
10,0.75,0.22337399647872114,0.5266260035212789,0
10,0.75,0.03592524660768637,0.547408086725647,1
10,0.75,0.0,-0.08333333333333337,5
10,0.75,0.22337399647872114,0.5266260035212789,0
10,0.75,0.008222647309668152,0.24177735269033185,3
10,0.75,0.013132038880604324,0.23686796111939568,3
10,0.75,0.22337399647872114,0.5266260035212789,0
10,0.75,0.003306804705818678,-0.08664013803915205,5
10,0.75,0.0,-0.08333333333333337,5
10,0.75,0.003609042830710618,-0.08694237616404399,5
10,0.75,0.22337399647872114,0.5266260035212789,0
10,0.75,0.003609042830710618,-0.08694237616404399,5
10,0.75,0.03592524660768637,0.547408086725647,1
10,0.75,0.03592524660768637,0.547408086725647,1
10,0.75,0.003609042830710618,-0.08694237616404399,5
10,0.75,0.22337399647872114,0.5266260035212789,0
10,0.75,0.03592524660768637,0.547408086725647,1
10,0.75,0.22337399647872114,0.5266260035212789,0
10,0.75,0.009414806213275395,0.4072518604533913,2
10,0.75,0.03592524660768637,0.547408086725647,1
10,0.75,0.22337399647872114,0.5266260035212789,0
10,0.75,0.03592524660768637,0.547408086725647,1
10,0.75,0.22337399647872114,0.5266260035212789,0
10,0.75,0.03592524660768637,0.547408086725647,1
10,0.75,0.22337399647872114,0.5266260035212789,0
10,0.75,0.22337399647872114,0.5266260035212789,0
10,0.75,0.22337399647872114,0.5266260035212789,0
10,0.75,0.03592524660768637,0.547408086725647,1
10,0.75,0.0008907266304110095,-0.08422405996374438,5
10,0.75,0.03592524660768637,0.547408086725647,1
10,0.75,0.22337399647872114,0.5266260035212789,0
10,0.75,0.03592524660768637,0.547408086725647,1
10,0.75,0.03592524660768637,0.547408086725647,1
10,0.75,0.22337399647872114,0.5266260035212789,0
10,0.75,0.0008907266304110095,-0.08422405996374438,5
10,0.75,0.03592524660768637,0.547408086725647,1
10,0.75,0.0,-0.08333333333333337,5
10,0.75,0.009414806213275395,0.4072518604533913,2
10,0.75,0.22337399647872114,0.5266260035212789,0
10,0.75,0.03592524660768637,0.547408086725647,1
10,0.75,0.03592524660768637,0.547408086725647,1
10,0.75,0.22337399647872114,0.5266260035212789,0
10,0.75,0.013132038880604324,0.07020129445272905,4
10,0.75,0.0,0.08333333333333337,4
10,0.75,0.22337399647872114,0.5266260035212789,0
10,0.75,0.03592524660768637,0.547408086725647,1
10,0.75,0.03592524660768637,0.547408086725647,1
10,0.75,0.22337399647872114,0.5266260035212789,0
10,0.75,0.008222647309668152,0.24177735269033185,3
10,0.75,0.03592524660768637,0.547408086725647,1
10,0.75,0.22337399647872114,0.5266260035212789,0
10,0.75,0.22337399647872114,0.5266260035212789,0
10,0.75,0.03592524660768637,0.547408086725647,1
10,0.75,0.009414806213275395,0.2405851937867246,3
10,0.75,0.22337399647872114,0.5266260035212789,0
10,0.75,0.22337399647872114,0.5266260035212789,0
10,0.75,0.03592524660768637,0.547408086725647,1
10,0.75,0.03592524660768637,0.547408086725647,1
10,0.75,0.008222647309668152,0.07511068602366522,4
10,0.75,0.22337399647872114,0.5266260035212789,0
10,0.75,0.03592524660768637,0.547408086725647,1
10,0.75,0.0,-0.08333333333333337,5
10,0.75,0.22337399647872114,0.5266260035212789,0
10,0.75,0.03592524660768637,0.547408086725647,1
10,0.75,0.0008907266304110095,-0.08422405996374438,5
10,0.75,0.03592524660768637,0.547408086725647,1
10,0.75,0.013132038880604324,0.23686796111939568,3
10,0.75,0.009414806213275395,0.2405851937867246,3
10,0.75,0.22337399647872114,0.5266260035212789,0
10,0.75,0.03592524660768637,0.547408086725647,1
10,0.75,0.03592524660768637,0.547408086725647,1
10,0.75,0.009414806213275395,0.4072518604533913,2
10,0.75,0.03592524660768637,0.547408086725647,1
10,0.75,0.003609042830710618,-0.08694237616404399,5
10,0.75,0.009414806213275395,0.2405851937867246,3
10,0.75,0.03592524660768637,0.547408086725647,1
10,0.75,0.003306804705818678,-0.08664013803915205,5
10,0.75,0.22337399647872114,0.5266260035212789,0
10,0.75,0.03592524660768637,0.547408086725647,1
10,0.75,0.011469181810646378,0.07186415152268699,4
10,0.75,0.22337399647872114,0.5266260035212789,0
10,0.75,0.008222647309668152,0.24177735269033185,3
10,0.75,0.35966634913433626,0.19033365086566373,2
10,0.75,0.6623992294064142,0.08760077059358584,0
10,0.75,0.2902622119955647,-0.4402622119955647,9
10,0.75,0.35966634913433626,0.19033365086566373,2
10,0.75,0.6623992294064142,0.08760077059358584,0
10,0.75,0.0002521225070323263,-0.15025212250703235,9
10,0.75,0.6623992294064142,0.08760077059358584,0
10,0.75,0.6623992294064142,0.08760077059358584,0
10,0.75,0.505574395670396,0.14442560432960402,1
10,0.75,0.6623992294064142,0.08760077059358584,0
10,0.75,0.6623992294064142,0.08760077059358584,0
10,0.75,0.6623992294064142,0.08760077059358584,0
10,0.75,0.2902622119955647,-0.3402622119955647,8
10,0.75,0.6623992294064142,0.08760077059358584,0
10,0.75,0.6623992294064142,0.08760077059358584,0
10,0.75,0.505574395670396,0.14442560432960402,1
10,0.75,0.6623992294064142,0.08760077059358584,0
10,0.75,0.6623992294064142,0.08760077059358584,0
10,0.75,0.35966634913433626,0.19033365086566373,2
10,0.75,0.505574395670396,0.14442560432960402,1
10,0.75,0.6623992294064142,0.08760077059358584,0
10,0.75,0.6623992294064142,0.08760077059358584,0
10,0.75,0.6623992294064142,0.08760077059358584,0
10,0.75,0.505574395670396,0.14442560432960402,1
10,0.75,0.6623992294064142,0.08760077059358584,0
10,0.75,0.6623992294064142,0.08760077059358584,0
10,0.75,0.6623992294064142,0.08760077059358584,0
10,0.75,0.505574395670396,0.14442560432960402,1
10,0.75,0.505574395670396,0.14442560432960402,1
10,0.75,0.35966634913433626,0.19033365086566373,2
10,0.75,0.35966634913433626,0.19033365086566373,2
10,0.75,0.505574395670396,0.14442560432960402,1
10,0.75,0.6623992294064142,0.08760077059358584,0
10,0.75,0.6623992294064142,0.08760077059358584,0
10,0.75,0.35966634913433626,0.19033365086566373,2
10,0.75,0.21945273335876703,0.030547266641232973,5
10,0.75,0.6623992294064142,0.08760077059358584,0
10,0.75,0.35966634913433626,0.19033365086566373,2
10,0.75,0.505574395670396,0.14442560432960402,1
10,0.75,0.6623992294064142,0.08760077059358584,0
10,0.75,0.505574395670396,0.14442560432960402,1
10,0.75,0.6623992294064142,0.08760077059358584,0
10,0.75,0.505574395670396,0.14442560432960402,1
10,0.75,0.505574395670396,0.14442560432960402,1
10,0.75,0.6623992294064142,0.08760077059358584,0
10,0.75,0.6623992294064142,0.08760077059358584,0
10,0.75,0.6623992294064142,0.08760077059358584,0
10,0.75,0.505574395670396,0.14442560432960402,1
10,0.75,0.6623992294064142,0.08760077059358584,0
10,0.75,0.0002521225070323263,-0.15025212250703235,9
10,0.75,0.6623992294064142,0.08760077059358584,0
10,0.75,0.505574395670396,0.14442560432960402,1
10,0.75,0.6623992294064142,0.08760077059358584,0
10,0.75,0.6623992294064142,0.08760077059358584,0
10,0.75,0.6623992294064142,0.08760077059358584,0
10,0.75,0.505574395670396,0.14442560432960402,1
10,0.75,0.505574395670396,0.14442560432960402,1
10,0.75,0.35966634913433626,0.19033365086566373,2
10,0.75,0.6623992294064142,0.08760077059358584,0
10,0.75,0.6623992294064142,0.08760077059358584,0
10,0.75,0.505574395670396,0.14442560432960402,1
10,0.75,0.6623992294064142,0.08760077059358584,0
10,0.75,0.505574395670396,0.14442560432960402,1
10,0.75,0.505574395670396,0.14442560432960402,1
10,0.75,0.505574395670396,0.14442560432960402,1
10,0.75,0.6623992294064142,0.08760077059358584,0
10,0.75,0.35966634913433626,0.19033365086566373,2
10,0.75,0.505574395670396,0.14442560432960402,1
10,0.75,0.6623992294064142,0.08760077059358584,0
10,0.75,0.6623992294064142,0.08760077059358584,0
10,0.75,0.6623992294064142,0.08760077059358584,0
10,0.75,0.35966634913433626,0.19033365086566373,2
10,0.75,0.505574395670396,0.14442560432960402,1
10,0.75,0.24175913958548945,0.20824086041451056,3
10,0.75,0.21940735109689347,-0.3694073510968935,9
10,0.75,0.505574395670396,0.14442560432960402,1
10,0.75,0.6623992294064142,0.08760077059358584,0
10,0.75,0.505574395670396,0.14442560432960402,1
10,0.75,0.6623992294064142,0.08760077059358584,0
10,0.75,0.6623992294064142,0.08760077059358584,0
10,0.75,0.6623992294064142,0.08760077059358584,0
10,0.75,0.505574395670396,0.14442560432960402,1
10,0.75,0.24175913958548945,0.20824086041451056,3
10,0.75,0.505574395670396,0.14442560432960402,1
10,0.75,0.6623992294064142,0.08760077059358584,0
10,0.75,0.21940735109689347,-0.06940735109689344,6
10,0.75,0.6623992294064142,0.08760077059358584,0
10,0.75,0.35966634913433626,0.19033365086566373,2
10,0.75,0.6623992294064142,0.08760077059358584,0
10,0.75,0.6623992294064142,0.08760077059358584,0
10,0.75,0.6623992294064142,0.08760077059358584,0
10,0.75,0.14540885463656628,-0.2954088546365663,9
10,0.75,0.6623992294064142,0.08760077059358584,0
10,0.75,0.6623992294064142,0.08760077059358584,0
10,0.75,0.21945273335876703,-0.26945273335876707,8
10,0.75,0.505574395670396,0.14442560432960402,1
10,0.75,0.35966634913433626,0.19033365086566373,2
10,0.75,0.6623992294064142,0.08760077059358584,0
10,0.75,0.24175913958548945,0.20824086041451056,3
10,0.75,0.6623992294064142,0.08760077059358584,0
10,0.75,0.49122554744404323,0.25877445255595677,0
10,0.75,0.49122554744404323,0.25877445255595677,0
10,0.75,0.2726821726489278,0.3939844940177389,1
10,0.75,0.06176386311147131,0.271569470221862,5
10,0.75,0.2726821726489278,0.3939844940177389,1
10,0.75,0.11260015870728857,0.38739984129271143,3
10,0.75,0.49122554744404323,0.25877445255595677,0
10,0.75,0.2726821726489278,0.3939844940177389,1
10,0.75,0.11260015870728857,0.38739984129271143,3
10,0.75,0.49122554744404323,0.25877445255595677,0
10,0.75,0.49122554744404323,0.25877445255595677,0
10,0.75,0.2703959767814541,0.31293735655187926,2
10,0.75,0.49122554744404323,0.25877445255595677,0
10,0.75,0.49122554744404323,0.25877445255595677,0
10,0.75,0.11260015870728857,0.38739984129271143,3
10,0.75,0.2726821726489278,0.3939844940177389,1
10,0.75,0.2726821726489278,0.3939844940177389,1
10,0.75,0.11260015870728857,0.38739984129271143,3
10,0.75,0.2726821726489278,0.3939844940177389,1
10,0.75,0.2703959767814541,0.31293735655187926,2
10,0.75,0.11260015870728857,0.38739984129271143,3
10,0.75,0.2703959767814541,0.31293735655187926,2
10,0.75,0.2726821726489278,0.3939844940177389,1
10,0.75,0.49122554744404323,0.25877445255595677,0
10,0.75,0.49122554744404323,0.25877445255595677,0
10,0.75,0.49122554744404323,0.25877445255595677,0
10,0.75,0.2726821726489278,0.3939844940177389,1
10,0.75,0.49122554744404323,0.25877445255595677,0
10,0.75,0.06176386311147131,0.271569470221862,5
10,0.75,0.49122554744404323,0.25877445255595677,0
10,0.75,0.2726821726489278,0.3939844940177389,1
10,0.75,0.2703959767814541,0.31293735655187926,2
10,0.75,0.2703959767814541,0.31293735655187926,2
10,0.75,0.0033721048964791,0.2466278951035209,6
10,0.75,0.49122554744404323,0.25877445255595677,0
10,0.75,0.49122554744404323,0.25877445255595677,0
10,0.75,0.2726821726489278,0.3939844940177389,1
10,0.75,0.49122554744404323,0.25877445255595677,0
10,0.75,0.11260015870728857,0.38739984129271143,3
10,0.75,0.0714832855581572,0.3451833811085095,4
10,0.75,0.2726821726489278,0.3939844940177389,1
10,0.75,0.2726821726489278,0.3939844940177389,1
10,0.75,0.2703959767814541,0.31293735655187926,2
10,0.75,0.2726821726489278,0.3939844940177389,1
10,0.75,0.2726821726489278,0.3939844940177389,1
10,0.75,0.2703959767814541,0.31293735655187926,2
10,0.75,0.49122554744404323,0.25877445255595677,0
10,0.75,0.2703959767814541,0.31293735655187926,2
10,0.75,0.0714832855581572,0.3451833811085095,4
10,0.75,0.49122554744404323,0.25877445255595677,0
10,0.75,0.49122554744404323,0.25877445255595677,0
10,0.75,0.49122554744404323,0.25877445255595677,0
10,0.75,0.11260015870728857,0.38739984129271143,3
10,0.75,0.49122554744404323,0.25877445255595677,0
10,0.75,0.49122554744404323,0.25877445255595677,0
10,0.75,0.2726821726489278,0.3939844940177389,1
10,0.75,0.2726821726489278,0.3939844940177389,1
10,0.75,0.11260015870728857,0.38739984129271143,3
10,0.75,0.2703959767814541,0.31293735655187926,2
10,0.75,0.2703959767814541,0.31293735655187926,2
10,0.75,0.0714832855581572,0.3451833811085095,4
10,0.75,0.49122554744404323,0.25877445255595677,0
10,0.75,0.2726821726489278,0.3939844940177389,1
10,0.75,0.11260015870728857,0.38739984129271143,3
10,0.75,0.06176386311147131,0.271569470221862,5
10,0.75,0.49122554744404323,0.25877445255595677,0
10,0.75,0.11260015870728857,0.38739984129271143,3
10,0.75,0.11260015870728857,0.38739984129271143,3
10,0.75,0.2726821726489278,0.3939844940177389,1
10,0.75,0.2703959767814541,0.31293735655187926,2
10,0.75,0.2703959767814541,0.31293735655187926,2
10,0.75,0.49122554744404323,0.25877445255595677,0
10,0.75,0.49122554744404323,0.25877445255595677,0
10,0.75,0.2703959767814541,0.31293735655187926,2
10,0.75,0.0714832855581572,0.3451833811085095,4
10,0.75,0.49122554744404323,0.25877445255595677,0
10,0.75,0.49122554744404323,0.25877445255595677,0
10,0.75,0.49122554744404323,0.25877445255595677,0
10,0.75,0.11260015870728857,0.38739984129271143,3
10,0.75,0.2703959767814541,0.31293735655187926,2
10,0.75,0.2726821726489278,0.3939844940177389,1
10,0.75,0.2726821726489278,0.3939844940177389,1
10,0.75,0.49122554744404323,0.25877445255595677,0
10,0.75,0.49122554744404323,0.25877445255595677,0
10,0.75,0.11260015870728857,0.38739984129271143,3
10,0.75,0.2726821726489278,0.3939844940177389,1
10,0.75,0.2703959767814541,0.31293735655187926,2
10,0.75,0.49122554744404323,0.25877445255595677,0
10,0.75,0.2726821726489278,0.3939844940177389,1
10,0.75,0.2703959767814541,0.31293735655187926,2
10,0.75,0.06176386311147131,0.271569470221862,5
10,0.75,0.11260015870728857,0.38739984129271143,3
10,0.75,0.49122554744404323,0.25877445255595677,0
10,0.75,0.2726821726489278,0.3939844940177389,1
10,0.75,0.2726821726489278,0.3939844940177389,1
10,0.75,0.2726821726489278,0.3939844940177389,1
10,0.75,0.2726821726489278,0.3939844940177389,1
10,0.75,0.11260015870728857,0.38739984129271143,3
10,0.75,0.2703959767814541,0.31293735655187926,2
10,0.75,0.2726821726489278,0.3939844940177389,1
10,0.75,0.9826408586840785,0.0,0
10,0.75,0.9826408586840785,0.0,0
10,0.75,0.7637041577312637,-0.07692307692307693,1
10,0.75,0.7637041577312637,-0.07692307692307693,1
10,0.75,0.9826408586840785,0.0,0
10,0.75,0.7637041577312637,-0.07692307692307693,1
10,0.75,0.17632192147614734,0.4198319246776988,2
10,0.75,0.9826408586840785,0.0,0
10,0.75,0.23553045167227926,-0.25476122090304854,10
10,0.75,0.7637041577312637,-0.07692307692307693,1
10,0.75,0.9826408586840785,0.0,0
10,0.75,0.9826408586840785,0.0,0
10,0.75,0.18094116044347042,0.10752037801806802,6
10,0.75,0.9826408586840785,0.0,0
10,0.75,0.9826408586840785,0.0,0
10,0.75,0.7637041577312637,-0.07692307692307693,1
10,0.75,0.9826408586840785,0.0,0
10,0.75,0.9826408586840785,0.0,0
10,0.75,0.9826408586840785,0.0,0
10,0.75,0.7637041577312637,-0.07692307692307693,1
10,0.75,0.9826408586840785,0.0,0
10,0.75,0.7637041577312637,-0.07692307692307693,1
10,0.75,0.9826408586840785,0.0,0
10,0.75,0.9826408586840785,0.0,0
10,0.75,0.12227457575795886,-0.218428421911805,11
10,0.75,0.9826408586840785,0.0,0
10,0.75,0.17632192147614734,0.26598577083154495,4
10,0.75,0.9826408586840785,0.0,0
10,0.75,0.9826408586840785,0.0,0
10,0.75,0.9826408586840785,0.0,0
10,0.75,0.9826408586840785,0.0,0
10,0.75,0.9826408586840785,0.0,0
10,0.75,0.9826408586840785,0.0,0
10,0.75,0.9826408586840785,0.0,0
10,0.75,0.7637041577312637,-0.07692307692307693,1
10,0.75,0.9826408586840785,0.0,0
10,0.75,0.9826408586840785,0.0,0
10,0.75,0.9826408586840785,0.0,0
10,0.75,0.9826408586840785,0.0,0
10,0.75,0.7637041577312637,-0.07692307692307693,1
10,0.75,0.24980936013667854,-0.11519397552129396,8
10,0.75,0.7637041577312637,-0.07692307692307693,1
10,0.75,0.9826408586840785,0.0,0
10,0.75,0.2455785165522859,-0.034040055013824344,7
10,0.75,0.9826408586840785,0.0,0
10,0.75,0.7637041577312637,-0.07692307692307693,1
10,0.75,0.9826408586840785,0.0,0
10,0.75,0.1760394759225462,-0.27219332207639235,11
10,0.75,0.9826408586840785,0.0,0
10,0.75,0.9826408586840785,0.0,0
10,0.75,0.9826408586840785,0.0,0
10,0.75,0.9826408586840785,0.0,0
10,0.75,0.1386589090293462,-0.08096660133703848,9
10,0.75,0.7637041577312637,-0.07692307692307693,1
10,0.75,0.7637041577312637,-0.07692307692307693,1
10,0.75,0.9826408586840785,0.0,0
10,0.75,0.9826408586840785,0.0,0
10,0.75,0.9826408586840785,0.0,0
10,0.75,0.1689864093151694,0.2733212829925229,4
10,0.75,0.9826408586840785,0.0,0
10,0.75,0.9826408586840785,0.0,0
10,0.75,0.2455785165522859,-0.1878862088599782,9
10,0.75,0.11650065212924676,0.01811473248613782,8
10,0.75,0.9826408586840785,0.0,0
10,0.75,0.9826408586840785,0.0,0
10,0.75,0.7637041577312637,-0.07692307692307693,1
10,0.75,0.9826408586840785,0.0,0
10,0.75,0.9826408586840785,0.0,0
10,0.75,0.7637041577312637,-0.07692307692307693,1
10,0.75,0.9826408586840785,0.0,0
10,0.75,0.7637041577312637,-0.07692307692307693,1
10,0.75,0.08907123541814055,-0.1852250815719867,11
10,0.75,0.7637041577312637,-0.07692307692307693,1
10,0.75,0.9826408586840785,0.0,0
10,0.75,0.9826408586840785,0.0,0
10,0.75,0.1386589090293462,-0.004043524413961608,8
10,0.75,0.9826408586840785,0.0,0
10,0.75,0.7637041577312637,-0.07692307692307693,1
10,0.75,0.9826408586840785,0.0,0
10,0.75,0.9826408586840785,0.0,0
10,0.75,0.9826408586840785,0.0,0
10,0.75,0.9826408586840785,0.0,0
10,0.75,0.14626212769916158,0.21912248768545378,5
10,0.75,0.7637041577312637,-0.07692307692307693,1
10,0.75,0.9826408586840785,0.0,0
10,0.75,0.9826408586840785,0.0,0
10,0.75,0.7637041577312637,-0.07692307692307693,1
10,0.75,0.17632192147614734,0.4198319246776988,2
10,0.75,0.0,-0.09615384615384615,11
10,0.75,0.9826408586840785,0.0,0
10,0.75,0.7637041577312637,-0.07692307692307693,1
10,0.75,0.7637041577312637,-0.07692307692307693,1
10,0.75,0.7637041577312637,-0.07692307692307693,1
10,0.75,0.7637041577312637,-0.07692307692307693,1
10,0.75,0.1689864093151694,0.3502443599155998,3
10,0.75,0.9826408586840785,0.0,0
10,0.75,0.7637041577312637,-0.07692307692307693,1
10,0.75,0.7637041577312637,-0.07692307692307693,1
10,0.75,0.9826408586840785,0.0,0
10,0.75,0.14626212769916158,0.14219941076237685,6
10,0.75,0.5548418449270073,0.19515815507299272,0
10,0.75,0.3057912208405609,0.11087544582610581,1
10,0.75,0.0,-0.25,3
10,0.75,0.5548418449270073,0.19515815507299272,0
10,0.75,0.5548418449270073,0.19515815507299272,0
10,0.75,0.5548418449270073,0.19515815507299272,0
10,0.75,0.3057912208405609,0.11087544582610581,1
10,0.75,0.2290091161470067,-0.14567578281367333,2
10,0.75,0.5548418449270073,0.19515815507299272,0
10,0.75,0.5548418449270073,0.19515815507299272,0
10,0.75,0.5548418449270073,0.19515815507299272,0
10,0.75,0.5548418449270073,0.19515815507299272,0
10,0.75,0.5548418449270073,0.19515815507299272,0
10,0.75,0.0,-0.25,3
10,0.75,0.2290091161470067,-0.14567578281367333,2
10,0.75,0.3057912208405609,0.11087544582610581,1
10,0.75,0.0,-0.25,3
10,0.75,0.3057912208405609,0.11087544582610581,1
10,0.75,0.5548418449270073,0.19515815507299272,0
10,0.75,0.5548418449270073,0.19515815507299272,0
10,0.75,0.2290091161470067,-0.14567578281367333,2
10,0.75,0.3057912208405609,-0.2224578875072275,2
10,0.75,0.3057912208405609,0.11087544582610581,1
10,0.75,0.2290091161470067,-0.14567578281367333,2
10,0.75,0.5548418449270073,0.19515815507299272,0
10,0.75,0.2290091161470067,-0.14567578281367333,2
10,0.75,0.5548418449270073,0.19515815507299272,0
10,0.75,0.5548418449270073,0.19515815507299272,0
10,0.75,0.2290091161470067,-0.14567578281367333,2
10,0.75,0.5548418449270073,0.19515815507299272,0
10,0.75,0.5548418449270073,0.19515815507299272,0
10,0.75,0.3057912208405609,0.11087544582610581,1
10,0.75,0.0,-0.25,3
10,0.75,0.3057912208405609,0.11087544582610581,1
10,0.75,0.5548418449270073,0.19515815507299272,0
10,0.75,0.3057912208405609,0.11087544582610581,1
10,0.75,0.5548418449270073,0.19515815507299272,0
10,0.75,0.3057912208405609,0.11087544582610581,1
10,0.75,0.5548418449270073,0.19515815507299272,0
10,0.75,0.5548418449270073,0.19515815507299272,0
10,0.75,0.5548418449270073,0.19515815507299272,0
10,0.75,0.3057912208405609,-0.2224578875072275,2
10,0.75,0.3057912208405609,-0.2224578875072275,2
10,0.75,0.0,-0.25,3
10,0.75,0.5548418449270073,0.19515815507299272,0
10,0.75,0.3057912208405609,0.11087544582610581,1
10,0.75,0.5548418449270073,0.19515815507299272,0
10,0.75,0.3057912208405609,0.11087544582610581,1
10,0.75,0.5548418449270073,0.19515815507299272,0
10,0.75,0.3057912208405609,0.11087544582610581,1
10,0.75,0.5548418449270073,0.19515815507299272,0
10,0.75,0.5548418449270073,0.19515815507299272,0
10,0.75,0.5548418449270073,0.19515815507299272,0
10,0.75,0.3057912208405609,0.11087544582610581,1
10,0.75,0.2290091161470067,-0.14567578281367333,2
10,0.75,0.5548418449270073,0.19515815507299272,0
10,0.75,0.3057912208405609,0.11087544582610581,1
10,0.75,0.0,-0.25,3
10,0.75,0.5548418449270073,0.19515815507299272,0
10,0.75,0.3057912208405609,0.11087544582610581,1
10,0.75,0.5548418449270073,0.19515815507299272,0
10,0.75,0.5548418449270073,0.19515815507299272,0
10,0.75,0.3057912208405609,0.11087544582610581,1
10,0.75,0.5548418449270073,0.19515815507299272,0
10,0.75,0.3057912208405609,-0.2224578875072275,2
10,0.75,0.3057912208405609,0.11087544582610581,1
10,0.75,0.5548418449270073,0.19515815507299272,0
10,0.75,0.3057912208405609,0.11087544582610581,1
10,0.75,0.3057912208405609,0.11087544582610581,1
10,0.75,0.3057912208405609,0.11087544582610581,1
10,0.75,0.5548418449270073,0.19515815507299272,0
10,0.75,0.3057912208405609,0.11087544582610581,1
10,0.75,0.2290091161470067,-0.14567578281367333,2
10,0.75,0.5548418449270073,0.19515815507299272,0
10,0.75,0.5548418449270073,0.19515815507299272,0
10,0.75,0.2290091161470067,-0.14567578281367333,2
10,0.75,0.3057912208405609,0.11087544582610581,1
10,0.75,0.5548418449270073,0.19515815507299272,0
10,0.75,0.0,-0.25,3
10,0.75,0.5548418449270073,0.19515815507299272,0
10,0.75,0.5548418449270073,0.19515815507299272,0
10,0.75,0.0,-0.25,3
10,0.75,0.5548418449270073,0.19515815507299272,0
10,0.75,0.5548418449270073,0.19515815507299272,0
10,0.75,0.5548418449270073,0.19515815507299272,0
10,0.75,0.5548418449270073,0.19515815507299272,0
10,0.75,0.0,-0.25,3
10,0.75,0.5548418449270073,0.19515815507299272,0
10,0.75,0.5548418449270073,0.19515815507299272,0
10,0.75,0.5548418449270073,0.19515815507299272,0
10,0.75,0.3057912208405609,0.11087544582610581,1
10,0.75,0.2290091161470067,-0.14567578281367333,2
10,0.75,0.5548418449270073,0.19515815507299272,0
10,0.75,0.3057912208405609,-0.2224578875072275,2
10,0.75,0.5548418449270073,0.19515815507299272,0
10,0.75,0.5548418449270073,0.19515815507299272,0
10,0.75,0.5548418449270073,0.19515815507299272,0
10,0.75,0.5548418449270073,0.19515815507299272,0
10,0.75,0.5548418449270073,0.19515815507299272,0
10,0.75,0.3057912208405609,0.11087544582610581,1
