epsilon,L0,leakage,utility,mask_size
10,0.25,0.009414806213275395,-0.09274813954660871,2
10,0.25,0.22337399647872114,0.026626003521278863,0
10,0.25,0.22337399647872114,0.026626003521278863,0
10,0.25,0.22337399647872114,0.026626003521278863,0
10,0.25,0.03592524660768637,0.047408086725646975,1
10,0.25,0.013132038880604324,-0.42979870554727095,4
10,0.25,0.009414806213275395,-0.2594148062132754,3
10,0.25,0.22337399647872114,0.026626003521278863,0
10,0.25,0.004612425044516089,-0.4212790917111827,4
10,0.25,0.003306804705818678,-0.586640138039152,5
10,0.25,0.03592524660768637,0.047408086725646975,1
10,0.25,0.03592524660768637,0.047408086725646975,1
10,0.25,0.22337399647872114,0.026626003521278863,0
10,0.25,0.22337399647872114,0.026626003521278863,0
10,0.25,0.008222647309668152,-0.25822264730966815,3
10,0.25,0.22337399647872114,0.026626003521278863,0
10,0.25,0.22337399647872114,0.026626003521278863,0
10,0.25,0.0008907266304110095,-0.5842240599637444,5
10,0.25,0.22337399647872114,0.026626003521278863,0
10,0.25,0.008222647309668152,-0.4248893139763348,4
10,0.25,0.03592524660768637,0.047408086725646975,1
10,0.25,0.03592524660768637,0.047408086725646975,1
10,0.25,0.013132038880604324,-0.42979870554727095,4
10,0.25,0.22337399647872114,0.026626003521278863,0
10,0.25,0.0,-0.5833333333333334,5
10,0.25,0.03592524660768637,0.047408086725646975,1
10,0.25,0.22337399647872114,0.026626003521278863,0
10,0.25,0.03592524660768637,0.047408086725646975,1
10,0.25,0.22337399647872114,0.026626003521278863,0
10,0.25,0.03592524660768637,0.047408086725646975,1
10,0.25,0.011469181810646378,-0.428135848477313,4
10,0.25,0.0008907266304110095,-0.5842240599637444,5
10,0.25,0.22337399647872114,0.026626003521278863,0
10,0.25,0.011469181810646378,-0.428135848477313,4
10,0.25,0.03592524660768637,0.047408086725646975,1
10,0.25,0.22337399647872114,0.026626003521278863,0
10,0.25,0.03592524660768637,0.047408086725646975,1
10,0.25,0.22337399647872114,0.026626003521278863,0
10,0.25,0.03592524660768637,0.047408086725646975,1
10,0.25,0.009414806213275395,-0.2594148062132754,3
10,0.25,0.013132038880604324,-0.2631320388806043,3
10,0.25,0.0,-0.5833333333333334,5
10,0.25,0.03592524660768637,0.047408086725646975,1
10,0.25,0.003306804705818678,-0.586640138039152,5
10,0.25,0.22337399647872114,0.026626003521278863,0
10,0.25,0.009414806213275395,-0.09274813954660871,2
10,0.25,0.22337399647872114,0.026626003521278863,0
10,0.25,0.03592524660768637,0.047408086725646975,1
10,0.25,0.03592524660768637,0.047408086725646975,1
10,0.25,0.03592524660768637,0.047408086725646975,1
10,0.25,0.22337399647872114,0.026626003521278863,0
10,0.25,0.008222647309668152,-0.25822264730966815,3
10,0.25,0.22337399647872114,0.026626003521278863,0
10,0.25,0.03592524660768637,0.047408086725646975,1
10,0.25,0.22337399647872114,0.026626003521278863,0
10,0.25,0.22337399647872114,0.026626003521278863,0
10,0.25,0.03592524660768637,0.047408086725646975,1
10,0.25,0.03592524660768637,0.047408086725646975,1
10,0.25,0.013132038880604324,-0.2631320388806043,3
10,0.25,0.03592524660768637,0.047408086725646975,1
10,0.25,0.03592524660768637,0.047408086725646975,1
10,0.25,0.22337399647872114,0.026626003521278863,0
10,0.25,0.03592524660768637,0.047408086725646975,1
10,0.25,0.22337399647872114,0.026626003521278863,0
10,0.25,0.009414806213275395,-0.09274813954660871,2
10,0.25,0.03592524660768637,0.047408086725646975,1
10,0.25,0.22337399647872114,0.026626003521278863,0
10,0.25,0.03592524660768637,0.047408086725646975,1
10,0.25,0.009414806213275395,-0.426081472879942,4
10,0.25,0.0008907266304110095,-0.5842240599637444,5
10,0.25,0.003306804705818678,-0.586640138039152,5
10,0.25,0.003609042830710618,-0.586942376164044,5
10,0.25,0.003306804705818678,-0.586640138039152,5
10,0.25,0.22337399647872114,0.026626003521278863,0
10,0.25,0.03592524660768637,0.047408086725646975,1
10,0.25,0.22337399647872114,0.026626003521278863,0
10,0.25,0.03592524660768637,0.047408086725646975,1
10,0.25,0.003306804705818678,-0.586640138039152,5
10,0.25,0.03592524660768637,0.047408086725646975,1
10,0.25,0.22337399647872114,0.026626003521278863,0
10,0.25,0.03592524660768637,0.047408086725646975,1
10,0.25,0.0,-0.5833333333333334,5
10,0.25,0.0008907266304110095,-0.5842240599637444,5
10,0.25,0.22337399647872114,0.026626003521278863,0
10,0.25,0.013132038880604324,-0.42979870554727095,4
10,0.25,0.003306804705818678,-0.586640138039152,5
10,0.25,0.22337399647872114,0.026626003521278863,0
10,0.25,0.22337399647872114,0.026626003521278863,0
10,0.25,0.22337399647872114,0.026626003521278863,0
10,0.25,0.03592524660768637,0.047408086725646975,1
10,0.25,0.22337399647872114,0.026626003521278863,0
10,0.25,0.03592524660768637,0.047408086725646975,1
10,0.25,0.03592524660768637,0.047408086725646975,1
10,0.25,0.003609042830710618,-0.586942376164044,5
10,0.25,0.22337399647872114,0.026626003521278863,0
10,0.25,0.22337399647872114,0.026626003521278863,0
10,0.25,0.0,-0.5833333333333334,5
10,0.25,0.03592524660768637,0.047408086725646975,1
10,0.25,0.22337399647872114,0.026626003521278863,0
10,0.25,0.03592524660768637,0.047408086725646975,1
10,0.25,0.505574395670396,-0.1,1
10,0.25,0.24175913958548945,-0.29175913958548944,3
10,0.25,0.6623992294064142,0.0,0
10,0.25,0.505574395670396,-0.1,1
10,0.25,0.505574395670396,-0.1,1
10,0.25,0.24175913958548945,-0.29175913958548944,3
10,0.25,0.505574395670396,-0.1,1
10,0.25,0.24175913958548945,-0.29175913958548944,3
10,0.25,0.6623992294064142,0.0,0
10,0.25,0.6623992294064142,0.0,0
10,0.25,0.24175913958548945,-0.29175913958548944,3
10,0.25,0.505574395670396,-0.1,1
10,0.25,0.21945273335876703,-0.36945273335876705,4
10,0.25,0.3166049127277152,-0.6,6
10,0.25,0.6623992294064142,0.0,0
10,0.25,0.505574395670396,-0.1,1
10,0.25,0.6623992294064142,0.0,0
10,0.25,0.505574395670396,-0.1,1
10,0.25,0.6623992294064142,0.0,0
10,0.25,0.6623992294064142,0.0,0
10,0.25,0.6623992294064142,0.0,0
10,0.25,0.35966634913433626,-0.2,2
10,0.25,0.35966634913433626,-0.2,2
10,0.25,0.6623992294064142,0.0,0
10,0.25,0.6623992294064142,0.0,0
10,0.25,0.505574395670396,-0.1,1
10,0.25,0.6623992294064142,0.0,0
10,0.25,0.6623992294064142,0.0,0
10,0.25,0.6623992294064142,0.0,0
10,0.25,0.6623992294064142,0.0,0
10,0.25,0.35966634913433626,-0.2,2
10,0.25,0.505574395670396,-0.1,1
10,0.25,0.6623992294064142,0.0,0
10,0.25,0.6623992294064142,0.0,0
10,0.25,0.6623992294064142,0.0,0
10,0.25,0.6623992294064142,0.0,0
10,0.25,0.6623992294064142,0.0,0
10,0.25,0.21940735109689347,-0.5694073510968934,6
10,0.25,0.6623992294064142,0.0,0
10,0.25,0.505574395670396,-0.1,1
10,0.25,0.6623992294064142,0.0,0
10,0.25,0.505574395670396,-0.1,1
10,0.25,0.505574395670396,-0.1,1
10,0.25,0.6623992294064142,0.0,0
10,0.25,0.505574395670396,-0.1,1
10,0.25,0.6623992294064142,0.0,0
10,0.25,0.6623992294064142,0.0,0
10,0.25,0.505574395670396,-0.1,1
10,0.25,0.35966634913433626,-0.2,2
10,0.25,0.6623992294064142,0.0,0
10,0.25,0.6623992294064142,0.0,0
10,0.25,0.35966634913433626,-0.2,2
10,0.25,0.6623992294064142,0.0,0
10,0.25,0.3166049127277152,-0.5,5
10,0.25,0.6623992294064142,0.0,0
10,0.25,0.35966634913433626,-0.2,2
10,0.25,0.6623992294064142,0.0,0
10,0.25,0.6623992294064142,0.0,0
10,0.25,0.6623992294064142,0.0,0
10,0.25,0.6623992294064142,0.0,0
10,0.25,0.6623992294064142,0.0,0
10,0.25,0.505574395670396,-0.1,1
10,0.25,0.505574395670396,-0.1,1
10,0.25,0.21940735109689347,-0.5694073510968934,6
10,0.25,0.505574395670396,-0.1,1
10,0.25,0.35966634913433626,-0.2,2
10,0.25,0.21940735109689347,-0.7694073510968935,8
10,0.25,0.505574395670396,-0.1,1
10,0.25,0.6623992294064142,0.0,0
10,0.25,0.6623992294064142,0.0,0
10,0.25,0.6623992294064142,0.0,0
10,0.25,0.6623992294064142,0.0,0
10,0.25,0.505574395670396,-0.1,1
10,0.25,0.6623992294064142,0.0,0
10,0.25,0.505574395670396,-0.1,1
10,0.25,0.6623992294064142,0.0,0
10,0.25,0.6623992294064142,0.0,0
10,0.25,0.6623992294064142,0.0,0
10,0.25,0.6623992294064142,0.0,0
10,0.25,0.6623992294064142,0.0,0
10,0.25,0.6623992294064142,0.0,0
10,0.25,0.6623992294064142,0.0,0
10,0.25,0.6623992294064142,0.0,0
10,0.25,0.505574395670396,-0.1,1
10,0.25,0.6623992294064142,0.0,0
10,0.25,0.21945273335876703,-0.469452733358767,5
10,0.25,0.6623992294064142,0.0,0
10,0.25,0.505574395670396,-0.1,1
10,0.25,0.505574395670396,-0.1,1
10,0.25,0.6623992294064142,0.0,0
10,0.25,0.24175913958548945,-0.29175913958548944,3
10,0.25,0.6623992294064142,0.0,0
10,0.25,0.6623992294064142,0.0,0
10,0.25,0.505574395670396,-0.1,1
10,0.25,0.6623992294064142,0.0,0
10,0.25,0.6623992294064142,0.0,0
10,0.25,0.24175913958548945,-0.29175913958548944,3
10,0.25,0.505574395670396,-0.1,1
10,0.25,0.505574395670396,-0.1,1
10,0.25,0.6623992294064142,0.0,0
10,0.25,0.0025383431154507585,-0.33587167644878413,7
10,0.25,0.49122554744404323,0.0,0
10,0.25,0.2703959767814541,-0.16666666666666666,2
10,0.25,0.49122554744404323,0.0,0
10,0.25,0.49122554744404323,0.0,0
10,0.25,0.11260015870728857,-0.11260015870728857,3
10,0.25,0.2726821726489278,-0.08333333333333333,1
10,0.25,0.2726821726489278,-0.08333333333333333,1
10,0.25,0.2703959767814541,-0.16666666666666666,2
10,0.25,0.49122554744404323,0.0,0
10,0.25,0.0714832855581572,-0.1548166188914905,4
10,0.25,0.49122554744404323,0.0,0
10,0.25,0.2703959767814541,-0.16666666666666666,2
10,0.25,0.49122554744404323,0.0,0
10,0.25,0.49122554744404323,0.0,0
10,0.25,0.49122554744404323,0.0,0
10,0.25,0.49122554744404323,0.0,0
10,0.25,0.49122554744404323,0.0,0
10,0.25,0.49122554744404323,0.0,0
10,0.25,0.2703959767814541,-0.16666666666666666,2
10,0.25,0.2726821726489278,-0.08333333333333333,1
10,0.25,0.49122554744404323,0.0,0
10,0.25,0.2726821726489278,-0.08333333333333333,1
10,0.25,0.0714832855581572,-0.1548166188914905,4
10,0.25,0.11260015870728857,-0.11260015870728857,3
10,0.25,0.2726821726489278,-0.08333333333333333,1
10,0.25,0.2703959767814541,-0.16666666666666666,2
10,0.25,0.0714832855581572,-0.1548166188914905,4
10,0.25,0.0025383431154507585,-0.33587167644878413,7
10,0.25,0.49122554744404323,0.0,0
10,0.25,0.2726821726489278,-0.08333333333333333,1
10,0.25,0.2726821726489278,-0.08333333333333333,1
10,0.25,0.2726821726489278,-0.08333333333333333,1
10,0.25,0.06176386311147131,-0.228430529778138,5
10,0.25,0.49122554744404323,0.0,0
10,0.25,0.2703959767814541,-0.16666666666666666,2
10,0.25,0.0004258560715968418,-0.5004258560715968,9
10,0.25,0.0714832855581572,-0.1548166188914905,4
10,0.25,0.11260015870728857,-0.11260015870728857,3
10,0.25,0.2726821726489278,-0.08333333333333333,1
10,0.25,0.49122554744404323,0.0,0
10,0.25,0.2726821726489278,-0.08333333333333333,1
10,0.25,0.49122554744404323,0.0,0
10,0.25,0.0033721048964791,-0.2533721048964791,6
10,0.25,0.2726821726489278,-0.08333333333333333,1
10,0.25,0.2726821726489278,-0.08333333333333333,1
10,0.25,0.2703959767814541,-0.16666666666666666,2
10,0.25,0.2726821726489278,-0.08333333333333333,1
10,0.25,0.2726821726489278,-0.08333333333333333,1
10,0.25,0.2726821726489278,-0.08333333333333333,1
10,0.25,0.2703959767814541,-0.16666666666666666,2
10,0.25,0.49122554744404323,0.0,0
10,0.25,0.2726821726489278,-0.08333333333333333,1
10,0.25,0.2703959767814541,-0.16666666666666666,2
10,0.25,0.2726821726489278,-0.08333333333333333,1
10,0.25,0.2703959767814541,-0.16666666666666666,2
10,0.25,0.49122554744404323,0.0,0
10,0.25,0.2726821726489278,-0.08333333333333333,1
10,0.25,0.2703959767814541,-0.16666666666666666,2
10,0.25,0.49122554744404323,0.0,0
10,0.25,0.49122554744404323,0.0,0
10,0.25,0.0033721048964791,-0.2533721048964791,6
10,0.25,0.49122554744404323,0.0,0
10,0.25,0.2726821726489278,-0.08333333333333333,1
10,0.25,0.2726821726489278,-0.08333333333333333,1
10,0.25,0.2703959767814541,-0.16666666666666666,2
10,0.25,0.49122554744404323,0.0,0
10,0.25,0.2726821726489278,-0.08333333333333333,1
10,0.25,0.2726821726489278,-0.08333333333333333,1
10,0.25,0.49122554744404323,0.0,0
10,0.25,0.49122554744404323,0.0,0
10,0.25,0.0714832855581572,-0.1548166188914905,4
10,0.25,0.49122554744404323,0.0,0
10,0.25,0.49122554744404323,0.0,0
10,0.25,0.49122554744404323,0.0,0
10,0.25,0.49122554744404323,0.0,0
10,0.25,0.2726821726489278,-0.08333333333333333,1
10,0.25,0.49122554744404323,0.0,0
10,0.25,0.49122554744404323,0.0,0
10,0.25,0.11260015870728857,-0.11260015870728857,3
10,0.25,0.11260015870728857,-0.11260015870728857,3
10,0.25,0.2726821726489278,-0.08333333333333333,1
10,0.25,0.2726821726489278,-0.08333333333333333,1
10,0.25,0.49122554744404323,0.0,0
10,0.25,0.2726821726489278,-0.08333333333333333,1
10,0.25,0.11260015870728857,-0.11260015870728857,3
10,0.25,0.2703959767814541,-0.16666666666666666,2
10,0.25,0.2703959767814541,-0.16666666666666666,2
10,0.25,0.2703959767814541,-0.16666666666666666,2
10,0.25,0.11260015870728857,-0.11260015870728857,3
10,0.25,0.2726821726489278,-0.08333333333333333,1
10,0.25,0.49122554744404323,0.0,0
10,0.25,0.49122554744404323,0.0,0
10,0.25,0.2703959767814541,-0.16666666666666666,2
10,0.25,0.2726821726489278,-0.08333333333333333,1
10,0.25,0.49122554744404323,0.0,0
10,0.25,0.49122554744404323,0.0,0
10,0.25,0.2703959767814541,-0.16666666666666666,2
10,0.25,0.49122554744404323,0.0,0
10,0.25,0.2726821726489278,-0.08333333333333333,1
10,0.25,0.7637041577312637,-0.07692307692307693,1
10,0.25,0.1689864093151694,-0.30360179393055403,5
10,0.25,0.7637041577312637,-0.07692307692307693,1
10,0.25,0.9826408586840785,0.0,0
10,0.25,0.17632192147614734,-0.310937306091532,5
10,0.25,0.9826408586840785,0.0,0
10,0.25,0.9826408586840785,0.0,0
10,0.25,0.9826408586840785,0.0,0
10,0.25,0.1689864093151694,-0.45744794777670783,7
10,0.25,0.9826408586840785,0.0,0
10,0.25,0.9826408586840785,0.0,0
10,0.25,0.7637041577312637,-0.07692307692307693,1
10,0.25,0.9826408586840785,0.0,0
10,0.25,0.9826408586840785,0.0,0
10,0.25,0.17632192147614734,-0.23401422916845505,4
10,0.25,0.17632192147614734,-0.08016807532230119,2
10,0.25,0.7637041577312637,-0.07692307692307693,1
10,0.25,0.24980936013667854,-0.538270898598217,7
10,0.25,0.13514845205100667,-0.7313022982048528,11
10,0.25,0.7637041577312637,-0.07692307692307693,1
10,0.25,0.17632192147614734,-0.08016807532230119,2
10,0.25,0.9826408586840785,0.0,0
10,0.25,0.9826408586840785,0.0,0
10,0.25,0.9826408586840785,0.0,0
10,0.25,0.10448995667162086,-0.700643802825467,11
10,0.25,0.12535612051410105,-0.7215099666679472,11
10,0.25,0.7637041577312637,-0.07692307692307693,1
10,0.25,0.9826408586840785,0.0,0
10,0.25,0.7637041577312637,-0.07692307692307693,1
10,0.25,0.7637041577312637,-0.07692307692307693,1
10,0.25,0.9826408586840785,0.0,0
10,0.25,0.9826408586840785,0.0,0
10,0.25,0.7637041577312637,-0.07692307692307693,1
10,0.25,0.7637041577312637,-0.07692307692307693,1
10,0.25,0.7637041577312637,-0.07692307692307693,1
10,0.25,0.7637041577312637,-0.07692307692307693,1
10,0.25,0.7637041577312637,-0.07692307692307693,1
10,0.25,0.10449109917159038,-0.7006449453254365,11
10,0.25,0.9826408586840785,0.0,0
10,0.25,0.1689864093151694,-0.14975564008440018,3
10,0.25,0.9826408586840785,0.0,0
10,0.25,0.9826408586840785,0.0,0
10,0.25,0.7637041577312637,-0.07692307692307693,1
10,0.25,0.08907123541814055,-0.6852250815719867,11
10,0.25,0.9826408586840785,0.0,0
10,0.25,0.9826408586840785,0.0,0
10,0.25,0.7637041577312637,-0.07692307692307693,1
10,0.25,0.9826408586840785,0.0,0
10,0.25,0.7637041577312637,-0.07692307692307693,1
10,0.25,0.13051054943857365,-0.5728182417462659,9
10,0.25,0.9826408586840785,0.0,0
10,0.25,0.9826408586840785,0.0,0
10,0.25,0.24980936013667854,-0.8459632062905247,11
10,0.25,0.7637041577312637,-0.07692307692307693,1
10,0.25,0.2455785165522859,-0.6109631319369013,8
10,0.25,0.14621142152444744,-0.7423652676782936,11
10,0.25,0.08907123541814055,-0.6852250815719867,11
10,0.25,0.9826408586840785,0.0,0
10,0.25,0.9826408586840785,0.0,0
10,0.25,0.13514845205100667,-0.7313022982048528,11
10,0.25,0.7637041577312637,-0.07692307692307693,1
10,0.25,0.9826408586840785,0.0,0
10,0.25,0.7637041577312637,-0.07692307692307693,1
10,0.25,0.11650065212924676,-0.4818852675138622,8
10,0.25,0.9826408586840785,0.0,0
10,0.25,0.9826408586840785,0.0,0
10,0.25,0.9826408586840785,0.0,0
10,0.25,0.9826408586840785,0.0,0
10,0.25,0.18094116044347042,-0.31555654505885505,5
10,0.25,0.7637041577312637,-0.07692307692307693,1
10,0.25,0.9826408586840785,0.0,0
10,0.25,0.13818569520024426,-0.4266472336617827,7
10,0.25,0.14967373381862104,-0.3612121953570826,6
10,0.25,0.9826408586840785,0.0,0
10,0.25,0.9826408586840785,0.0,0
10,0.25,0.9826408586840785,0.0,0
10,0.25,0.9826408586840785,0.0,0
10,0.25,0.7637041577312637,-0.07692307692307693,1
10,0.25,0.7637041577312637,-0.07692307692307693,1
10,0.25,0.9826408586840785,0.0,0
10,0.25,0.9826408586840785,0.0,0
10,0.25,0.7637041577312637,-0.07692307692307693,1
10,0.25,0.17632192147614734,-0.08016807532230119,2
10,0.25,0.7637041577312637,-0.07692307692307693,1
10,0.25,0.7637041577312637,-0.07692307692307693,1
10,0.25,0.9826408586840785,0.0,0
10,0.25,0.17632192147614734,-0.08016807532230119,2
10,0.25,0.09859997839625356,-0.6947538245500997,11
10,0.25,0.9826408586840785,0.0,0
10,0.25,0.7637041577312637,-0.07692307692307693,1
10,0.25,0.9826408586840785,0.0,0
10,0.25,0.9826408586840785,0.0,0
10,0.25,0.7637041577312637,-0.07692307692307693,1
10,0.25,0.9826408586840785,0.0,0
10,0.25,0.9826408586840785,0.0,0
10,0.25,0.17632192147614734,-0.15709115224537812,3
10,0.25,0.7637041577312637,-0.07692307692307693,1
10,0.25,0.9826408586840785,0.0,0
10,0.25,0.9826408586840785,0.0,0
10,0.25,0.9826408586840785,0.0,0
10,0.25,0.5548418449270073,0.0,0
10,0.25,0.3057912208405609,-0.3333333333333333,1
10,0.25,0.0,-0.75,3
10,0.25,0.5548418449270073,0.0,0
10,0.25,0.3057912208405609,-0.6666666666666666,2
10,0.25,0.5548418449270073,0.0,0
10,0.25,0.5548418449270073,0.0,0
10,0.25,0.3057912208405609,-0.3333333333333333,1
10,0.25,0.5548418449270073,0.0,0
10,0.25,0.5548418449270073,0.0,0
10,0.25,0.3057912208405609,-0.3333333333333333,1
10,0.25,0.0,-0.75,3
10,0.25,0.5548418449270073,0.0,0
10,0.25,0.3057912208405609,-0.3333333333333333,1
10,0.25,0.5548418449270073,0.0,0
10,0.25,0.5548418449270073,0.0,0
10,0.25,0.3057912208405609,-0.3333333333333333,1
10,0.25,0.5548418449270073,0.0,0
10,0.25,0.5548418449270073,0.0,0
10,0.25,0.5548418449270073,0.0,0
10,0.25,0.3057912208405609,-0.3333333333333333,1
10,0.25,0.5548418449270073,0.0,0
10,0.25,0.5548418449270073,0.0,0
10,0.25,0.5548418449270073,0.0,0
10,0.25,0.0,-0.75,3
10,0.25,0.5548418449270073,0.0,0
10,0.25,0.3057912208405609,-0.3333333333333333,1
10,0.25,0.3057912208405609,-0.3333333333333333,1
10,0.25,0.0,-0.75,3
10,0.25,0.3057912208405609,-0.3333333333333333,1
10,0.25,0.3057912208405609,-0.3333333333333333,1
10,0.25,0.5548418449270073,0.0,0
10,0.25,0.0,-0.75,3
10,0.25,0.2290091161470067,-0.6456757828136733,2
10,0.25,0.2290091161470067,-0.6456757828136733,2
10,0.25,0.3057912208405609,-0.3333333333333333,1
10,0.25,0.5548418449270073,0.0,0
10,0.25,0.5548418449270073,0.0,0
10,0.25,0.5548418449270073,0.0,0
10,0.25,0.5548418449270073,0.0,0
10,0.25,0.5548418449270073,0.0,0
10,0.25,0.5548418449270073,0.0,0
10,0.25,0.3057912208405609,-0.6666666666666666,2
10,0.25,0.5548418449270073,0.0,0
10,0.25,0.5548418449270073,0.0,0
10,0.25,0.5548418449270073,0.0,0
10,0.25,0.0,-0.75,3
10,0.25,0.5548418449270073,0.0,0
10,0.25,0.0,-0.75,3
10,0.25,0.3057912208405609,-0.6666666666666666,2
10,0.25,0.0,-0.75,3
10,0.25,0.2290091161470067,-0.6456757828136733,2
10,0.25,0.5548418449270073,0.0,0
10,0.25,0.5548418449270073,0.0,0
10,0.25,0.3057912208405609,-0.3333333333333333,1
10,0.25,0.5548418449270073,0.0,0
10,0.25,0.5548418449270073,0.0,0
10,0.25,0.5548418449270073,0.0,0
10,0.25,0.0,-0.75,3
10,0.25,0.2290091161470067,-0.6456757828136733,2
10,0.25,0.5548418449270073,0.0,0
10,0.25,0.5548418449270073,0.0,0
10,0.25,0.5548418449270073,0.0,0
10,0.25,0.5548418449270073,0.0,0
10,0.25,0.5548418449270073,0.0,0
10,0.25,0.5548418449270073,0.0,0
10,0.25,0.5548418449270073,0.0,0
10,0.25,0.5548418449270073,0.0,0
10,0.25,0.3057912208405609,-0.3333333333333333,1
10,0.25,0.5548418449270073,0.0,0
10,0.25,0.5548418449270073,0.0,0
10,0.25,0.5548418449270073,0.0,0
10,0.25,0.5548418449270073,0.0,0
10,0.25,0.2290091161470067,-0.6456757828136733,2
10,0.25,0.3057912208405609,-0.6666666666666666,2
10,0.25,0.2290091161470067,-0.6456757828136733,2
10,0.25,0.5548418449270073,0.0,0
10,0.25,0.5548418449270073,0.0,0
10,0.25,0.3057912208405609,-0.3333333333333333,1
10,0.25,0.0,-0.75,3
10,0.25,0.3057912208405609,-0.3333333333333333,1
10,0.25,0.5548418449270073,0.0,0
10,0.25,0.5548418449270073,0.0,0
10,0.25,0.5548418449270073,0.0,0
10,0.25,0.3057912208405609,-0.3333333333333333,1
10,0.25,0.5548418449270073,0.0,0
10,0.25,0.3057912208405609,-0.3333333333333333,1
10,0.25,0.5548418449270073,0.0,0
10,0.25,0.5548418449270073,0.0,0
10,0.25,0.5548418449270073,0.0,0
10,0.25,0.5548418449270073,0.0,0
10,0.25,0.5548418449270073,0.0,0
10,0.25,0.5548418449270073,0.0,0
10,0.25,0.5548418449270073,0.0,0
10,0.25,0.5548418449270073,0.0,0
10,0.25,0.5548418449270073,0.0,0
10,0.25,0.0,-0.75,3
10,0.25,0.5548418449270073,0.0,0
10,0.25,0.5548418449270073,0.0,0
10,0.25,0.5548418449270073,0.0,0
