dataset,epsilon,leakage,utility,mask_size
airport,10,0.22337399647872114,-0.0,0
airport,10,0.22337399647872114,-0.0,0
airport,10,0.22337399647872114,-0.0,0
airport,10,0.22337399647872114,-0.0,0
airport,10,0.22337399647872114,-0.0,0
airport,10,0.22337399647872114,-0.0,0
airport,10,0.22337399647872114,-0.0,0
airport,10,0.22337399647872114,-0.0,0
airport,10,0.22337399647872114,-0.0,0
airport,10,0.22337399647872114,-0.0,0
airport,10,0.22337399647872114,-0.0,0
airport,10,0.22337399647872114,-0.0,0
airport,10,0.22337399647872114,-0.0,0
airport,10,0.22337399647872114,-0.0,0
airport,10,0.22337399647872114,-0.0,0
airport,10,0.22337399647872114,-0.0,0
airport,10,0.22337399647872114,-0.0,0
airport,10,0.22337399647872114,-0.0,0
airport,10,0.22337399647872114,-0.0,0
airport,10,0.22337399647872114,-0.0,0
airport,10,0.22337399647872114,-0.0,0
airport,10,0.22337399647872114,-0.16666666666666666,1
airport,10,0.22337399647872114,-0.0,0
airport,10,0.22337399647872114,-0.0,0
airport,10,0.22337399647872114,-0.0,0
airport,10,0.22337399647872114,-0.0,0
airport,10,0.22337399647872114,-0.0,0
airport,10,0.22337399647872114,-0.0,0
airport,10,0.22337399647872114,-0.0,0
airport,10,0.22337399647872114,-0.0,0
airport,10,0.22337399647872114,-0.0,0
airport,10,0.22337399647872114,-0.0,0
airport,10,0.22337399647872114,-0.0,0
airport,10,0.22337399647872114,-0.0,0
airport,10,0.22337399647872114,-0.0,0
airport,10,0.22337399647872114,-0.0,0
airport,10,0.22337399647872114,-0.0,0
airport,10,0.22337399647872114,-0.0,0
airport,10,0.22337399647872114,-0.0,0
airport,10,0.22337399647872114,-0.0,0
airport,10,0.22337399647872114,-0.0,0
airport,10,0.22337399647872114,-0.0,0
airport,10,0.22337399647872114,-0.0,0
airport,10,0.22337399647872114,-0.0,0
airport,10,0.22337399647872114,-0.0,0
airport,10,0.22337399647872114,-0.0,0
airport,10,0.22337399647872114,-0.0,0
airport,10,0.22337399647872114,-0.0,0
airport,10,0.22337399647872114,-0.0,0
airport,10,0.22337399647872114,-0.0,0
airport,10,0.22337399647872114,-0.0,0
airport,10,0.22337399647872114,-0.0,0
airport,10,0.22337399647872114,-0.0,0
airport,10,0.22337399647872114,-0.0,0
airport,10,0.22337399647872114,-0.0,0
airport,10,0.22337399647872114,-0.0,0
airport,10,0.22337399647872114,-0.0,0
airport,10,0.22337399647872114,-0.0,0
airport,10,0.22337399647872114,-0.0,0
airport,10,0.22337399647872114,-0.0,0
airport,10,0.22337399647872114,-0.0,0
airport,10,0.22337399647872114,-0.0,0
airport,10,0.22337399647872114,-0.0,0
airport,10,0.22337399647872114,-0.0,0
airport,10,0.22337399647872114,-0.0,0
airport,10,0.22337399647872114,-0.0,0
airport,10,0.22337399647872114,-0.0,0
airport,10,0.22337399647872114,-0.0,0
airport,10,0.22337399647872114,-0.0,0
airport,10,0.22337399647872114,-0.0,0
airport,10,0.22337399647872114,-0.0,0
airport,10,0.22337399647872114,-0.0,0
airport,10,0.22337399647872114,-0.0,0
airport,10,0.22337399647872114,-0.0,0
airport,10,0.22337399647872114,-0.0,0
airport,10,0.22337399647872114,-0.0,0
airport,10,0.22337399647872114,-0.0,0
airport,10,0.22337399647872114,-0.0,0
airport,10,0.22337399647872114,-0.0,0
airport,10,0.22337399647872114,-0.0,0
airport,10,0.22337399647872114,-0.0,0
airport,10,0.22337399647872114,-0.0,0
airport,10,0.22337399647872114,-0.0,0
airport,10,0.22337399647872114,-0.0,0
airport,10,0.22337399647872114,-0.0,0
airport,10,0.22337399647872114,-0.0,0
airport,10,0.22337399647872114,-0.0,0
airport,10,0.22337399647872114,-0.0,0
airport,10,0.22337399647872114,-0.0,0
airport,10,0.22337399647872114,-0.0,0
airport,10,0.22337399647872114,-0.0,0
airport,10,0.22337399647872114,-0.0,0
airport,10,0.22337399647872114,-0.0,0
airport,10,0.22337399647872114,-0.0,0
airport,10,0.22337399647872114,-0.0,0
airport,10,0.22337399647872114,-0.0,0
airport,10,0.22337399647872114,-0.0,0
airport,10,0.22337399647872114,-0.16666666666666666,1
airport,10,0.22337399647872114,-0.0,0
airport,10,0.22337399647872114,-0.0,0
hospital,10,0.26303652729247295,-0.3,3
hospital,10,0.26187931623708605,-0.3,3
hospital,10,0.26303652729247295,-0.3,3
hospital,10,0.26187931623708605,-0.3,3
hospital,10,0.26187931623708605,-0.3,3
hospital,10,0.26187931623708605,-0.3,3
hospital,10,0.26303652729247295,-0.3,3
hospital,10,0.26303652729247295,-0.3,3
hospital,10,0.26187931623708605,-0.3,3
hospital,10,0.26303652729247295,-0.3,3
hospital,10,0.26303652729247295,-0.3,3
hospital,10,0.26187931623708605,-0.3,3
hospital,10,0.26187931623708605,-0.3,3
hospital,10,0.26303652729247295,-0.3,3
hospital,10,0.26187931623708605,-0.3,3
hospital,10,0.26187931623708605,-0.3,3
hospital,10,0.26187931623708605,-0.3,3
hospital,10,0.26187931623708605,-0.3,3
hospital,10,0.26303652729247295,-0.3,3
hospital,10,0.26187931623708605,-0.5,5
hospital,10,0.26303652729247295,-0.3,3
hospital,10,0.26303652729247295,-0.3,3
hospital,10,0.26187931623708605,-0.3,3
hospital,10,0.26187931623708605,-0.3,3
hospital,10,0.26303652729247295,-0.3,3
hospital,10,0.26187931623708605,-0.3,3
hospital,10,0.26187931623708605,-0.3,3
hospital,10,0.26187931623708605,-0.3,3
hospital,10,0.26303652729247295,-0.3,3
hospital,10,0.26187931623708605,-0.3,3
hospital,10,0.26303652729247295,-0.3,3
hospital,10,0.26303652729247295,-0.3,3
hospital,10,0.26187931623708605,-0.3,3
hospital,10,0.26187931623708605,-0.3,3
hospital,10,0.26303652729247295,-0.3,3
hospital,10,0.26303652729247295,-0.3,3
hospital,10,0.26187931623708605,-0.3,3
hospital,10,0.26187931623708605,-0.3,3
hospital,10,0.26187931623708605,-0.3,3
hospital,10,0.26303652729247295,-0.3,3
hospital,10,0.26187931623708605,-0.3,3
hospital,10,0.26303652729247295,-0.3,3
hospital,10,0.26303652729247295,-0.3,3
hospital,10,0.26187931623708605,-0.3,3
hospital,10,0.26187931623708605,-0.3,3
hospital,10,0.26303652729247295,-0.3,3
hospital,10,0.26187931623708605,-0.3,3
hospital,10,0.26187931623708605,-0.3,3
hospital,10,0.26187931623708605,-0.3,3
hospital,10,0.26187931623708605,-0.3,3
hospital,10,0.26303652729247295,-0.3,3
hospital,10,0.26187931623708605,-0.3,3
hospital,10,0.26187931623708605,-0.4,4
hospital,10,0.26303652729247295,-0.4,4
hospital,10,0.26187931623708605,-0.3,3
hospital,10,0.26187931623708605,-0.3,3
hospital,10,0.26187931623708605,-0.3,3
hospital,10,0.26187931623708605,-0.3,3
hospital,10,0.26303652729247295,-0.3,3
hospital,10,0.26303652729247295,-0.3,3
hospital,10,0.26303652729247295,-0.3,3
hospital,10,0.26303652729247295,-0.3,3
hospital,10,0.26303652729247295,-0.3,3
hospital,10,0.26303652729247295,-0.3,3
hospital,10,0.26303652729247295,-0.3,3
hospital,10,0.26303652729247295,-0.3,3
hospital,10,0.26303652729247295,-0.3,3
hospital,10,0.26187931623708605,-0.3,3
hospital,10,0.26303652729247295,-0.3,3
hospital,10,0.26187931623708605,-0.3,3
hospital,10,0.26303652729247295,-0.3,3
hospital,10,0.26303652729247295,-0.3,3
hospital,10,0.26187931623708605,-0.3,3
hospital,10,0.26187931623708605,-0.3,3
hospital,10,0.26303652729247295,-0.3,3
hospital,10,0.26187931623708605,-0.3,3
hospital,10,0.26303652729247295,-0.3,3
hospital,10,0.26303652729247295,-0.3,3
hospital,10,0.26303652729247295,-0.3,3
hospital,10,0.26187931623708605,-0.3,3
hospital,10,0.26303652729247295,-0.3,3
hospital,10,0.26303652729247295,-0.3,3
hospital,10,0.26187931623708605,-0.3,3
hospital,10,0.26187931623708605,-0.3,3
hospital,10,0.26303652729247295,-0.3,3
hospital,10,0.26303652729247295,-0.3,3
hospital,10,0.26187931623708605,-0.3,3
hospital,10,0.26303652729247295,-0.3,3
hospital,10,0.26187931623708605,-0.3,3
hospital,10,0.26187931623708605,-0.3,3
hospital,10,0.26303652729247295,-0.4,4
hospital,10,0.26303652729247295,-0.3,3
hospital,10,0.26303652729247295,-0.3,3
hospital,10,0.26303652729247295,-0.3,3
hospital,10,0.26187931623708605,-0.3,3
hospital,10,0.26303652729247295,-0.3,3
hospital,10,0.26187931623708605,-0.3,3
hospital,10,0.26187931623708605,-0.3,3
hospital,10,0.26303652729247295,-0.3,3
hospital,10,0.26187931623708605,-0.3,3
adult,10,0.2726821726489278,-0.08333333333333333,1
adult,10,0.2726821726489278,-0.08333333333333333,1
adult,10,0.2726821726489278,-0.08333333333333333,1
adult,10,0.2726821726489278,-0.08333333333333333,1
adult,10,0.2726821726489278,-0.08333333333333333,1
adult,10,0.2726821726489278,-0.08333333333333333,1
adult,10,0.2726821726489278,-0.08333333333333333,1
adult,10,0.2726821726489278,-0.08333333333333333,1
adult,10,0.2726821726489278,-0.08333333333333333,1
adult,10,0.2726821726489278,-0.08333333333333333,1
adult,10,0.2726821726489278,-0.08333333333333333,1
adult,10,0.2726821726489278,-0.08333333333333333,1
adult,10,0.2726821726489278,-0.08333333333333333,1
adult,10,0.2726821726489278,-0.08333333333333333,1
adult,10,0.2726821726489278,-0.08333333333333333,1
adult,10,0.2726821726489278,-0.08333333333333333,1
adult,10,0.2726821726489278,-0.08333333333333333,1
adult,10,0.2726821726489278,-0.08333333333333333,1
adult,10,0.2726821726489278,-0.08333333333333333,1
adult,10,0.2726821726489278,-0.08333333333333333,1
adult,10,0.2726821726489278,-0.08333333333333333,1
adult,10,0.2726821726489278,-0.08333333333333333,1
adult,10,0.2726821726489278,-0.08333333333333333,1
adult,10,0.2726821726489278,-0.08333333333333333,1
adult,10,0.28278882826151164,-0.25,3
adult,10,0.2726821726489278,-0.08333333333333333,1
adult,10,0.2726821726489278,-0.08333333333333333,1
adult,10,0.2726821726489278,-0.08333333333333333,1
adult,10,0.2726821726489278,-0.08333333333333333,1
adult,10,0.2726821726489278,-0.16666666666666666,2
adult,10,0.2726821726489278,-0.08333333333333333,1
adult,10,0.2726821726489278,-0.08333333333333333,1
adult,10,0.2726821726489278,-0.16666666666666666,2
adult,10,0.2726821726489278,-0.08333333333333333,1
adult,10,0.2726821726489278,-0.08333333333333333,1
adult,10,0.2726821726489278,-0.08333333333333333,1
adult,10,0.2726821726489278,-0.08333333333333333,1
adult,10,0.2726821726489278,-0.08333333333333333,1
adult,10,0.2726821726489278,-0.08333333333333333,1
adult,10,0.2726821726489278,-0.08333333333333333,1
adult,10,0.2726821726489278,-0.08333333333333333,1
adult,10,0.2726821726489278,-0.08333333333333333,1
adult,10,0.2726821726489278,-0.08333333333333333,1
adult,10,0.2726821726489278,-0.08333333333333333,1
adult,10,0.2726821726489278,-0.08333333333333333,1
adult,10,0.26221932193872965,-0.16666666666666666,2
adult,10,0.2726821726489278,-0.08333333333333333,1
adult,10,0.2726821726489278,-0.08333333333333333,1
adult,10,0.2726821726489278,-0.08333333333333333,1
adult,10,0.2726821726489278,-0.08333333333333333,1
adult,10,0.2726821726489278,-0.08333333333333333,1
adult,10,0.2726821726489278,-0.08333333333333333,1
adult,10,0.2726821726489278,-0.08333333333333333,1
adult,10,0.2726821726489278,-0.08333333333333333,1
adult,10,0.2726821726489278,-0.08333333333333333,1
adult,10,0.2726821726489278,-0.08333333333333333,1
adult,10,0.2726821726489278,-0.08333333333333333,1
adult,10,0.2726821726489278,-0.08333333333333333,1
adult,10,0.2726821726489278,-0.16666666666666666,2
adult,10,0.2726821726489278,-0.08333333333333333,1
adult,10,0.2726821726489278,-0.08333333333333333,1
adult,10,0.2726821726489278,-0.08333333333333333,1
adult,10,0.2726821726489278,-0.08333333333333333,1
adult,10,0.1349492663536822,-0.16666666666666666,2
adult,10,0.2726821726489278,-0.08333333333333333,1
adult,10,0.17085424768265522,-0.16666666666666666,2
adult,10,0.2726821726489278,-0.08333333333333333,1
adult,10,0.2726821726489278,-0.08333333333333333,1
adult,10,0.2726821726489278,-0.08333333333333333,1
adult,10,0.2726821726489278,-0.08333333333333333,1
adult,10,0.2726821726489278,-0.08333333333333333,1
adult,10,0.2726821726489278,-0.08333333333333333,1
adult,10,0.2726821726489278,-0.08333333333333333,1
adult,10,0.2726821726489278,-0.08333333333333333,1
adult,10,0.2726821726489278,-0.08333333333333333,1
adult,10,0.2726821726489278,-0.16666666666666666,2
adult,10,0.2726821726489278,-0.08333333333333333,1
adult,10,0.2726821726489278,-0.08333333333333333,1
adult,10,0.2726821726489278,-0.08333333333333333,1
adult,10,0.2726821726489278,-0.08333333333333333,1
adult,10,0.2726821726489278,-0.08333333333333333,1
adult,10,0.2726821726489278,-0.08333333333333333,1
adult,10,0.2726821726489278,-0.08333333333333333,1
adult,10,0.2726821726489278,-0.08333333333333333,1
adult,10,0.2726821726489278,-0.08333333333333333,1
adult,10,0.2726821726489278,-0.08333333333333333,1
adult,10,0.2726821726489278,-0.08333333333333333,1
adult,10,0.2726821726489278,-0.08333333333333333,1
adult,10,0.2726821726489278,-0.08333333333333333,1
adult,10,0.2726821726489278,-0.08333333333333333,1
adult,10,0.2726821726489278,-0.08333333333333333,1
adult,10,0.2726821726489278,-0.08333333333333333,1
adult,10,0.2726821726489278,-0.08333333333333333,1
adult,10,0.2726821726489278,-0.08333333333333333,1
adult,10,0.2726821726489278,-0.08333333333333333,1
adult,10,0.2726821726489278,-0.08333333333333333,1
adult,10,0.2726821726489278,-0.08333333333333333,1
adult,10,0.2726821726489278,-0.08333333333333333,1
adult,10,0.2726821726489278,-0.08333333333333333,1
adult,10,0.2726821726489278,-0.08333333333333333,1
flight,10,0.17632192147614734,-0.15384615384615385,2
flight,10,0.17632192147614734,-0.15384615384615385,2
flight,10,0.17632192147614734,-0.15384615384615385,2
flight,10,0.17632192147614734,-0.15384615384615385,2
flight,10,0.17632192147614734,-0.15384615384615385,2
flight,10,0.17632192147614734,-0.15384615384615385,2
flight,10,0.17632192147614734,-0.15384615384615385,2
flight,10,0.17632192147614734,-0.23076923076923078,3
flight,10,0.17632192147614734,-0.15384615384615385,2
flight,10,0.17632192147614734,-0.15384615384615385,2
flight,10,0.1689864093151694,-0.23076923076923078,3
flight,10,0.17632192147614734,-0.15384615384615385,2
flight,10,0.17632192147614734,-0.15384615384615385,2
flight,10,0.17632192147614734,-0.15384615384615385,2
flight,10,0.17632192147614734,-0.15384615384615385,2
flight,10,0.17632192147614734,-0.15384615384615385,2
flight,10,0.17632192147614734,-0.15384615384615385,2
flight,10,0.17632192147614734,-0.15384615384615385,2
flight,10,0.17632192147614734,-0.15384615384615385,2
flight,10,0.17632192147614734,-0.15384615384615385,2
flight,10,0.13514845205100667,-0.3076923076923077,4
flight,10,0.17632192147614734,-0.15384615384615385,2
flight,10,0.17632192147614734,-0.23076923076923078,3
flight,10,0.17632192147614734,-0.15384615384615385,2
flight,10,0.17632192147614734,-0.23076923076923078,3
flight,10,0.17632192147614734,-0.15384615384615385,2
flight,10,0.17632192147614734,-0.15384615384615385,2
flight,10,0.17632192147614734,-0.15384615384615385,2
flight,10,0.17632192147614734,-0.15384615384615385,2
flight,10,0.17632192147614734,-0.15384615384615385,2
flight,10,0.17632192147614734,-0.15384615384615385,2
flight,10,0.17632192147614734,-0.15384615384615385,2
flight,10,0.17632192147614734,-0.15384615384615385,2
flight,10,0.17632192147614734,-0.15384615384615385,2
flight,10,0.17632192147614734,-0.15384615384615385,2
flight,10,0.17632192147614734,-0.15384615384615385,2
flight,10,0.17632192147614734,-0.15384615384615385,2
flight,10,0.17632192147614734,-0.23076923076923078,3
flight,10,0.17632192147614734,-0.15384615384615385,2
flight,10,0.17632192147614734,-0.15384615384615385,2
flight,10,0.17632192147614734,-0.15384615384615385,2
flight,10,0.17632192147614734,-0.15384615384615385,2
flight,10,0.17632192147614734,-0.15384615384615385,2
flight,10,0.17632192147614734,-0.15384615384615385,2
flight,10,0.17632192147614734,-0.15384615384615385,2
flight,10,0.17632192147614734,-0.15384615384615385,2
flight,10,0.17632192147614734,-0.15384615384615385,2
flight,10,0.17632192147614734,-0.15384615384615385,2
flight,10,0.17632192147614734,-0.15384615384615385,2
flight,10,0.17632192147614734,-0.15384615384615385,2
flight,10,0.17632192147614734,-0.15384615384615385,2
flight,10,0.17632192147614734,-0.15384615384615385,2
flight,10,0.17632192147614734,-0.15384615384615385,2
flight,10,0.17632192147614734,-0.15384615384615385,2
flight,10,0.17632192147614734,-0.23076923076923078,3
flight,10,0.17632192147614734,-0.15384615384615385,2
flight,10,0.17632192147614734,-0.15384615384615385,2
flight,10,0.17632192147614734,-0.15384615384615385,2
flight,10,0.17632192147614734,-0.15384615384615385,2
flight,10,0.17632192147614734,-0.15384615384615385,2
flight,10,0.17632192147614734,-0.15384615384615385,2
flight,10,0.17632192147614734,-0.15384615384615385,2
flight,10,0.17632192147614734,-0.15384615384615385,2
flight,10,0.17632192147614734,-0.15384615384615385,2
flight,10,0.17632192147614734,-0.15384615384615385,2
flight,10,0.17632192147614734,-0.15384615384615385,2
flight,10,0.17632192147614734,-0.15384615384615385,2
flight,10,0.17632192147614734,-0.15384615384615385,2
flight,10,0.17632192147614734,-0.15384615384615385,2
flight,10,0.17632192147614734,-0.15384615384615385,2
flight,10,0.17632192147614734,-0.15384615384615385,2
flight,10,0.17632192147614734,-0.15384615384615385,2
flight,10,0.17632192147614734,-0.15384615384615385,2
flight,10,0.17632192147614734,-0.15384615384615385,2
flight,10,0.1689864093151694,-0.23076923076923078,3
flight,10,0.17632192147614734,-0.15384615384615385,2
flight,10,0.17632192147614734,-0.15384615384615385,2
flight,10,0.17632192147614734,-0.23076923076923078,3
flight,10,0.17632192147614734,-0.15384615384615385,2
flight,10,0.17632192147614734,-0.15384615384615385,2
flight,10,0.17632192147614734,-0.15384615384615385,2
flight,10,0.17632192147614734,-0.15384615384615385,2
flight,10,0.17632192147614734,-0.15384615384615385,2
flight,10,0.17632192147614734,-0.15384615384615385,2
flight,10,0.17632192147614734,-0.15384615384615385,2
flight,10,0.17632192147614734,-0.15384615384615385,2
flight,10,0.17632192147614734,-0.15384615384615385,2
flight,10,0.17632192147614734,-0.15384615384615385,2
flight,10,0.17632192147614734,-0.15384615384615385,2
flight,10,0.17632192147614734,-0.15384615384615385,2
flight,10,0.17632192147614734,-0.15384615384615385,2
flight,10,0.17632192147614734,-0.15384615384615385,2
flight,10,0.17632192147614734,-0.15384615384615385,2
flight,10,0.17632192147614734,-0.15384615384615385,2
flight,10,0.17632192147614734,-0.15384615384615385,2
flight,10,0.17632192147614734,-0.15384615384615385,2
flight,10,0.17632192147614734,-0.15384615384615385,2
flight,10,0.17632192147614734,-0.15384615384615385,2
flight,10,0.17632192147614734,-0.15384615384615385,2
flight,10,0.17632192147614734,-0.15384615384615385,2
tax,10,0.2290091161470067,-0.6666666666666666,2
tax,10,0.2290091161470067,-0.6666666666666666,2
tax,10,0.2290091161470067,-0.6666666666666666,2
tax,10,0.2290091161470067,-0.6666666666666666,2
tax,10,0.2290091161470067,-0.6666666666666666,2
tax,10,0.2290091161470067,-0.6666666666666666,2
tax,10,0.2290091161470067,-0.6666666666666666,2
tax,10,0.2290091161470067,-0.6666666666666666,2
tax,10,0.2290091161470067,-0.6666666666666666,2
tax,10,0.2290091161470067,-0.6666666666666666,2
tax,10,0.2290091161470067,-0.6666666666666666,2
tax,10,0.2290091161470067,-0.6666666666666666,2
tax,10,0.2290091161470067,-0.6666666666666666,2
tax,10,0.2290091161470067,-0.6666666666666666,2
tax,10,0.2290091161470067,-0.6666666666666666,2
tax,10,0.2290091161470067,-0.6666666666666666,2
tax,10,0.2290091161470067,-0.6666666666666666,2
tax,10,0.2290091161470067,-0.6666666666666666,2
tax,10,0.2290091161470067,-0.6666666666666666,2
tax,10,0.2290091161470067,-0.6666666666666666,2
tax,10,0.2290091161470067,-0.6666666666666666,2
tax,10,0.2290091161470067,-0.6666666666666666,2
tax,10,0.2290091161470067,-0.6666666666666666,2
tax,10,0.2290091161470067,-0.6666666666666666,2
tax,10,0.2290091161470067,-0.6666666666666666,2
tax,10,0.2290091161470067,-0.6666666666666666,2
tax,10,0.2290091161470067,-0.6666666666666666,2
tax,10,0.2290091161470067,-0.6666666666666666,2
tax,10,0.2290091161470067,-0.6666666666666666,2
tax,10,0.2290091161470067,-0.6666666666666666,2
tax,10,0.2290091161470067,-0.6666666666666666,2
tax,10,0.2290091161470067,-0.6666666666666666,2
tax,10,0.2290091161470067,-0.6666666666666666,2
tax,10,0.2290091161470067,-0.6666666666666666,2
tax,10,0.2290091161470067,-0.6666666666666666,2
tax,10,0.2290091161470067,-0.6666666666666666,2
tax,10,0.2290091161470067,-0.6666666666666666,2
tax,10,0.2290091161470067,-0.6666666666666666,2
tax,10,0.2290091161470067,-0.6666666666666666,2
tax,10,0.2290091161470067,-0.6666666666666666,2
tax,10,0.2290091161470067,-0.6666666666666666,2
tax,10,0.2290091161470067,-0.6666666666666666,2
tax,10,0.2290091161470067,-0.6666666666666666,2
tax,10,0.2290091161470067,-0.6666666666666666,2
tax,10,0.2290091161470067,-0.6666666666666666,2
tax,10,0.2290091161470067,-0.6666666666666666,2
tax,10,0.2290091161470067,-0.6666666666666666,2
tax,10,0.2290091161470067,-0.6666666666666666,2
tax,10,0.2290091161470067,-0.6666666666666666,2
tax,10,0.2290091161470067,-0.6666666666666666,2
tax,10,0.2290091161470067,-0.6666666666666666,2
tax,10,0.2290091161470067,-0.6666666666666666,2
tax,10,0.2290091161470067,-0.6666666666666666,2
tax,10,0.2290091161470067,-0.6666666666666666,2
tax,10,0.2290091161470067,-0.6666666666666666,2
tax,10,0.2290091161470067,-0.6666666666666666,2
tax,10,0.2290091161470067,-0.6666666666666666,2
tax,10,0.2290091161470067,-0.6666666666666666,2
tax,10,0.2290091161470067,-0.6666666666666666,2
tax,10,0.2290091161470067,-0.6666666666666666,2
tax,10,0.2290091161470067,-0.6666666666666666,2
tax,10,0.2290091161470067,-0.6666666666666666,2
tax,10,0.2290091161470067,-0.6666666666666666,2
tax,10,0.2290091161470067,-0.6666666666666666,2
tax,10,0.2290091161470067,-0.6666666666666666,2
tax,10,0.2290091161470067,-0.6666666666666666,2
tax,10,0.2290091161470067,-0.6666666666666666,2
tax,10,0.2290091161470067,-0.6666666666666666,2
tax,10,0.2290091161470067,-0.6666666666666666,2
tax,10,0.2290091161470067,-0.6666666666666666,2
tax,10,0.2290091161470067,-0.6666666666666666,2
tax,10,0.2290091161470067,-0.6666666666666666,2
tax,10,0.2290091161470067,-0.6666666666666666,2
tax,10,0.2290091161470067,-0.6666666666666666,2
tax,10,0.2290091161470067,-0.6666666666666666,2
tax,10,0.2290091161470067,-0.6666666666666666,2
tax,10,0.2290091161470067,-0.6666666666666666,2
tax,10,0.2290091161470067,-0.6666666666666666,2
tax,10,0.2290091161470067,-0.6666666666666666,2
tax,10,0.2290091161470067,-0.6666666666666666,2
tax,10,0.2290091161470067,-0.6666666666666666,2
tax,10,0.2290091161470067,-0.6666666666666666,2
tax,10,0.2290091161470067,-0.6666666666666666,2
tax,10,0.2290091161470067,-0.6666666666666666,2
tax,10,0.2290091161470067,-0.6666666666666666,2
tax,10,0.2290091161470067,-0.6666666666666666,2
tax,10,0.2290091161470067,-0.6666666666666666,2
tax,10,0.2290091161470067,-0.6666666666666666,2
tax,10,0.2290091161470067,-0.6666666666666666,2
tax,10,0.2290091161470067,-0.6666666666666666,2
tax,10,0.2290091161470067,-0.6666666666666666,2
tax,10,0.2290091161470067,-0.6666666666666666,2
tax,10,0.2290091161470067,-0.6666666666666666,2
tax,10,0.2290091161470067,-0.6666666666666666,2
tax,10,0.2290091161470067,-0.6666666666666666,2
tax,10,0.2290091161470067,-0.6666666666666666,2
tax,10,0.2290091161470067,-0.6666666666666666,2
tax,10,0.2290091161470067,-0.6666666666666666,2
tax,10,0.2290091161470067,-0.6666666666666666,2
tax,10,0.2290091161470067,-0.6666666666666666,2
