dataset,epsilon,leakage,utility,mask_size
airport,1,0.22337399647872114,-0.5,3
airport,1,0.015768127809462573,-0.6666666666666666,4
airport,1,0.22337399647872114,-0.16666666666666666,1
airport,1,0.22337399647872114,-0.3333333333333333,2
airport,1,0.22337399647872114,-0.3333333333333333,2
airport,1,0.03592524660768637,-0.5,3
airport,1,0.22337399647872114,-0.3333333333333333,2
airport,1,0.22337399647872114,-0.5,3
airport,1,0.03592524660768637,-0.16666666666666666,1
airport,1,0.011469181810646378,-0.6666666666666666,4
airport,1,0.008222647309668152,-0.5,3
airport,1,0.22337399647872114,-0.16666666666666666,1
airport,1,0.03592524660768637,-0.5,3
airport,1,0.22337399647872114,-0.16666666666666666,1
airport,1,0.05853885744745513,-0.6666666666666666,4
airport,1,0.22337399647872114,-0.16666666666666666,1
airport,1,0.03592524660768637,-0.16666666666666666,1
airport,1,0.22337399647872114,-0.16666666666666666,1
airport,1,0.03592524660768637,-0.3333333333333333,2
airport,1,0.03592524660768637,-0.5,3
airport,1,0.008222647309668152,-0.5,3
airport,1,0.22337399647872114,-0.3333333333333333,2
airport,1,0.011469181810646378,-0.6666666666666666,4
airport,1,0.03592524660768637,-0.5,3
airport,1,0.03592524660768637,-0.5,3
airport,1,0.05010955345870127,-0.5,3
airport,1,0.03592524660768637,-0.16666666666666666,1
airport,1,0.22337399647872114,-0.3333333333333333,2
airport,1,0.05010955345870127,-0.6666666666666666,4
airport,1,0.051126318247808444,-0.16666666666666666,1
airport,1,0.03592524660768637,-0.6666666666666666,4
airport,1,0.03592524660768637,-0.5,3
airport,1,0.0096768865126029,-0.5,3
airport,1,0.06016840572859605,-0.3333333333333333,2
airport,1,0.003609042830710618,-0.8333333333333334,5
airport,1,0.22337399647872114,-0.16666666666666666,1
airport,1,0.22337399647872114,-0.3333333333333333,2
airport,1,0.22337399647872114,-0.16666666666666666,1
airport,1,0.008222647309668152,-0.6666666666666666,4
airport,1,0.03592524660768637,-0.6666666666666666,4
airport,1,0.003609042830710618,-0.8333333333333334,5
airport,1,0.05010955345870127,-0.5,3
airport,1,0.22337399647872114,-0.0,0
airport,1,0.22337399647872114,-0.5,3
airport,1,0.22337399647872114,-0.3333333333333333,2
airport,1,0.05010955345870127,-0.5,3
airport,1,0.03592524660768637,-0.6666666666666666,4
airport,1,0.22337399647872114,-0.0,0
airport,1,0.03592524660768637,-0.16666666666666666,1
airport,1,0.22337399647872114,-0.3333333333333333,2
airport,1,0.22337399647872114,-0.3333333333333333,2
airport,1,0.05010955345870127,-0.3333333333333333,2
airport,1,0.22337399647872114,-0.5,3
airport,1,0.22337399647872114,-0.16666666666666666,1
airport,1,0.008222647309668152,-0.3333333333333333,2
airport,1,0.051126318247808444,-0.16666666666666666,1
airport,1,0.22337399647872114,-0.16666666666666666,1
airport,1,0.22337399647872114,-0.3333333333333333,2
airport,1,0.06016840572859605,-0.5,3
airport,1,0.22337399647872114,-0.16666666666666666,1
airport,1,0.051126318247808444,-0.6666666666666666,4
airport,1,0.013497595919447658,-0.6666666666666666,4
airport,1,0.03592524660768637,-0.3333333333333333,2
airport,1,0.03592524660768637,-0.16666666666666666,1
airport,1,0.013497595919447658,-0.6666666666666666,4
airport,1,0.22337399647872114,-0.5,3
airport,1,0.22337399647872114,-0.16666666666666666,1
airport,1,0.03592524660768637,-0.16666666666666666,1
airport,1,0.22337399647872114,-0.16666666666666666,1
airport,1,0.03592524660768637,-0.5,3
airport,1,0.06016840572859605,-0.6666666666666666,4
airport,1,0.05853885744745513,-0.6666666666666666,4
airport,1,0.22337399647872114,-0.16666666666666666,1
airport,1,0.22337399647872114,-0.5,3
airport,1,0.22337399647872114,-0.3333333333333333,2
airport,1,0.03592524660768637,-0.6666666666666666,4
airport,1,0.03592524660768637,-0.16666666666666666,1
airport,1,0.008222647309668152,-0.3333333333333333,2
airport,1,0.22337399647872114,-0.3333333333333333,2
airport,1,0.22337399647872114,-0.3333333333333333,2
airport,1,0.03592524660768637,-0.3333333333333333,2
airport,1,0.22337399647872114,-0.16666666666666666,1
airport,1,0.06016840572859605,-0.5,3
airport,1,0.05010955345870127,-0.6666666666666666,4
airport,1,0.011469181810646378,-0.5,3
airport,1,0.06016840572859605,-0.3333333333333333,2
airport,1,0.22337399647872114,-0.3333333333333333,2
airport,1,0.22337399647872114,-0.3333333333333333,2
airport,1,0.22337399647872114,-0.16666666666666666,1
airport,1,0.06016840572859605,-0.3333333333333333,2
airport,1,0.22337399647872114,-0.5,3
airport,1,0.013497595919447658,-0.6666666666666666,4
airport,1,0.22337399647872114,-0.3333333333333333,2
airport,1,0.22337399647872114,-0.16666666666666666,1
airport,1,0.008222647309668152,-0.3333333333333333,2
airport,1,0.22337399647872114,-0.16666666666666666,1
airport,1,0.22337399647872114,-0.6666666666666666,4
airport,1,0.03592524660768637,-0.6666666666666666,4
airport,1,0.03592524660768637,-0.16666666666666666,1
airport,1,0.03592524660768637,-0.5,3
hospital,1,0.26303652729247295,-0.5,5
hospital,1,0.26303652729247295,-0.5,5
hospital,1,0.24175913958548945,-0.6,6
hospital,1,0.2902622119955647,-0.8,8
hospital,1,0.26187931623708605,-0.4,4
hospital,1,0.26187931623708605,-0.4,4
hospital,1,0.26303652729247295,-0.6,6
hospital,1,0.21940735109689347,-0.8,8
hospital,1,0.26303652729247295,-0.3,3
hospital,1,0.24175913958548945,-0.8,8
hospital,1,0.2902622119955647,-0.6,6
hospital,1,0.2629936790618288,-0.4,4
hospital,1,0.21940735109689347,-0.8,8
hospital,1,0.26187931623708605,-0.6,6
hospital,1,0.26303652729247295,-0.3,3
hospital,1,0.21940735109689347,-0.7,7
hospital,1,0.2629936790618288,-0.4,4
hospital,1,0.26187931623708605,-0.6,6
hospital,1,0.24175913958548945,-0.8,8
hospital,1,0.029167650999047168,-0.8,8
hospital,1,0.26303652729247295,-0.6,6
hospital,1,0.26303652729247295,-0.6,6
hospital,1,0.26187931623708605,-0.4,4
hospital,1,0.035544277937330504,-0.8,8
hospital,1,0.26187931623708605,-0.5,5
hospital,1,0.26187931623708605,-0.6,6
hospital,1,0.1616508089511316,-0.7,7
hospital,1,0.26303652729247295,-0.4,4
hospital,1,0.2629936790618288,-0.4,4
hospital,1,0.21940735109689347,-0.7,7
hospital,1,0.26187931623708605,-0.6,6
hospital,1,0.26187931623708605,-0.7,7
hospital,1,0.21945273335876703,-0.7,7
hospital,1,0.26187931623708605,-0.5,5
hospital,1,0.2902622119955647,-0.7,7
hospital,1,0.26187931623708605,-0.5,5
hospital,1,0.2629936790618288,-0.5,5
hospital,1,0.24175913958548945,-0.6,6
hospital,1,0.26187931623708605,-0.4,4
hospital,1,0.261836400724347,-0.5,5
hospital,1,0.26187931623708605,-0.5,5
hospital,1,0.21945273335876703,-0.7,7
hospital,1,0.21945273335876703,-0.7,7
hospital,1,0.26303652729247295,-0.5,5
hospital,1,0.26303652729247295,-0.5,5
hospital,1,0.26187931623708605,-0.4,4
hospital,1,0.21940735109689347,-0.5,5
hospital,1,0.26187931623708605,-0.6,6
hospital,1,0.261836400724347,-0.6,6
hospital,1,0.2629936790618288,-0.4,4
hospital,1,0.26303652729247295,-0.4,4
hospital,1,0.2629936790618288,-0.4,4
hospital,1,0.26303652729247295,-0.4,4
hospital,1,0.26187931623708605,-0.4,4
hospital,1,0.26187931623708605,-0.7,7
hospital,1,0.261836400724347,-0.5,5
hospital,1,0.2629936790618288,-0.6,6
hospital,1,0.26187931623708605,-0.5,5
hospital,1,0.261836400724347,-0.6,6
hospital,1,0.26187931623708605,-0.5,5
hospital,1,0.1457223282701623,-0.8,8
hospital,1,0.2902622119955647,-0.7,7
hospital,1,0.04096074580812714,-0.7,7
hospital,1,0.26187931623708605,-0.6,6
hospital,1,0.26187931623708605,-0.6,6
hospital,1,0.21945273335876703,-0.6,6
hospital,1,0.21945273335876703,-0.7,7
hospital,1,0.26303652729247295,-0.5,5
hospital,1,0.21945273335876703,-0.5,5
hospital,1,0.261836400724347,-0.6,6
hospital,1,0.2629936790618288,-0.6,6
hospital,1,0.26303652729247295,-0.4,4
hospital,1,0.26187931623708605,-0.3,3
hospital,1,0.26187931623708605,-0.5,5
hospital,1,0.261836400724347,-0.6,6
hospital,1,0.21945273335876703,-0.6,6
hospital,1,0.24315756576632586,-0.7,7
hospital,1,0.26303652729247295,-0.5,5
hospital,1,0.26303652729247295,-0.3,3
hospital,1,0.26303652729247295,-0.5,5
hospital,1,0.24315756576632586,-0.6,6
hospital,1,0.24315756576632586,-0.7,7
hospital,1,0.26303652729247295,-0.4,4
hospital,1,0.26303652729247295,-0.5,5
hospital,1,0.26187931623708605,-0.6,6
hospital,1,0.26187931623708605,-0.3,3
hospital,1,0.24315756576632586,-0.8,8
hospital,1,0.21945273335876703,-0.6,6
hospital,1,0.261836400724347,-0.5,5
hospital,1,0.26187931623708605,-0.5,5
hospital,1,0.26187931623708605,-0.5,5
hospital,1,0.26187931623708605,-0.5,5
hospital,1,0.2629936790618288,-0.6,6
hospital,1,0.21945273335876703,-0.5,5
hospital,1,0.24175913958548945,-0.5,5
hospital,1,0.261836400724347,-0.5,5
hospital,1,0.261836400724347,-0.5,5
hospital,1,0.26187931623708605,-0.5,5
hospital,1,0.26187931623708605,-0.5,5
hospital,1,0.21945273335876703,-0.5,5
adult,1,0.20036608478191653,-0.3333333333333333,4
adult,1,0.28822277968938836,-0.4166666666666667,5
adult,1,0.26733049635846484,-0.25,3
adult,1,0.10702720365312512,-0.5833333333333334,7
adult,1,0.18886292899071455,-0.4166666666666667,5
adult,1,0.07153705234156527,-0.5833333333333334,7
adult,1,0.10123561601604592,-0.5,6
adult,1,0.023242766099174417,-0.5833333333333334,7
adult,1,0.11023352473050418,-0.5833333333333334,7
adult,1,0.20375348447597397,-0.4166666666666667,5
adult,1,0.07111755185219637,-0.6666666666666666,8
adult,1,0.2726821726489278,-0.25,3
adult,1,0.06385751178885968,-0.5,6
adult,1,0.06368250103941087,-0.4166666666666667,5
adult,1,0.07117597902109729,-0.5833333333333334,7
adult,1,0.2329977235019759,-0.3333333333333333,4
adult,1,0.053219535069467416,-0.75,9
adult,1,0.26016440275747366,-0.16666666666666666,2
adult,1,0.08089777707595014,-0.4166666666666667,5
adult,1,0.08089777707595014,-0.3333333333333333,4
adult,1,0.17085424768265522,-0.4166666666666667,5
adult,1,0.08234759431116845,-0.6666666666666666,8
adult,1,0.12964246975491212,-0.4166666666666667,5
adult,1,0.11927152773640248,-0.3333333333333333,4
adult,1,0.06251528344412671,-0.5,6
adult,1,0.12033944549542208,-0.3333333333333333,4
adult,1,0.09199866320537664,-0.5,6
adult,1,0.141854762675785,-0.4166666666666667,5
adult,1,0.0021431443156229024,-0.8333333333333334,10
adult,1,0.11927152773640248,-0.25,3
adult,1,0.04128606673762181,-0.3333333333333333,4
adult,1,0.09159629616461396,-0.4166666666666667,5
adult,1,0.09822330773503263,-0.3333333333333333,4
adult,1,0.07385994967747844,-0.4166666666666667,5
adult,1,0.28822277968938836,-0.3333333333333333,4
adult,1,0.21936187862552803,-0.4166666666666667,5
adult,1,0.2183398624862377,-0.4166666666666667,5
adult,1,0.18610797023470171,-0.5,6
adult,1,0.10514481101539985,-0.5,6
adult,1,0.07154064348879374,-0.5833333333333334,7
adult,1,0.18660369237011787,-0.4166666666666667,5
adult,1,0.20036608478191653,-0.3333333333333333,4
adult,1,0.09159629616461396,-0.4166666666666667,5
adult,1,0.018069968923985047,-0.6666666666666666,8
adult,1,0.11471011146332122,-0.6666666666666666,8
adult,1,0.17568902450237367,-0.4166666666666667,5
adult,1,0.12964246975491212,-0.3333333333333333,4
adult,1,0.153111733809706,-0.5,6
adult,1,0.18886292899071455,-0.3333333333333333,4
adult,1,0.13837268354048327,-0.5,6
adult,1,0.0800450999406711,-0.5,6
adult,1,0.26705947660928453,-0.3333333333333333,4
adult,1,0.17085424768265522,-0.25,3
adult,1,0.06879398592551578,-0.5833333333333334,7
adult,1,0.07559584286413512,-0.4166666666666667,5
adult,1,0.20375348447597397,-0.5833333333333334,7
adult,1,0.11023352473050418,-0.6666666666666666,8
adult,1,0.030237976296206948,-0.75,9
adult,1,0.07698315422113966,-0.4166666666666667,5
adult,1,0.17973219635719284,-0.5833333333333334,7
adult,1,0.20375348447597397,-0.4166666666666667,5
adult,1,0.185806905685583,-0.6666666666666666,8
adult,1,0.09199866320537664,-0.3333333333333333,4
adult,1,0.1388991846729406,-0.5,6
adult,1,0.19205292448357247,-0.5,6
adult,1,0.09822330773503263,-0.3333333333333333,4
adult,1,0.12964246975491212,-0.3333333333333333,4
adult,1,0.26016440275747366,-0.3333333333333333,4
adult,1,0.28278882826151164,-0.3333333333333333,4
adult,1,0.07153705234156527,-0.6666666666666666,8
adult,1,0.09822330773503263,-0.4166666666666667,5
adult,1,0.05550815769353756,-0.75,9
adult,1,0.1415373285450836,-0.5,6
adult,1,0.11789138276656375,-0.5,6
adult,1,0.0050754359888105505,-0.6666666666666666,8
adult,1,0.15662894254159787,-0.4166666666666667,5
adult,1,0.16226468963732055,-0.4166666666666667,5
adult,1,0.26221932193872965,-0.25,3
adult,1,0.09417270189836191,-0.4166666666666667,5
adult,1,0.08060010152952768,-0.4166666666666667,5
adult,1,0.22299514810451904,-0.5,6
adult,1,0.2565641779949628,-0.3333333333333333,4
adult,1,0.23205899770290261,-0.4166666666666667,5
adult,1,0.12964246975491212,-0.25,3
adult,1,0.06606135087477161,-0.4166666666666667,5
adult,1,0.17680584719048809,-0.5,6
adult,1,0.12250505511270016,-0.5,6
adult,1,0.1194361481244256,-0.5,6
adult,1,0.09822330773503263,-0.4166666666666667,5
adult,1,0.2760647740284471,-0.4166666666666667,5
adult,1,0.12964246975491212,-0.25,3
adult,1,0.12924462293169137,-0.4166666666666667,5
adult,1,0.07960867680143258,-0.5833333333333334,7
adult,1,0.135682350389002,-0.3333333333333333,4
adult,1,0.1447334311646281,-0.4166666666666667,5
adult,1,0.17085424768265522,-0.4166666666666667,5
adult,1,0.2722496645998359,-0.4166666666666667,5
adult,1,0.07470802683816113,-0.5,6
adult,1,0.18886292899071455,-0.3333333333333333,4
adult,1,0.2090731414517325,-0.5,6
flight,1,0.12744625720955838,-0.38461538461538464,5
flight,1,0.17632192147614734,-0.46153846153846156,6
flight,1,0.17632192147614734,-0.46153846153846156,6
flight,1,0.24980936013667854,-0.5384615384615384,7
flight,1,0.12744625720955838,-0.6923076923076923,9
flight,1,0.17632192147614734,-0.38461538461538464,5
flight,1,0.11650065212924676,-0.7692307692307693,10
flight,1,0.23553045167227926,-0.46153846153846156,6
flight,1,0.13514845205100667,-0.46153846153846156,6
flight,1,0.13818569520024426,-0.6153846153846154,8
flight,1,0.1689864093151694,-0.46153846153846156,6
flight,1,0.13514845205100667,-0.38461538461538464,5
flight,1,0.1689864093151694,-0.46153846153846156,6
flight,1,0.13514845205100667,-0.6923076923076923,9
flight,1,0.17632192147614734,-0.23076923076923078,3
flight,1,0.24980936013667854,-0.5384615384615384,7
flight,1,0.1689864093151694,-0.38461538461538464,5
flight,1,0.18094116044347042,-0.5384615384615384,7
flight,1,0.17632192147614734,-0.23076923076923078,3
flight,1,0.17632192147614734,-0.38461538461538464,5
flight,1,0.24980936013667854,-0.46153846153846156,6
flight,1,0.1222736628243225,-0.5384615384615384,7
flight,1,0.1689864093151694,-0.46153846153846156,6
flight,1,0.18094116044347042,-0.46153846153846156,6
flight,1,0.1689864093151694,-0.38461538461538464,5
flight,1,0.13514845205100667,-0.5384615384615384,7
flight,1,0.2455785165522859,-0.6153846153846154,8
flight,1,0.1689864093151694,-0.5384615384615384,7
flight,1,0.17950681443898409,-0.7692307692307693,10
flight,1,0.18094116044347042,-0.23076923076923078,3
flight,1,0.17632192147614734,-0.46153846153846156,6
flight,1,0.2455785165522859,-0.6153846153846154,8
flight,1,0.11650065212924676,-0.5384615384615384,7
flight,1,0.13514845205100667,-0.46153846153846156,6
flight,1,0.13514845205100667,-0.38461538461538464,5
flight,1,0.1689864093151694,-0.46153846153846156,6
flight,1,0.1689864093151694,-0.38461538461538464,5
flight,1,0.13514845205100667,-0.5384615384615384,7
flight,1,0.17632192147614734,-0.23076923076923078,3
flight,1,0.18094116044347042,-0.38461538461538464,5
flight,1,0.1689864093151694,-0.38461538461538464,5
flight,1,0.17632192147614734,-0.15384615384615385,2
flight,1,0.12744625720955838,-0.5384615384615384,7
flight,1,0.17632192147614734,-0.3076923076923077,4
flight,1,0.17632192147614734,-0.46153846153846156,6
flight,1,0.1689864093151694,-0.38461538461538464,5
flight,1,0.1689864093151694,-0.5384615384615384,7
flight,1,0.12744625720955838,-0.5384615384615384,7
flight,1,0.1689864093151694,-0.6923076923076923,9
flight,1,0.17632192147614734,-0.38461538461538464,5
flight,1,0.12744625720955838,-0.6153846153846154,8
flight,1,0.17632192147614734,-0.3076923076923077,4
flight,1,0.12744625720955838,-0.46153846153846156,6
flight,1,0.17632192147614734,-0.3076923076923077,4
flight,1,0.12744625720955838,-0.6153846153846154,8
flight,1,0.1689864093151694,-0.46153846153846156,6
flight,1,0.1222736628243225,-0.6923076923076923,9
flight,1,0.1689864093151694,-0.6153846153846154,8
flight,1,0.1689864093151694,-0.46153846153846156,6
flight,1,0.13514845205100667,-0.6153846153846154,8
flight,1,0.17632192147614734,-0.23076923076923078,3
flight,1,0.17364678630049102,-0.46153846153846156,6
flight,1,0.17632192147614734,-0.38461538461538464,5
flight,1,0.13514845205100667,-0.5384615384615384,7
flight,1,0.17632192147614734,-0.38461538461538464,5
flight,1,0.17632192147614734,-0.23076923076923078,3
flight,1,0.1689864093151694,-0.46153846153846156,6
flight,1,0.1689864093151694,-0.6923076923076923,9
flight,1,0.17632192147614734,-0.38461538461538464,5
flight,1,0.13514845205100667,-0.5384615384615384,7
flight,1,0.2455785165522859,-0.46153846153846156,6
flight,1,0.1689864093151694,-0.3076923076923077,4
flight,1,0.13818569520024426,-0.5384615384615384,7
flight,1,0.17632192147614734,-0.3076923076923077,4
flight,1,0.1689864093151694,-0.46153846153846156,6
flight,1,0.1222736628243225,-0.6923076923076923,9
flight,1,0.1689864093151694,-0.3076923076923077,4
flight,1,0.17632192147614734,-0.38461538461538464,5
flight,1,0.23553045167227926,-0.5384615384615384,7
flight,1,0.1689864093151694,-0.3076923076923077,4
flight,1,0.2455785165522859,-0.5384615384615384,7
flight,1,0.13514845205100667,-0.46153846153846156,6
flight,1,0.13514845205100667,-0.46153846153846156,6
flight,1,0.17632192147614734,-0.5384615384615384,7
flight,1,0.1689864093151694,-0.46153846153846156,6
flight,1,0.17632192147614734,-0.3076923076923077,4
flight,1,0.1689864093151694,-0.3076923076923077,4
flight,1,0.12744625720955838,-0.46153846153846156,6
flight,1,0.12744625720955838,-0.46153846153846156,6
flight,1,0.13514845205100667,-0.5384615384615384,7
flight,1,0.17632192147614734,-0.38461538461538464,5
flight,1,0.24980936013667854,-0.38461538461538464,5
flight,1,0.2455785165522859,-0.5384615384615384,7
flight,1,0.1689864093151694,-0.3076923076923077,4
flight,1,0.17632192147614734,-0.46153846153846156,6
flight,1,0.24980936013667854,-0.6153846153846154,8
flight,1,0.12744625720955838,-0.5384615384615384,7
flight,1,0.1689864093151694,-0.3076923076923077,4
flight,1,0.1689864093151694,-0.38461538461538464,5
flight,1,0.18094116044347042,-0.6153846153846154,8
tax,1,0.2290091161470067,-0.6666666666666666,2
tax,1,0.0,-1.0,3
tax,1,0.0,-1.0,3
tax,1,0.2290091161470067,-0.6666666666666666,2
tax,1,0.0,-1.0,3
tax,1,0.2290091161470067,-0.6666666666666666,2
tax,1,0.0,-1.0,3
tax,1,0.2290091161470067,-0.6666666666666666,2
tax,1,0.2290091161470067,-0.6666666666666666,2
tax,1,0.0,-1.0,3
tax,1,0.2290091161470067,-0.6666666666666666,2
tax,1,0.2290091161470067,-0.6666666666666666,2
tax,1,0.0,-1.0,3
tax,1,0.0,-1.0,3
tax,1,0.0,-1.0,3
tax,1,0.2290091161470067,-0.6666666666666666,2
tax,1,0.0,-1.0,3
tax,1,0.2290091161470067,-0.6666666666666666,2
tax,1,0.2290091161470067,-0.6666666666666666,2
tax,1,0.2290091161470067,-0.6666666666666666,2
tax,1,0.0,-1.0,3
tax,1,0.0,-1.0,3
tax,1,0.0,-1.0,3
tax,1,0.2290091161470067,-0.6666666666666666,2
tax,1,0.2290091161470067,-0.6666666666666666,2
tax,1,0.0,-1.0,3
tax,1,0.2290091161470067,-0.6666666666666666,2
tax,1,0.0,-1.0,3
tax,1,0.2290091161470067,-0.6666666666666666,2
tax,1,0.0,-1.0,3
tax,1,0.2290091161470067,-0.6666666666666666,2
tax,1,0.2290091161470067,-0.6666666666666666,2
tax,1,0.0,-1.0,3
tax,1,0.2290091161470067,-0.6666666666666666,2
tax,1,0.0,-1.0,3
tax,1,0.2290091161470067,-0.6666666666666666,2
tax,1,0.0,-1.0,3
tax,1,0.2290091161470067,-0.6666666666666666,2
tax,1,0.2290091161470067,-0.6666666666666666,2
tax,1,0.2290091161470067,-0.6666666666666666,2
tax,1,0.0,-1.0,3
tax,1,0.0,-1.0,3
tax,1,0.2290091161470067,-0.6666666666666666,2
tax,1,0.2290091161470067,-0.6666666666666666,2
tax,1,0.0,-1.0,3
tax,1,0.0,-1.0,3
tax,1,0.0,-1.0,3
tax,1,0.0,-1.0,3
tax,1,0.2290091161470067,-0.6666666666666666,2
tax,1,0.2290091161470067,-0.6666666666666666,2
tax,1,0.2290091161470067,-0.6666666666666666,2
tax,1,0.2290091161470067,-0.6666666666666666,2
tax,1,0.2290091161470067,-0.6666666666666666,2
tax,1,0.2290091161470067,-0.6666666666666666,2
tax,1,0.0,-1.0,3
tax,1,0.2290091161470067,-0.6666666666666666,2
tax,1,0.2290091161470067,-0.6666666666666666,2
tax,1,0.2290091161470067,-0.6666666666666666,2
tax,1,0.2290091161470067,-0.6666666666666666,2
tax,1,0.0,-1.0,3
tax,1,0.0,-1.0,3
tax,1,0.0,-1.0,3
tax,1,0.2290091161470067,-0.6666666666666666,2
tax,1,0.2290091161470067,-0.6666666666666666,2
tax,1,0.2290091161470067,-0.6666666666666666,2
tax,1,0.2290091161470067,-0.6666666666666666,2
tax,1,0.2290091161470067,-0.6666666666666666,2
tax,1,0.0,-1.0,3
tax,1,0.0,-1.0,3
tax,1,0.2290091161470067,-0.6666666666666666,2
tax,1,0.2290091161470067,-0.6666666666666666,2
tax,1,0.2290091161470067,-0.6666666666666666,2
tax,1,0.0,-1.0,3
tax,1,0.0,-1.0,3
tax,1,0.2290091161470067,-0.6666666666666666,2
tax,1,0.2290091161470067,-0.6666666666666666,2
tax,1,0.2290091161470067,-0.6666666666666666,2
tax,1,0.2290091161470067,-0.6666666666666666,2
tax,1,0.2290091161470067,-0.6666666666666666,2
tax,1,0.2290091161470067,-0.6666666666666666,2
tax,1,0.0,-1.0,3
tax,1,0.2290091161470067,-0.6666666666666666,2
tax,1,0.2290091161470067,-0.6666666666666666,2
tax,1,0.0,-1.0,3
tax,1,0.0,-1.0,3
tax,1,0.0,-1.0,3
tax,1,0.0,-1.0,3
tax,1,0.2290091161470067,-0.6666666666666666,2
tax,1,0.2290091161470067,-0.6666666666666666,2
tax,1,0.2290091161470067,-0.6666666666666666,2
tax,1,0.0,-1.0,3
tax,1,0.0,-1.0,3
tax,1,0.2290091161470067,-0.6666666666666666,2
tax,1,0.2290091161470067,-0.6666666666666666,2
tax,1,0.2290091161470067,-0.6666666666666666,2
tax,1,0.0,-1.0,3
tax,1,0.2290091161470067,-0.6666666666666666,2
tax,1,0.2290091161470067,-0.6666666666666666,2
tax,1,0.2290091161470067,-0.6666666666666666,2
tax,1,0.2290091161470067,-0.6666666666666666,2
