dataset,lambda,leakage,utility,mask_size
airport,10,0.03592524660768637,-0.3333333333333333,2
airport,10,0.22337399647872114,-0.3333333333333333,2
airport,10,0.011469181810646378,-0.6666666666666666,4
airport,10,0.06016840572859605,-0.5,3
airport,10,0.03592524660768637,-0.3333333333333333,2
airport,10,0.011469181810646378,-0.5,3
airport,10,0.22337399647872114,-0.3333333333333333,2
airport,10,0.003306804705818678,-0.6666666666666666,4
airport,10,0.22337399647872114,-0.16666666666666666,1
airport,10,0.015768127809462573,-0.6666666666666666,4
airport,10,0.22337399647872114,-0.3333333333333333,2
airport,10,0.22337399647872114,-0.3333333333333333,2
airport,10,0.22337399647872114,-0.0,0
airport,10,0.22337399647872114,-0.16666666666666666,1
airport,10,0.0096768865126029,-0.6666666666666666,4
airport,10,0.22337399647872114,-0.16666666666666666,1
airport,10,0.03592524660768637,-0.5,3
airport,10,0.03592524660768637,-0.3333333333333333,2
airport,10,0.22337399647872114,-0.16666666666666666,1
airport,10,0.22337399647872114,-0.3333333333333333,2
airport,10,0.22337399647872114,-0.16666666666666666,1
airport,10,0.22337399647872114,-0.16666666666666666,1
airport,10,0.22337399647872114,-0.16666666666666666,1
airport,10,0.22337399647872114,-0.3333333333333333,2
airport,10,0.03592524660768637,-0.3333333333333333,2
airport,10,0.22337399647872114,-0.0,0
airport,10,0.06016840572859605,-0.5,3
airport,10,0.03592524660768637,-0.5,3
airport,10,0.03592524660768637,-0.5,3
airport,10,0.22337399647872114,-0.3333333333333333,2
airport,10,0.22337399647872114,-0.3333333333333333,2
airport,10,0.06016840572859605,-0.5,3
airport,10,0.003306804705818678,-0.6666666666666666,4
airport,10,0.22337399647872114,-0.0,0
airport,10,0.051126318247808444,-0.3333333333333333,2
airport,10,0.22337399647872114,-0.0,0
airport,10,0.22337399647872114,-0.3333333333333333,2
airport,10,0.051126318247808444,-0.6666666666666666,4
airport,10,0.011469181810646378,-0.5,3
airport,10,0.22337399647872114,-0.0,0
airport,10,0.22337399647872114,-0.3333333333333333,2
airport,10,0.051126318247808444,-0.6666666666666666,4
airport,10,0.22337399647872114,-0.3333333333333333,2
airport,10,0.051126318247808444,-0.5,3
airport,10,0.03592524660768637,-0.3333333333333333,2
airport,10,0.05010955345870127,-0.6666666666666666,4
airport,10,0.051126318247808444,-0.5,3
airport,10,0.03592524660768637,-0.6666666666666666,4
airport,10,0.22337399647872114,-0.3333333333333333,2
airport,10,0.22337399647872114,-0.16666666666666666,1
airport,10,0.22337399647872114,-0.3333333333333333,2
airport,10,0.051126318247808444,-0.3333333333333333,2
airport,10,0.03592524660768637,-0.6666666666666666,4
airport,10,0.03592524660768637,-0.3333333333333333,2
airport,10,0.008222647309668152,-0.3333333333333333,2
airport,10,0.22337399647872114,-0.3333333333333333,2
airport,10,0.22337399647872114,-0.5,3
airport,10,0.051126318247808444,-0.3333333333333333,2
airport,10,0.03592524660768637,-0.16666666666666666,1
airport,10,0.06016840572859605,-0.3333333333333333,2
airport,10,0.051126318247808444,-0.3333333333333333,2
airport,10,0.22337399647872114,-0.5,3
airport,10,0.008222647309668152,-0.5,3
airport,10,0.051126318247808444,-0.16666666666666666,1
airport,10,0.22337399647872114,-0.5,3
airport,10,0.05010955345870127,-0.3333333333333333,2
airport,10,0.22337399647872114,-0.16666666666666666,1
airport,10,0.0096768865126029,-0.6666666666666666,4
airport,10,0.22337399647872114,-0.16666666666666666,1
airport,10,0.03592524660768637,-0.6666666666666666,4
airport,10,0.03592524660768637,-0.3333333333333333,2
airport,10,0.22337399647872114,-0.3333333333333333,2
airport,10,0.22337399647872114,-0.0,0
airport,10,0.051126318247808444,-0.3333333333333333,2
airport,10,0.22337399647872114,-0.16666666666666666,1
airport,10,0.22337399647872114,-0.0,0
airport,10,0.05010955345870127,-0.6666666666666666,4
airport,10,0.22337399647872114,-0.3333333333333333,2
airport,10,0.015768127809462573,-0.6666666666666666,4
airport,10,0.03592524660768637,-0.16666666666666666,1
airport,10,0.22337399647872114,-0.5,3
airport,10,0.03592524660768637,-0.3333333333333333,2
airport,10,0.051126318247808444,-0.3333333333333333,2
airport,10,0.22337399647872114,-0.3333333333333333,2
airport,10,0.22337399647872114,-0.16666666666666666,1
airport,10,0.03592524660768637,-0.5,3
airport,10,0.22337399647872114,-0.0,0
airport,10,0.22337399647872114,-0.16666666666666666,1
airport,10,0.03592524660768637,-0.5,3
airport,10,0.22337399647872114,-0.3333333333333333,2
airport,10,0.22337399647872114,-0.5,3
airport,10,0.22337399647872114,-0.3333333333333333,2
airport,10,0.06016840572859605,-0.3333333333333333,2
airport,10,0.22337399647872114,-0.0,0
airport,10,0.03592524660768637,-0.3333333333333333,2
airport,10,0.051126318247808444,-0.16666666666666666,1
airport,10,0.06016840572859605,-0.3333333333333333,2
airport,10,0.008222647309668152,-0.3333333333333333,2
airport,10,0.22337399647872114,-0.16666666666666666,1
airport,10,0.051126318247808444,-0.3333333333333333,2
hospital,10,0.5065292841479625,-0.4,4
hospital,10,0.46992211475481305,-0.5,5
hospital,10,0.5202376749670268,-0.6,6
hospital,10,0.5065292841479625,-0.5,5
hospital,10,0.6090400455538584,-0.3,3
hospital,10,0.5422684587046469,-0.3,3
hospital,10,0.5742305069340705,-0.3,3
hospital,10,0.5468475106079831,-0.5,5
hospital,10,0.6623992294064142,-0.2,2
hospital,10,0.5422684587046469,-0.3,3
hospital,10,0.5742305069340705,-0.4,4
hospital,10,0.49676169740756204,-0.4,4
hospital,10,0.5422684587046469,-0.2,2
hospital,10,0.5422684587046469,-0.4,4
hospital,10,0.26187931623708605,-0.5,5
hospital,10,0.2902622119955647,-0.6,6
hospital,10,0.3764851312661076,-0.5,5
hospital,10,0.3594889549228737,-0.5,5
hospital,10,0.6090400455538584,-0.3,3
hospital,10,0.6090400455538584,-0.1,1
hospital,10,0.42853421735144903,-0.3,3
hospital,10,0.5468475106079831,-0.4,4
hospital,10,0.5065292841479625,-0.6,6
hospital,10,0.4694541344903692,-0.5,5
hospital,10,0.6623992294064142,-0.0,0
hospital,10,0.5065292841479625,-0.5,5
hospital,10,0.6086948858179753,-0.4,4
hospital,10,0.5742552604116484,-0.4,4
hospital,10,0.2629936790618288,-0.6,6
hospital,10,0.6086948858179753,-0.4,4
hospital,10,0.6090400455538584,-0.2,2
hospital,10,0.6623992294064142,-0.4,4
hospital,10,0.6623992294064142,-0.2,2
hospital,10,0.6090400455538584,-0.4,4
hospital,10,0.4694541344903692,-0.5,5
hospital,10,0.21940735109689347,-0.6,6
hospital,10,0.6086948858179753,-0.4,4
hospital,10,0.24315756576632586,-0.8,8
hospital,10,0.3764851312661076,-0.2,2
hospital,10,0.5422684587046469,-0.4,4
hospital,10,0.44440927545847886,-0.8,8
hospital,10,0.5742552604116484,-0.1,1
hospital,10,0.5422684587046469,-0.4,4
hospital,10,0.5468475106079831,-0.4,4
hospital,10,0.5468475106079831,-0.7,7
hospital,10,0.46992211475481305,-0.4,4
hospital,10,0.5065005929742044,-0.5,5
hospital,10,0.46992211475481305,-0.2,2
hospital,10,0.42853421735144903,-0.4,4
hospital,10,0.4694541344903692,-0.5,5
hospital,10,0.46992211475481305,-0.6,6
hospital,10,0.24175913958548945,-0.6,6
hospital,10,0.5422684587046469,-0.3,3
hospital,10,0.6623992294064142,-0.1,1
hospital,10,0.5422684587046469,-0.4,4
hospital,10,0.6086948858179753,-0.1,1
hospital,10,0.5742552604116484,-0.3,3
hospital,10,0.6090400455538584,-0.2,2
hospital,10,0.26303652729247295,-0.5,5
hospital,10,0.5202376749670268,-0.6,6
hospital,10,0.5422684587046469,-0.4,4
hospital,10,0.6086948858179753,-0.6,6
hospital,10,0.6623992294064142,-0.1,1
hospital,10,0.5422684587046469,-0.4,4
hospital,10,0.6623992294064142,-0.2,2
hospital,10,0.5468475106079831,-0.4,4
hospital,10,0.385599188513301,-0.5,5
hospital,10,0.5468475106079831,-0.4,4
hospital,10,0.5422684587046469,-0.3,3
hospital,10,0.6090400455538584,-0.3,3
hospital,10,0.3764851312661076,-0.4,4
hospital,10,0.5065292841479625,-0.5,5
hospital,10,0.3764851312661076,-0.6,6
hospital,10,0.37644887911807723,-0.5,5
hospital,10,0.5422684587046469,-0.4,4
hospital,10,0.3166049127277152,-0.6,6
hospital,10,0.5065292841479625,-0.6,6
hospital,10,0.5422684587046469,-0.2,2
hospital,10,0.6090400455538584,-0.3,3
hospital,10,0.5742552604116484,-0.4,4
hospital,10,0.4694541344903692,-0.4,4
hospital,10,0.6090400455538584,-0.3,3
hospital,10,0.3764851312661076,-0.3,3
hospital,10,0.6623992294064142,-0.2,2
hospital,10,0.6623992294064142,-0.2,2
hospital,10,0.37644887911807723,-0.4,4
hospital,10,0.5107698719387217,-0.8,8
hospital,10,0.5468475106079831,-0.4,4
hospital,10,0.46992211475481305,-0.4,4
hospital,10,0.5065005929742044,-0.4,4
hospital,10,0.6090400455538584,-0.3,3
hospital,10,0.385599188513301,-0.5,5
hospital,10,0.6090400455538584,-0.4,4
hospital,10,0.385599188513301,-0.6,6
hospital,10,0.2629936790618288,-0.6,6
hospital,10,0.5742305069340705,-0.2,2
hospital,10,0.6086948858179753,-0.3,3
hospital,10,0.5860822545816282,-0.3,3
hospital,10,0.385599188513301,-0.3,3
hospital,10,0.4694541344903692,-0.4,4
adult,10,0.395391227220634,-0.3333333333333333,4
adult,10,0.11471011146332122,-0.5,6
adult,10,0.395391227220634,-0.3333333333333333,4
adult,10,0.2039672171693344,-0.3333333333333333,4
adult,10,0.08225993585699454,-0.6666666666666666,8
adult,10,0.11927152773640248,-0.25,3
adult,10,0.395391227220634,-0.3333333333333333,4
adult,10,0.17085424768265522,-0.3333333333333333,4
adult,10,0.07204008838941911,-0.5,6
adult,10,0.35899251776501295,-0.5,6
adult,10,0.3420631686988853,-0.25,3
adult,10,0.48390655849303243,-0.3333333333333333,4
adult,10,0.38036283589466935,-0.3333333333333333,4
adult,10,0.07956097853716526,-0.75,9
adult,10,0.2726821726489278,-0.25,3
adult,10,0.2726821726489278,-0.3333333333333333,4
adult,10,0.264807075177372,-0.4166666666666667,5
adult,10,0.396029780856501,-0.16666666666666666,2
adult,10,0.395391227220634,-0.16666666666666666,2
adult,10,0.4597782854988285,-0.08333333333333333,1
adult,10,0.11471011146332122,-0.4166666666666667,5
adult,10,0.2329977235019759,-0.3333333333333333,4
adult,10,0.396029780856501,-0.3333333333333333,4
adult,10,0.3873413505738017,-0.25,3
adult,10,0.07960867680143258,-0.5833333333333334,7
adult,10,0.12006099382548652,-0.3333333333333333,4
adult,10,0.4406388896832574,-0.25,3
adult,10,0.4325921849686901,-0.3333333333333333,4
adult,10,0.018323716691423297,-0.5833333333333334,7
adult,10,0.49122554744404323,-0.16666666666666666,2
adult,10,0.364697551973022,-0.3333333333333333,4
adult,10,0.31929088353605695,-0.5,6
adult,10,0.35899251776501295,-0.5,6
adult,10,0.19170797853579458,-0.4166666666666667,5
adult,10,0.12028407635014537,-0.3333333333333333,4
adult,10,0.01747947835964203,-0.5833333333333334,7
adult,10,0.20036608478191653,-0.16666666666666666,2
adult,10,0.48390655849303243,-0.16666666666666666,2
adult,10,0.45177462637610255,-0.25,3
adult,10,0.15208485789158066,-0.6666666666666666,8
adult,10,0.35802046232383233,-0.4166666666666667,5
adult,10,0.4199947253310894,-0.16666666666666666,2
adult,10,0.4199947253310894,-0.08333333333333333,1
adult,10,0.35869848485078126,-0.25,3
adult,10,0.08885561135193121,-0.5,6
adult,10,0.09010807565150813,-0.5833333333333334,7
adult,10,0.1201070331854045,-0.5833333333333334,7
adult,10,0.09199866320537664,-0.5833333333333334,7
adult,10,0.0774344949388257,-0.5,6
adult,10,0.12614097906861887,-0.5,6
adult,10,0.07559584286413512,-0.5,6
adult,10,0.395391227220634,-0.16666666666666666,2
adult,10,0.1813856085309703,-0.5833333333333334,7
adult,10,0.17085424768265522,-0.3333333333333333,4
adult,10,0.006707805661255728,-0.5833333333333334,7
adult,10,0.3873413505738017,-0.4166666666666667,5
adult,10,0.03538192570136878,-0.5833333333333334,7
adult,10,0.2726821726489278,-0.16666666666666666,2
adult,10,0.26016440275747366,-0.25,3
adult,10,0.23849378149221334,-0.4166666666666667,5
adult,10,0.2726821726489278,-0.16666666666666666,2
adult,10,0.1349492663536822,-0.16666666666666666,2
adult,10,0.3409179523082644,-0.25,3
adult,10,0.3292287010688275,-0.5833333333333334,7
adult,10,0.36960830881915396,-0.16666666666666666,2
adult,10,0.25055449606808733,-0.3333333333333333,4
adult,10,0.18660369237011787,-0.4166666666666667,5
adult,10,0.17085424768265522,-0.5,6
adult,10,0.28278882826151164,-0.25,3
adult,10,0.07698315422113966,-0.5,6
adult,10,0.35707970972751135,-0.25,3
adult,10,0.135682350389002,-0.5,6
adult,10,0.20036608478191653,-0.3333333333333333,4
adult,10,0.14812295795010155,-0.4166666666666667,5
adult,10,0.3841446984469006,-0.25,3
adult,10,0.3841446984469006,-0.25,3
adult,10,0.1823431574809593,-0.5833333333333334,7
adult,10,0.396029780856501,-0.3333333333333333,4
adult,10,0.3873413505738017,-0.4166666666666667,5
adult,10,0.07559584286413512,-0.5833333333333334,7
adult,10,0.20375348447597397,-0.5,6
adult,10,0.35802046232383233,-0.4166666666666667,5
adult,10,0.49122554744404323,-0.08333333333333333,1
adult,10,0.14812295795010155,-0.3333333333333333,4
adult,10,0.3532982626743343,-0.3333333333333333,4
adult,10,0.40940983353048355,-0.4166666666666667,5
adult,10,0.12964246975491212,-0.3333333333333333,4
adult,10,0.17680584719048809,-0.5,6
adult,10,0.08089777707595014,-0.4166666666666667,5
adult,10,0.48390655849303243,-0.08333333333333333,1
adult,10,0.04128606673762181,-0.4166666666666667,5
adult,10,0.1079710119035775,-0.4166666666666667,5
adult,10,0.14812295795010155,-0.25,3
adult,10,0.07635323273197958,-0.4166666666666667,5
adult,10,0.396029780856501,-0.16666666666666666,2
adult,10,0.2847561376204212,-0.3333333333333333,4
adult,10,0.49122554744404323,-0.25,3
adult,10,0.09199866320537664,-0.5833333333333334,7
adult,10,0.34118770848896307,-0.5,6
adult,10,0.2522506170721077,-0.5833333333333334,7
flight,10,0.13514845205100667,-0.46153846153846156,6
flight,10,0.12744625720955838,-0.46153846153846156,6
flight,10,0.17632192147614734,-0.5384615384615384,7
flight,10,0.12744625720955838,-0.5384615384615384,7
flight,10,0.1222736628243225,-0.6923076923076923,9
flight,10,0.12744625720955838,-0.5384615384615384,7
flight,10,0.17632192147614734,-0.5384615384615384,7
flight,10,0.1689864093151694,-0.3076923076923077,4
flight,10,0.1689864093151694,-0.38461538461538464,5
flight,10,0.18731339092272992,-0.6153846153846154,8
flight,10,0.13514845205100667,-0.5384615384615384,7
flight,10,0.17632192147614734,-0.46153846153846156,6
flight,10,0.1689864093151694,-0.46153846153846156,6
flight,10,0.1689864093151694,-0.6153846153846154,8
flight,10,0.1689864093151694,-0.46153846153846156,6
flight,10,0.1689864093151694,-0.5384615384615384,7
flight,10,0.1222736628243225,-0.6153846153846154,8
flight,10,0.12744625720955838,-0.6153846153846154,8
flight,10,0.18094116044347042,-0.3076923076923077,4
flight,10,0.1689864093151694,-0.46153846153846156,6
flight,10,0.17364678630049102,-0.46153846153846156,6
flight,10,0.12744625720955838,-0.46153846153846156,6
flight,10,0.18094116044347042,-0.6153846153846154,8
flight,10,0.1689864093151694,-0.5384615384615384,7
flight,10,0.1222736628243225,-0.6923076923076923,9
flight,10,0.13818569520024426,-0.6923076923076923,9
flight,10,0.1689864093151694,-0.46153846153846156,6
flight,10,0.13818569520024426,-0.38461538461538464,5
flight,10,0.13514845205100667,-0.46153846153846156,6
flight,10,0.17632192147614734,-0.38461538461538464,5
flight,10,0.2455785165522859,-0.6153846153846154,8
flight,10,0.12744625720955838,-0.6153846153846154,8
flight,10,0.12744625720955838,-0.6153846153846154,8
flight,10,0.13818569520024426,-0.6923076923076923,9
flight,10,0.1689864093151694,-0.46153846153846156,6
flight,10,0.2455785165522859,-0.46153846153846156,6
flight,10,0.1795568145804678,-0.5384615384615384,7
flight,10,0.13514845205100667,-0.46153846153846156,6
flight,10,0.13818569520024426,-0.5384615384615384,7
flight,10,0.18094116044347042,-0.5384615384615384,7
flight,10,0.18094116044347042,-0.38461538461538464,5
flight,10,0.17632192147614734,-0.46153846153846156,6
flight,10,0.12744625720955838,-0.46153846153846156,6
flight,10,0.1689864093151694,-0.5384615384615384,7
flight,10,0.18094116044347042,-0.5384615384615384,7
flight,10,0.11960338386169278,-0.6153846153846154,8
flight,10,0.24980936013667854,-0.46153846153846156,6
flight,10,0.24980936013667854,-0.38461538461538464,5
flight,10,0.17632192147614734,-0.46153846153846156,6
flight,10,0.13514845205100667,-0.46153846153846156,6
flight,10,0.1689864093151694,-0.38461538461538464,5
flight,10,0.17632192147614734,-0.38461538461538464,5
flight,10,0.13514845205100667,-0.5384615384615384,7
flight,10,0.13818569520024426,-0.5384615384615384,7
flight,10,0.13514845205100667,-0.38461538461538464,5
flight,10,0.13514845205100667,-0.38461538461538464,5
flight,10,0.2455785165522859,-0.6923076923076923,9
flight,10,0.18094116044347042,-0.23076923076923078,3
flight,10,0.17364678630049102,-0.5384615384615384,7
flight,10,0.13514845205100667,-0.5384615384615384,7
flight,10,0.17632192147614734,-0.38461538461538464,5
flight,10,0.1222736628243225,-0.46153846153846156,6
flight,10,0.11650065212924676,-0.5384615384615384,7
flight,10,0.13051054943857365,-0.6153846153846154,8
flight,10,0.17632192147614734,-0.46153846153846156,6
flight,10,0.1689864093151694,-0.5384615384615384,7
flight,10,0.18094116044347042,-0.38461538461538464,5
flight,10,0.17632192147614734,-0.3076923076923077,4
flight,10,0.23553045167227926,-0.46153846153846156,6
flight,10,0.13514845205100667,-0.6153846153846154,8
flight,10,0.2455785165522859,-0.6153846153846154,8
flight,10,0.13818569520024426,-0.6153846153846154,8
flight,10,0.17632192147614734,-0.3076923076923077,4
flight,10,0.12744625720955838,-0.5384615384615384,7
flight,10,0.18094116044347042,-0.5384615384615384,7
flight,10,0.13051054943857365,-0.6923076923076923,9
flight,10,0.18094116044347042,-0.38461538461538464,5
flight,10,0.12744625720955838,-0.46153846153846156,6
flight,10,0.13818569520024426,-0.38461538461538464,5
flight,10,0.1689864093151694,-0.38461538461538464,5
flight,10,0.1689864093151694,-0.38461538461538464,5
flight,10,0.17632192147614734,-0.3076923076923077,4
flight,10,0.1689864093151694,-0.3076923076923077,4
flight,10,0.13514845205100667,-0.38461538461538464,5
flight,10,0.13514845205100667,-0.38461538461538464,5
flight,10,0.12744625720955838,-0.6923076923076923,9
flight,10,0.1689864093151694,-0.38461538461538464,5
flight,10,0.17632192147614734,-0.46153846153846156,6
flight,10,0.18094116044347042,-0.5384615384615384,7
flight,10,0.17632192147614734,-0.46153846153846156,6
flight,10,0.13514845205100667,-0.6923076923076923,9
flight,10,0.12744625720955838,-0.46153846153846156,6
flight,10,0.1689864093151694,-0.5384615384615384,7
flight,10,0.2455785165522859,-0.6153846153846154,8
flight,10,0.1689864093151694,-0.3076923076923077,4
flight,10,0.1689864093151694,-0.46153846153846156,6
flight,10,0.17632192147614734,-0.38461538461538464,5
flight,10,0.18094116044347042,-0.3076923076923077,4
flight,10,0.1689864093151694,-0.46153846153846156,6
flight,10,0.1689864093151694,-0.46153846153846156,6
tax,10,0.5548418449270073,-0.3333333333333333,1
tax,10,0.5548418449270073,-0.3333333333333333,1
tax,10,0.5548418449270073,-0.3333333333333333,1
tax,10,0.5548418449270073,-0.3333333333333333,1
tax,10,0.5548418449270073,-0.0,0
tax,10,0.5548418449270073,-0.0,0
tax,10,0.5548418449270073,-0.3333333333333333,1
tax,10,0.2290091161470067,-0.6666666666666666,2
tax,10,0.5548418449270073,-0.3333333333333333,1
tax,10,0.5548418449270073,-0.0,0
tax,10,0.5548418449270073,-0.3333333333333333,1
tax,10,0.5548418449270073,-0.6666666666666666,2
tax,10,0.5548418449270073,-0.3333333333333333,1
tax,10,0.2290091161470067,-0.6666666666666666,2
tax,10,0.0,-1.0,3
tax,10,0.5548418449270073,-0.0,0
tax,10,0.5548418449270073,-0.6666666666666666,2
tax,10,0.5548418449270073,-0.0,0
tax,10,0.5548418449270073,-0.6666666666666666,2
tax,10,0.3057912208405609,-0.6666666666666666,2
tax,10,0.5548418449270073,-0.0,0
tax,10,0.3057912208405609,-0.3333333333333333,1
tax,10,0.5548418449270073,-0.3333333333333333,1
tax,10,0.5548418449270073,-0.0,0
tax,10,0.5548418449270073,-0.3333333333333333,1
tax,10,0.5548418449270073,-0.0,0
tax,10,0.5548418449270073,-0.6666666666666666,2
tax,10,0.3057912208405609,-0.6666666666666666,2
tax,10,0.5548418449270073,-0.0,0
tax,10,0.5548418449270073,-0.3333333333333333,1
tax,10,0.2290091161470067,-0.6666666666666666,2
tax,10,0.5548418449270073,-0.6666666666666666,2
tax,10,0.5548418449270073,-0.6666666666666666,2
tax,10,0.5548418449270073,-0.0,0
tax,10,0.2290091161470067,-0.6666666666666666,2
tax,10,0.5548418449270073,-0.0,0
tax,10,0.5548418449270073,-0.3333333333333333,1
tax,10,0.3057912208405609,-0.3333333333333333,1
tax,10,0.3057912208405609,-0.3333333333333333,1
tax,10,0.5548418449270073,-0.0,0
tax,10,0.3057912208405609,-0.3333333333333333,1
tax,10,0.3057912208405609,-0.3333333333333333,1
tax,10,0.5548418449270073,-0.3333333333333333,1
tax,10,0.5548418449270073,-0.3333333333333333,1
tax,10,0.5548418449270073,-0.6666666666666666,2
tax,10,0.3057912208405609,-0.3333333333333333,1
tax,10,0.5548418449270073,-0.3333333333333333,1
tax,10,0.2290091161470067,-0.6666666666666666,2
tax,10,0.2290091161470067,-0.6666666666666666,2
tax,10,0.5548418449270073,-0.0,0
tax,10,0.3057912208405609,-0.6666666666666666,2
tax,10,0.5548418449270073,-0.3333333333333333,1
tax,10,0.5548418449270073,-0.6666666666666666,2
tax,10,0.5548418449270073,-0.0,0
tax,10,0.3057912208405609,-0.6666666666666666,2
tax,10,0.5548418449270073,-0.0,0
tax,10,0.5548418449270073,-0.3333333333333333,1
tax,10,0.5548418449270073,-0.3333333333333333,1
tax,10,0.5548418449270073,-0.3333333333333333,1
tax,10,0.5548418449270073,-0.3333333333333333,1
tax,10,0.5548418449270073,-0.0,0
tax,10,0.5548418449270073,-0.3333333333333333,1
tax,10,0.0,-1.0,3
tax,10,0.5548418449270073,-0.3333333333333333,1
tax,10,0.3057912208405609,-0.3333333333333333,1
tax,10,0.2290091161470067,-0.6666666666666666,2
tax,10,0.5548418449270073,-0.3333333333333333,1
tax,10,0.5548418449270073,-0.3333333333333333,1
tax,10,0.3057912208405609,-0.6666666666666666,2
tax,10,0.5548418449270073,-0.3333333333333333,1
tax,10,0.5548418449270073,-0.6666666666666666,2
tax,10,0.5548418449270073,-0.0,0
tax,10,0.5548418449270073,-0.3333333333333333,1
tax,10,0.5548418449270073,-0.0,0
tax,10,0.5548418449270073,-0.3333333333333333,1
tax,10,0.3057912208405609,-0.3333333333333333,1
tax,10,0.5548418449270073,-0.3333333333333333,1
tax,10,0.5548418449270073,-0.3333333333333333,1
tax,10,0.3057912208405609,-0.6666666666666666,2
tax,10,0.5548418449270073,-0.0,0
tax,10,0.0,-1.0,3
tax,10,0.3057912208405609,-0.3333333333333333,1
tax,10,0.5548418449270073,-0.0,0
tax,10,0.2290091161470067,-0.6666666666666666,2
tax,10,0.5548418449270073,-0.0,0
tax,10,0.5548418449270073,-0.3333333333333333,1
tax,10,0.5548418449270073,-0.3333333333333333,1
tax,10,0.3057912208405609,-0.6666666666666666,2
tax,10,0.5548418449270073,-0.6666666666666666,2
tax,10,0.5548418449270073,-0.3333333333333333,1
tax,10,0.3057912208405609,-0.3333333333333333,1
tax,10,0.5548418449270073,-0.0,0
tax,10,0.5548418449270073,-0.3333333333333333,1
tax,10,0.5548418449270073,-0.3333333333333333,1
tax,10,0.5548418449270073,-0.3333333333333333,1
tax,10,0.5548418449270073,-0.0,0
tax,10,0.5548418449270073,-0.3333333333333333,1
tax,10,0.0,-1.0,3
tax,10,0.5548418449270073,-0.0,0
tax,10,0.5548418449270073,-0.3333333333333333,1
