dataset,lambda,leakage,utility,mask_size
airport,1000,0.03592524660768637,-0.16666666666666666,1
airport,1000,0.22337399647872114,-0.3333333333333333,2
airport,1000,0.22337399647872114,-0.0,0
airport,1000,0.051126318247808444,-0.16666666666666666,1
airport,1000,0.03592524660768637,-0.16666666666666666,1
airport,1000,0.051126318247808444,-0.16666666666666666,1
airport,1000,0.03592524660768637,-0.3333333333333333,2
airport,1000,0.06016840572859605,-0.5,3
airport,1000,0.008222647309668152,-0.3333333333333333,2
airport,1000,0.22337399647872114,-0.3333333333333333,2
airport,1000,0.22337399647872114,-0.16666666666666666,1
airport,1000,0.22337399647872114,-0.0,0
airport,1000,0.05853885744745513,-0.5,3
airport,1000,0.051126318247808444,-0.3333333333333333,2
airport,1000,0.22337399647872114,-0.16666666666666666,1
airport,1000,0.051126318247808444,-0.3333333333333333,2
airport,1000,0.003609042830710618,-0.8333333333333334,5
airport,1000,0.06016840572859605,-0.5,3
airport,1000,0.22337399647872114,-0.3333333333333333,2
airport,1000,0.05010955345870127,-0.3333333333333333,2
airport,1000,0.22337399647872114,-0.16666666666666666,1
airport,1000,0.22337399647872114,-0.16666666666666666,1
airport,1000,0.03592524660768637,-0.16666666666666666,1
airport,1000,0.03592524660768637,-0.16666666666666666,1
airport,1000,0.03592524660768637,-0.5,3
airport,1000,0.051126318247808444,-0.6666666666666666,4
airport,1000,0.008222647309668152,-0.6666666666666666,4
airport,1000,0.22337399647872114,-0.16666666666666666,1
airport,1000,0.22337399647872114,-0.3333333333333333,2
airport,1000,0.03592524660768637,-0.5,3
airport,1000,0.008222647309668152,-0.6666666666666666,4
airport,1000,0.05853885744745513,-0.6666666666666666,4
airport,1000,0.22337399647872114,-0.3333333333333333,2
airport,1000,0.051126318247808444,-0.3333333333333333,2
airport,1000,0.008222647309668152,-0.5,3
airport,1000,0.03592524660768637,-0.5,3
airport,1000,0.051126318247808444,-0.16666666666666666,1
airport,1000,0.22337399647872114,-0.5,3
airport,1000,0.22337399647872114,-0.0,0
airport,1000,0.22337399647872114,-0.5,3
airport,1000,0.22337399647872114,-0.16666666666666666,1
airport,1000,0.008222647309668152,-0.5,3
airport,1000,0.051126318247808444,-0.3333333333333333,2
airport,1000,0.22337399647872114,-0.3333333333333333,2
airport,1000,0.008222647309668152,-0.5,3
airport,1000,0.06016840572859605,-0.3333333333333333,2
airport,1000,0.0096768865126029,-0.6666666666666666,4
airport,1000,0.03592524660768637,-0.3333333333333333,2
airport,1000,0.22337399647872114,-0.0,0
airport,1000,0.003609042830710618,-0.8333333333333334,5
airport,1000,0.22337399647872114,-0.3333333333333333,2
airport,1000,0.22337399647872114,-0.16666666666666666,1
airport,1000,0.22337399647872114,-0.16666666666666666,1
airport,1000,0.22337399647872114,-0.3333333333333333,2
airport,1000,0.22337399647872114,-0.0,0
airport,1000,0.22337399647872114,-0.3333333333333333,2
airport,1000,0.05010955345870127,-0.6666666666666666,4
airport,1000,0.22337399647872114,-0.0,0
airport,1000,0.22337399647872114,-0.3333333333333333,2
airport,1000,0.22337399647872114,-0.5,3
airport,1000,0.22337399647872114,-0.3333333333333333,2
airport,1000,0.06016840572859605,-0.6666666666666666,4
airport,1000,0.22337399647872114,-0.6666666666666666,4
airport,1000,0.05010955345870127,-0.3333333333333333,2
airport,1000,0.03592524660768637,-0.3333333333333333,2
airport,1000,0.051126318247808444,-0.3333333333333333,2
airport,1000,0.03592524660768637,-0.3333333333333333,2
airport,1000,0.22337399647872114,-0.5,3
airport,1000,0.22337399647872114,-0.3333333333333333,2
airport,1000,0.03592524660768637,-0.5,3
airport,1000,0.03592524660768637,-0.3333333333333333,2
airport,1000,0.008222647309668152,-0.5,3
airport,1000,0.03592524660768637,-0.6666666666666666,4
airport,1000,0.22337399647872114,-0.0,0
airport,1000,0.0,-0.6666666666666666,4
airport,1000,0.03592524660768637,-0.5,3
airport,1000,0.03592524660768637,-0.5,3
airport,1000,0.22337399647872114,-0.16666666666666666,1
airport,1000,0.06016840572859605,-0.3333333333333333,2
airport,1000,0.22337399647872114,-0.3333333333333333,2
airport,1000,0.0,-0.6666666666666666,4
airport,1000,0.03592524660768637,-0.6666666666666666,4
airport,1000,0.051126318247808444,-0.16666666666666666,1
airport,1000,0.03592524660768637,-0.3333333333333333,2
airport,1000,0.03592524660768637,-0.16666666666666666,1
airport,1000,0.22337399647872114,-0.0,0
airport,1000,0.051126318247808444,-0.3333333333333333,2
airport,1000,0.003609042830710618,-0.8333333333333334,5
airport,1000,0.22337399647872114,-0.16666666666666666,1
airport,1000,0.22337399647872114,-0.16666666666666666,1
airport,1000,0.03592524660768637,-0.5,3
airport,1000,0.06016840572859605,-0.3333333333333333,2
airport,1000,0.013497595919447658,-0.6666666666666666,4
airport,1000,0.22337399647872114,-0.16666666666666666,1
airport,1000,0.0096768865126029,-0.5,3
airport,1000,0.22337399647872114,-0.0,0
airport,1000,0.22337399647872114,-0.5,3
airport,1000,0.06016840572859605,-0.6666666666666666,4
airport,1000,0.03592524660768637,-0.3333333333333333,2
airport,1000,0.22337399647872114,-0.0,0
hospital,1000,0.6086948858179753,-0.3,3
hospital,1000,0.5468475106079831,-0.5,5
hospital,1000,0.385599188513301,-0.5,5
hospital,1000,0.6086948858179753,-0.2,2
hospital,1000,0.6090400455538584,-0.4,4
hospital,1000,0.261836400724347,-0.5,5
hospital,1000,0.5742305069340705,-0.3,3
hospital,1000,0.24175913958548945,-0.7,7
hospital,1000,0.6623992294064142,-0.5,5
hospital,1000,0.5742552604116484,-0.3,3
hospital,1000,0.4967909547833075,-0.4,4
hospital,1000,0.3166049127277152,-0.6,6
hospital,1000,0.5065292841479625,-0.2,2
hospital,1000,0.5422684587046469,-0.4,4
hospital,1000,0.5065292841479625,-0.4,4
hospital,1000,0.5468475106079831,-0.5,5
hospital,1000,0.385599188513301,-0.4,4
hospital,1000,0.4694541344903692,-0.4,4
hospital,1000,0.26187931623708605,-0.3,3
hospital,1000,0.6623992294064142,-0.2,2
hospital,1000,0.6623992294064142,-0.4,4
hospital,1000,0.6086948858179753,-0.4,4
hospital,1000,0.5468475106079831,-0.4,4
hospital,1000,0.6090400455538584,-0.2,2
hospital,1000,0.6086948858179753,-0.3,3
hospital,1000,0.5422684587046469,-0.3,3
hospital,1000,0.6090400455538584,-0.3,3
hospital,1000,0.5065292841479625,-0.4,4
hospital,1000,0.5468475106079831,-0.6,6
hospital,1000,0.46992211475481305,-0.3,3
hospital,1000,0.6623992294064142,-0.3,3
hospital,1000,0.5742552604116484,-0.2,2
hospital,1000,0.385599188513301,-0.3,3
hospital,1000,0.49676169740756204,-0.3,3
hospital,1000,0.5422684587046469,-0.2,2
hospital,1000,0.6090400455538584,-0.3,3
hospital,1000,0.26187931623708605,-0.7,7
hospital,1000,0.385599188513301,-0.7,7
hospital,1000,0.5468475106079831,-0.5,5
hospital,1000,0.5065292841479625,-0.3,3
hospital,1000,0.24315756576632586,-0.7,7
hospital,1000,0.5422684587046469,-0.4,4
hospital,1000,0.6090400455538584,-0.5,5
hospital,1000,0.46992211475481305,-0.4,4
hospital,1000,0.4694541344903692,-0.5,5
hospital,1000,0.6623992294064142,-0.2,2
hospital,1000,0.4967909547833075,-0.2,2
hospital,1000,0.5422684587046469,-0.2,2
hospital,1000,0.6623992294064142,-0.4,4
hospital,1000,0.37644887911807723,-0.5,5
hospital,1000,0.26303652729247295,-0.5,5
hospital,1000,0.26187931623708605,-0.3,3
hospital,1000,0.5742552604116484,-0.4,4
hospital,1000,0.6623992294064142,-0.2,2
hospital,1000,0.5468475106079831,-0.4,4
hospital,1000,0.5065292841479625,-0.4,4
hospital,1000,0.5468475106079831,-0.3,3
hospital,1000,0.5742552604116484,-0.2,2
hospital,1000,0.5202376749670268,-0.6,6
hospital,1000,0.5422684587046469,-0.4,4
hospital,1000,0.5742552604116484,-0.5,5
hospital,1000,0.5422684587046469,-0.3,3
hospital,1000,0.385599188513301,-0.5,5
hospital,1000,0.5468475106079831,-0.3,3
hospital,1000,0.46992211475481305,-0.4,4
hospital,1000,0.46992211475481305,-0.6,6
hospital,1000,0.5422684587046469,-0.5,5
hospital,1000,0.5065292841479625,-0.3,3
hospital,1000,0.6623992294064142,-0.2,2
hospital,1000,0.5422684587046469,-0.3,3
hospital,1000,0.49676169740756204,-0.4,4
hospital,1000,0.5422684587046469,-0.5,5
hospital,1000,0.6086948858179753,-0.5,5
hospital,1000,0.5742552604116484,-0.2,2
hospital,1000,0.5468475106079831,-0.7,7
hospital,1000,0.6090400455538584,-0.2,2
hospital,1000,0.5468475106079831,-0.3,3
hospital,1000,0.5422684587046469,-0.3,3
hospital,1000,0.5065005929742044,-0.4,4
hospital,1000,0.42853421735144903,-0.4,4
hospital,1000,0.6090400455538584,-0.2,2
hospital,1000,0.6086948858179753,-0.3,3
hospital,1000,0.6623992294064142,-0.1,1
hospital,1000,0.5860822545816282,-0.4,4
hospital,1000,0.6623992294064142,-0.3,3
hospital,1000,0.6623992294064142,-0.2,2
hospital,1000,0.46992211475481305,-0.5,5
hospital,1000,0.6086948858179753,-0.3,3
hospital,1000,0.26187931623708605,-0.5,5
hospital,1000,0.5065005929742044,-0.3,3
hospital,1000,0.385599188513301,-0.8,8
hospital,1000,0.5422684587046469,-0.3,3
hospital,1000,0.6623992294064142,-0.1,1
hospital,1000,0.6086948858179753,-0.4,4
hospital,1000,0.4967909547833075,-0.3,3
hospital,1000,0.6086948858179753,-0.3,3
hospital,1000,0.4967909547833075,-0.4,4
hospital,1000,0.4694541344903692,-0.5,5
hospital,1000,0.42853421735144903,-0.3,3
hospital,1000,0.2629936790618288,-0.6,6
adult,1000,0.13560492711125438,-0.5833333333333334,7
adult,1000,0.3409179523082644,-0.3333333333333333,4
adult,1000,0.378659399572999,-0.25,3
adult,1000,0.3873413505738017,-0.25,3
adult,1000,0.0774344949388257,-0.4166666666666667,5
adult,1000,0.396029780856501,-0.25,3
adult,1000,0.49122554744404323,-0.16666666666666666,2
adult,1000,0.40606487506886946,-0.25,3
adult,1000,0.13560492711125438,-0.5,6
adult,1000,0.364697551973022,-0.25,3
adult,1000,0.443789132193782,-0.16666666666666666,2
adult,1000,0.2619944952694371,-0.25,3
adult,1000,0.17085424768265522,-0.25,3
adult,1000,0.05992243605806136,-0.6666666666666666,8
adult,1000,0.18660369237011787,-0.5,6
adult,1000,0.11471011146332122,-0.5,6
adult,1000,0.12109595070347001,-0.4166666666666667,5
adult,1000,0.36960830881915396,-0.4166666666666667,5
adult,1000,0.11023352473050418,-0.5833333333333334,7
adult,1000,0.38715465280892436,-0.25,3
adult,1000,0.31977428651037687,-0.5833333333333334,7
adult,1000,0.49122554744404323,-0.08333333333333333,1
adult,1000,0.28278882826151164,-0.25,3
adult,1000,0.060573205008020437,-0.6666666666666666,8
adult,1000,0.135682350389002,-0.5,6
adult,1000,0.35553545402526254,-0.25,3
adult,1000,0.395391227220634,-0.4166666666666667,5
adult,1000,0.1289225242190829,-0.5833333333333334,7
adult,1000,0.060047381316367,-0.6666666666666666,8
adult,1000,0.05148687950698283,-0.5,6
adult,1000,0.49122554744404323,-0.08333333333333333,1
adult,1000,0.38715465280892436,-0.3333333333333333,4
adult,1000,0.35802046232383233,-0.3333333333333333,4
adult,1000,0.3204921451450937,-0.5,6
adult,1000,0.09822330773503263,-0.25,3
adult,1000,0.019770039306679976,-0.6666666666666666,8
adult,1000,0.09199866320537664,-0.3333333333333333,4
adult,1000,0.4199947253310894,-0.16666666666666666,2
adult,1000,0.443789132193782,-0.25,3
adult,1000,0.09007293516492854,-0.4166666666666667,5
adult,1000,0.4199947253310894,-0.3333333333333333,4
adult,1000,0.09199866320537664,-0.5,6
adult,1000,0.49122554744404323,-0.3333333333333333,4
adult,1000,0.395391227220634,-0.25,3
adult,1000,0.4199947253310894,-0.16666666666666666,2
adult,1000,0.08188660629519728,-0.4166666666666667,5
adult,1000,0.11985425397882787,-0.4166666666666667,5
adult,1000,0.396029780856501,-0.3333333333333333,4
adult,1000,0.22237564949195254,-0.5,6
adult,1000,0.16226468963732055,-0.4166666666666667,5
adult,1000,0.4199947253310894,-0.4166666666666667,5
adult,1000,0.09822330773503263,-0.25,3
adult,1000,0.2647190336348082,-0.4166666666666667,5
adult,1000,0.34983921267950746,-0.25,3
adult,1000,0.06606135087477161,-0.5833333333333334,7
adult,1000,0.15662894254159787,-0.3333333333333333,4
adult,1000,0.12174296261774753,-0.5,6
adult,1000,0.43561581086639223,-0.3333333333333333,4
adult,1000,0.1798304141080278,-0.5,6
adult,1000,0.4597782854988285,-0.25,3
adult,1000,0.35707970972751135,-0.4166666666666667,5
adult,1000,0.38715465280892436,-0.4166666666666667,5
adult,1000,0.08081648706929301,-0.5,6
adult,1000,0.2726821726489278,-0.3333333333333333,4
adult,1000,0.2726821726489278,-0.4166666666666667,5
adult,1000,0.08885561135193121,-0.3333333333333333,4
adult,1000,0.26733049635846484,-0.3333333333333333,4
adult,1000,0.28278882826151164,-0.25,3
adult,1000,0.34118770848896307,-0.5,6
adult,1000,0.07338135581406857,-0.5,6
adult,1000,0.3832231485142924,-0.3333333333333333,4
adult,1000,0.25055449606808733,-0.3333333333333333,4
adult,1000,0.254003676035066,-0.5,6
adult,1000,0.07338135581406857,-0.4166666666666667,5
adult,1000,0.35087209708162914,-0.4166666666666667,5
adult,1000,0.06600256526198245,-0.5833333333333334,7
adult,1000,0.11789138276656375,-0.5,6
adult,1000,0.26221932193872965,-0.3333333333333333,4
adult,1000,0.4597782854988285,-0.16666666666666666,2
adult,1000,0.12964246975491212,-0.25,3
adult,1000,0.3975208049113568,-0.5,6
adult,1000,0.2847561376204212,-0.25,3
adult,1000,0.396029780856501,-0.08333333333333333,1
adult,1000,0.0931854466425972,-0.5,6
adult,1000,0.12250505511270016,-0.3333333333333333,4
adult,1000,0.45200691109182567,-0.3333333333333333,4
adult,1000,0.2039672171693344,-0.3333333333333333,4
adult,1000,0.4199947253310894,-0.16666666666666666,2
adult,1000,0.19789462410125536,-0.3333333333333333,4
adult,1000,0.07522653229073395,-0.5,6
adult,1000,0.07350440736125441,-0.6666666666666666,8
adult,1000,0.3506064661365269,-0.5,6
adult,1000,0.06228601254649213,-0.5833333333333334,7
adult,1000,0.11471011146332122,-0.3333333333333333,4
adult,1000,0.14835650124516653,-0.5,6
adult,1000,0.18886292899071455,-0.3333333333333333,4
adult,1000,0.25391434075327646,-0.5,6
adult,1000,0.3532982626743343,-0.4166666666666667,5
adult,1000,0.3156222907197025,-0.4166666666666667,5
adult,1000,0.34218071549032913,-0.4166666666666667,5
flight,1000,0.2455785165522859,-0.5384615384615384,7
flight,1000,0.13514845205100667,-0.38461538461538464,5
flight,1000,0.1689864093151694,-0.46153846153846156,6
flight,1000,0.13514845205100667,-0.6153846153846154,8
flight,1000,0.2455785165522859,-0.46153846153846156,6
flight,1000,0.13514845205100667,-0.46153846153846156,6
flight,1000,0.17632192147614734,-0.5384615384615384,7
flight,1000,0.18094116044347042,-0.38461538461538464,5
flight,1000,0.12780719243195993,-0.6923076923076923,9
flight,1000,0.13051054943857365,-0.5384615384615384,7
flight,1000,0.1689864093151694,-0.46153846153846156,6
flight,1000,0.13514845205100667,-0.38461538461538464,5
flight,1000,0.13514845205100667,-0.6153846153846154,8
flight,1000,0.12744625720955838,-0.38461538461538464,5
flight,1000,0.12744625720955838,-0.46153846153846156,6
flight,1000,0.24980936013667854,-0.38461538461538464,5
flight,1000,0.17632192147614734,-0.46153846153846156,6
flight,1000,0.12744625720955838,-0.5384615384615384,7
flight,1000,0.1689864093151694,-0.3076923076923077,4
flight,1000,0.18094116044347042,-0.5384615384615384,7
flight,1000,0.1689864093151694,-0.46153846153846156,6
flight,1000,0.18094116044347042,-0.5384615384615384,7
flight,1000,0.13514845205100667,-0.46153846153846156,6
flight,1000,0.17632192147614734,-0.38461538461538464,5
flight,1000,0.17632192147614734,-0.3076923076923077,4
flight,1000,0.1689864093151694,-0.38461538461538464,5
flight,1000,0.17632192147614734,-0.3076923076923077,4
flight,1000,0.11960338386169278,-0.9230769230769231,12
flight,1000,0.13818569520024426,-0.46153846153846156,6
flight,1000,0.13514845205100667,-0.46153846153846156,6
flight,1000,0.2455785165522859,-0.46153846153846156,6
flight,1000,0.1222736628243225,-0.46153846153846156,6
flight,1000,0.12744625720955838,-0.6153846153846154,8
flight,1000,0.1689864093151694,-0.5384615384615384,7
flight,1000,0.17364678630049102,-0.3076923076923077,4
flight,1000,0.17632192147614734,-0.38461538461538464,5
flight,1000,0.23553045167227926,-0.6923076923076923,9
flight,1000,0.13514845205100667,-0.23076923076923078,3
flight,1000,0.13514845205100667,-0.7692307692307693,10
flight,1000,0.13818569520024426,-0.5384615384615384,7
flight,1000,0.1689864093151694,-0.5384615384615384,7
flight,1000,0.1689864093151694,-0.6153846153846154,8
flight,1000,0.17364678630049102,-0.38461538461538464,5
flight,1000,0.13514845205100667,-0.7692307692307693,10
flight,1000,0.24980936013667854,-0.38461538461538464,5
flight,1000,0.1689864093151694,-0.3076923076923077,4
flight,1000,0.1689864093151694,-0.46153846153846156,6
flight,1000,0.13514845205100667,-0.7692307692307693,10
flight,1000,0.1222736628243225,-0.7692307692307693,10
flight,1000,0.13514845205100667,-0.5384615384615384,7
flight,1000,0.17632192147614734,-0.3076923076923077,4
flight,1000,0.1689864093151694,-0.5384615384615384,7
flight,1000,0.18094116044347042,-0.6923076923076923,9
flight,1000,0.24980936013667854,-0.6923076923076923,9
flight,1000,0.13818569520024426,-0.6153846153846154,8
flight,1000,0.17632192147614734,-0.5384615384615384,7
flight,1000,0.12744625720955838,-0.46153846153846156,6
flight,1000,0.18094116044347042,-0.38461538461538464,5
flight,1000,0.13514845205100667,-0.3076923076923077,4
flight,1000,0.13514845205100667,-0.46153846153846156,6
flight,1000,0.13818569520024426,-0.6923076923076923,9
flight,1000,0.1689864093151694,-0.23076923076923078,3
flight,1000,0.12744625720955838,-0.46153846153846156,6
flight,1000,0.18094116044347042,-0.3076923076923077,4
flight,1000,0.13818569520024426,-0.6153846153846154,8
flight,1000,0.1222736628243225,-0.6923076923076923,9
flight,1000,0.24980936013667854,-0.6153846153846154,8
flight,1000,0.18094116044347042,-0.46153846153846156,6
flight,1000,0.13514845205100667,-0.6153846153846154,8
flight,1000,0.1689864093151694,-0.6153846153846154,8
flight,1000,0.24980936013667854,-0.38461538461538464,5
flight,1000,0.12744625720955838,-0.6153846153846154,8
flight,1000,0.17632192147614734,-0.3076923076923077,4
flight,1000,0.1222736628243225,-0.6153846153846154,8
flight,1000,0.12744625720955838,-0.6153846153846154,8
flight,1000,0.12744625720955838,-0.3076923076923077,4
flight,1000,0.17632192147614734,-0.38461538461538464,5
flight,1000,0.12744625720955838,-0.46153846153846156,6
flight,1000,0.1689864093151694,-0.46153846153846156,6
flight,1000,0.12744625720955838,-0.6153846153846154,8
flight,1000,0.12744625720955838,-0.6923076923076923,9
flight,1000,0.1689864093151694,-0.38461538461538464,5
flight,1000,0.13514845205100667,-0.38461538461538464,5
flight,1000,0.13514845205100667,-0.5384615384615384,7
flight,1000,0.17632192147614734,-0.46153846153846156,6
flight,1000,0.12744625720955838,-0.6153846153846154,8
flight,1000,0.1689864093151694,-0.5384615384615384,7
flight,1000,0.24980936013667854,-0.38461538461538464,5
flight,1000,0.17632192147614734,-0.23076923076923078,3
flight,1000,0.1222736628243225,-0.5384615384615384,7
flight,1000,0.1689864093151694,-0.38461538461538464,5
flight,1000,0.23553045167227926,-0.5384615384615384,7
flight,1000,0.13818569520024426,-0.6923076923076923,9
flight,1000,0.24980936013667854,-0.38461538461538464,5
flight,1000,0.13514845205100667,-0.5384615384615384,7
flight,1000,0.17632192147614734,-0.23076923076923078,3
flight,1000,0.11960338386169278,-0.8461538461538461,11
flight,1000,0.17632192147614734,-0.3076923076923077,4
flight,1000,0.17632192147614734,-0.5384615384615384,7
flight,1000,0.24980936013667854,-0.5384615384615384,7
tax,1000,0.5548418449270073,-0.6666666666666666,2
tax,1000,0.0,-1.0,3
tax,1000,0.3057912208405609,-0.6666666666666666,2
tax,1000,0.5548418449270073,-0.3333333333333333,1
tax,1000,0.5548418449270073,-0.3333333333333333,1
tax,1000,0.3057912208405609,-0.3333333333333333,1
tax,1000,0.5548418449270073,-0.0,0
tax,1000,0.5548418449270073,-0.3333333333333333,1
tax,1000,0.5548418449270073,-0.0,0
tax,1000,0.5548418449270073,-0.3333333333333333,1
tax,1000,0.3057912208405609,-0.3333333333333333,1
tax,1000,0.5548418449270073,-0.6666666666666666,2
tax,1000,0.3057912208405609,-0.6666666666666666,2
tax,1000,0.5548418449270073,-0.3333333333333333,1
tax,1000,0.5548418449270073,-0.3333333333333333,1
tax,1000,0.3057912208405609,-0.6666666666666666,2
tax,1000,0.0,-1.0,3
tax,1000,0.5548418449270073,-0.0,0
tax,1000,0.5548418449270073,-0.6666666666666666,2
tax,1000,0.3057912208405609,-0.3333333333333333,1
tax,1000,0.3057912208405609,-0.3333333333333333,1
tax,1000,0.5548418449270073,-0.3333333333333333,1
tax,1000,0.5548418449270073,-0.6666666666666666,2
tax,1000,0.5548418449270073,-0.6666666666666666,2
tax,1000,0.5548418449270073,-0.3333333333333333,1
tax,1000,0.5548418449270073,-0.3333333333333333,1
tax,1000,0.3057912208405609,-0.3333333333333333,1
tax,1000,0.5548418449270073,-0.3333333333333333,1
tax,1000,0.5548418449270073,-0.3333333333333333,1
tax,1000,0.3057912208405609,-0.6666666666666666,2
tax,1000,0.3057912208405609,-0.6666666666666666,2
tax,1000,0.5548418449270073,-0.6666666666666666,2
tax,1000,0.3057912208405609,-0.3333333333333333,1
tax,1000,0.5548418449270073,-0.6666666666666666,2
tax,1000,0.3057912208405609,-0.3333333333333333,1
tax,1000,0.0,-1.0,3
tax,1000,0.2290091161470067,-0.6666666666666666,2
tax,1000,0.5548418449270073,-0.0,0
tax,1000,0.5548418449270073,-0.0,0
tax,1000,0.5548418449270073,-0.0,0
tax,1000,0.5548418449270073,-0.3333333333333333,1
tax,1000,0.5548418449270073,-0.0,0
tax,1000,0.5548418449270073,-0.3333333333333333,1
tax,1000,0.2290091161470067,-0.6666666666666666,2
tax,1000,0.5548418449270073,-0.3333333333333333,1
tax,1000,0.0,-1.0,3
tax,1000,0.5548418449270073,-0.6666666666666666,2
tax,1000,0.5548418449270073,-0.6666666666666666,2
tax,1000,0.3057912208405609,-0.6666666666666666,2
tax,1000,0.5548418449270073,-0.0,0
tax,1000,0.5548418449270073,-0.0,0
tax,1000,0.3057912208405609,-0.3333333333333333,1
tax,1000,0.5548418449270073,-0.0,0
tax,1000,0.5548418449270073,-0.3333333333333333,1
tax,1000,0.2290091161470067,-0.6666666666666666,2
tax,1000,0.5548418449270073,-0.0,0
tax,1000,0.5548418449270073,-0.6666666666666666,2
tax,1000,0.3057912208405609,-0.3333333333333333,1
tax,1000,0.5548418449270073,-0.6666666666666666,2
tax,1000,0.3057912208405609,-0.3333333333333333,1
tax,1000,0.5548418449270073,-0.3333333333333333,1
tax,1000,0.5548418449270073,-0.0,0
tax,1000,0.3057912208405609,-0.6666666666666666,2
tax,1000,0.5548418449270073,-0.3333333333333333,1
tax,1000,0.5548418449270073,-0.0,0
tax,1000,0.5548418449270073,-0.3333333333333333,1
tax,1000,0.5548418449270073,-0.3333333333333333,1
tax,1000,0.5548418449270073,-0.0,0
tax,1000,0.5548418449270073,-0.0,0
tax,1000,0.5548418449270073,-0.0,0
tax,1000,0.5548418449270073,-0.3333333333333333,1
tax,1000,0.2290091161470067,-0.6666666666666666,2
tax,1000,0.2290091161470067,-0.6666666666666666,2
tax,1000,0.5548418449270073,-0.0,0
tax,1000,0.5548418449270073,-0.3333333333333333,1
tax,1000,0.0,-1.0,3
tax,1000,0.0,-1.0,3
tax,1000,0.3057912208405609,-0.3333333333333333,1
tax,1000,0.3057912208405609,-0.3333333333333333,1
tax,1000,0.5548418449270073,-0.3333333333333333,1
tax,1000,0.5548418449270073,-0.3333333333333333,1
tax,1000,0.5548418449270073,-0.3333333333333333,1
tax,1000,0.5548418449270073,-0.3333333333333333,1
tax,1000,0.3057912208405609,-0.3333333333333333,1
tax,1000,0.5548418449270073,-0.0,0
tax,1000,0.5548418449270073,-0.6666666666666666,2
tax,1000,0.5548418449270073,-0.3333333333333333,1
tax,1000,0.5548418449270073,-0.0,0
tax,1000,0.5548418449270073,-0.3333333333333333,1
tax,1000,0.5548418449270073,-0.0,0
tax,1000,0.5548418449270073,-0.0,0
tax,1000,0.5548418449270073,-0.6666666666666666,2
tax,1000,0.5548418449270073,-0.0,0
tax,1000,0.5548418449270073,-0.0,0
tax,1000,0.2290091161470067,-0.6666666666666666,2
tax,1000,0.5548418449270073,-0.3333333333333333,1
tax,1000,0.5548418449270073,-0.3333333333333333,1
tax,1000,0.3057912208405609,-0.6666666666666666,2
tax,1000,0.3057912208405609,-0.6666666666666666,2
tax,1000,0.5548418449270073,-0.6666666666666666,2
