dataset,lambda,leakage,utility,mask_size
airport,100,0.22337399647872114,-0.3333333333333333,2
airport,100,0.22337399647872114,-0.16666666666666666,1
airport,100,0.05010955345870127,-0.3333333333333333,2
airport,100,0.03592524660768637,-0.16666666666666666,1
airport,100,0.051126318247808444,-0.3333333333333333,2
airport,100,0.05010955345870127,-0.5,3
airport,100,0.06016840572859605,-0.5,3
airport,100,0.22337399647872114,-0.16666666666666666,1
airport,100,0.03592524660768637,-0.5,3
airport,100,0.03592524660768637,-0.3333333333333333,2
airport,100,0.22337399647872114,-0.16666666666666666,1
airport,100,0.22337399647872114,-0.5,3
airport,100,0.22337399647872114,-0.3333333333333333,2
airport,100,0.22337399647872114,-0.16666666666666666,1
airport,100,0.051126318247808444,-0.3333333333333333,2
airport,100,0.008222647309668152,-0.3333333333333333,2
airport,100,0.051126318247808444,-0.5,3
airport,100,0.22337399647872114,-0.3333333333333333,2
airport,100,0.22337399647872114,-0.5,3
airport,100,0.03592524660768637,-0.3333333333333333,2
airport,100,0.03592524660768637,-0.5,3
airport,100,0.22337399647872114,-0.0,0
airport,100,0.051126318247808444,-0.16666666666666666,1
airport,100,0.05010955345870127,-0.5,3
airport,100,0.22337399647872114,-0.16666666666666666,1
airport,100,0.03592524660768637,-0.16666666666666666,1
airport,100,0.03592524660768637,-0.6666666666666666,4
airport,100,0.06016840572859605,-0.3333333333333333,2
airport,100,0.22337399647872114,-0.16666666666666666,1
airport,100,0.011469181810646378,-0.6666666666666666,4
airport,100,0.05010955345870127,-0.5,3
airport,100,0.003306804705818678,-0.8333333333333334,5
airport,100,0.22337399647872114,-0.16666666666666666,1
airport,100,0.22337399647872114,-0.0,0
airport,100,0.03592524660768637,-0.3333333333333333,2
airport,100,0.03592524660768637,-0.5,3
airport,100,0.22337399647872114,-0.16666666666666666,1
airport,100,0.0096768865126029,-0.5,3
airport,100,0.22337399647872114,-0.0,0
airport,100,0.22337399647872114,-0.16666666666666666,1
airport,100,0.051126318247808444,-0.5,3
airport,100,0.22337399647872114,-0.3333333333333333,2
airport,100,0.22337399647872114,-0.5,3
airport,100,0.03592524660768637,-0.5,3
airport,100,0.051126318247808444,-0.16666666666666666,1
airport,100,0.03592524660768637,-0.5,3
airport,100,0.03592524660768637,-0.16666666666666666,1
airport,100,0.22337399647872114,-0.16666666666666666,1
airport,100,0.051126318247808444,-0.5,3
airport,100,0.22337399647872114,-0.16666666666666666,1
airport,100,0.22337399647872114,-0.5,3
airport,100,0.06016840572859605,-0.3333333333333333,2
airport,100,0.22337399647872114,-0.16666666666666666,1
airport,100,0.03592524660768637,-0.3333333333333333,2
airport,100,0.22337399647872114,-0.0,0
airport,100,0.22337399647872114,-0.3333333333333333,2
airport,100,0.003306804705818678,-0.6666666666666666,4
airport,100,0.22337399647872114,-0.16666666666666666,1
airport,100,0.03592524660768637,-0.5,3
airport,100,0.06016840572859605,-0.5,3
airport,100,0.008222647309668152,-0.3333333333333333,2
airport,100,0.03592524660768637,-0.16666666666666666,1
airport,100,0.06016840572859605,-0.6666666666666666,4
airport,100,0.05853885744745513,-0.6666666666666666,4
airport,100,0.03592524660768637,-0.3333333333333333,2
airport,100,0.03592524660768637,-0.6666666666666666,4
airport,100,0.22337399647872114,-0.0,0
airport,100,0.22337399647872114,-0.16666666666666666,1
airport,100,0.015768127809462573,-0.8333333333333334,5
airport,100,0.03592524660768637,-0.3333333333333333,2
airport,100,0.051126318247808444,-0.5,3
airport,100,0.011469181810646378,-0.5,3
airport,100,0.22337399647872114,-0.16666666666666666,1
airport,100,0.22337399647872114,-0.3333333333333333,2
airport,100,0.22337399647872114,-0.16666666666666666,1
airport,100,0.05853885744745513,-0.6666666666666666,4
airport,100,0.008222647309668152,-0.3333333333333333,2
airport,100,0.03592524660768637,-0.3333333333333333,2
airport,100,0.22337399647872114,-0.16666666666666666,1
airport,100,0.05853885744745513,-0.5,3
airport,100,0.06016840572859605,-0.6666666666666666,4
airport,100,0.22337399647872114,-0.0,0
airport,100,0.008222647309668152,-0.3333333333333333,2
airport,100,0.22337399647872114,-0.3333333333333333,2
airport,100,0.03592524660768637,-0.3333333333333333,2
airport,100,0.013497595919447658,-0.6666666666666666,4
airport,100,0.22337399647872114,-0.6666666666666666,4
airport,100,0.0,-0.8333333333333334,5
airport,100,0.05010955345870127,-0.6666666666666666,4
airport,100,0.22337399647872114,-0.5,3
airport,100,0.03592524660768637,-0.3333333333333333,2
airport,100,0.22337399647872114,-0.16666666666666666,1
airport,100,0.0,-1.0,6
airport,100,0.03592524660768637,-0.3333333333333333,2
airport,100,0.03592524660768637,-0.3333333333333333,2
airport,100,0.011469181810646378,-0.5,3
airport,100,0.22337399647872114,-0.3333333333333333,2
airport,100,0.05010955345870127,-0.3333333333333333,2
airport,100,0.22337399647872114,-0.3333333333333333,2
airport,100,0.051126318247808444,-0.5,3
hospital,100,0.5422684587046469,-0.2,2
hospital,100,0.6623992294064142,-0.3,3
hospital,100,0.21945273335876703,-0.6,6
hospital,100,0.5422684587046469,-0.3,3
hospital,100,0.5742552604116484,-0.2,2
hospital,100,0.6623992294064142,-0.2,2
hospital,100,0.5065005929742044,-0.5,5
hospital,100,0.6623992294064142,-0.2,2
hospital,100,0.6623992294064142,-0.1,1
hospital,100,0.5468475106079831,-0.5,5
hospital,100,0.6090400455538584,-0.3,3
hospital,100,0.5422684587046469,-0.4,4
hospital,100,0.5422684587046469,-0.3,3
hospital,100,0.5468475106079831,-0.4,4
hospital,100,0.5422684587046469,-0.3,3
hospital,100,0.5202376749670268,-0.6,6
hospital,100,0.26303652729247295,-0.3,3
hospital,100,0.46992211475481305,-0.2,2
hospital,100,0.4967909547833075,-0.4,4
hospital,100,0.3764851312661076,-0.4,4
hospital,100,0.5468475106079831,-0.5,5
hospital,100,0.2629936790618288,-0.5,5
hospital,100,0.6086948858179753,-0.3,3
hospital,100,0.5422684587046469,-0.5,5
hospital,100,0.6623992294064142,-0.1,1
hospital,100,0.5742552604116484,-0.3,3
hospital,100,0.3764851312661076,-0.4,4
hospital,100,0.6086948858179753,-0.3,3
hospital,100,0.6086948858179753,-0.3,3
hospital,100,0.6086948858179753,-0.2,2
hospital,100,0.6623992294064142,-0.4,4
hospital,100,0.6623992294064142,-0.1,1
hospital,100,0.5422684587046469,-0.4,4
hospital,100,0.6086948858179753,-0.5,5
hospital,100,0.6623992294064142,-0.1,1
hospital,100,0.5422684587046469,-0.4,4
hospital,100,0.5422684587046469,-0.2,2
hospital,100,0.5468475106079831,-0.3,3
hospital,100,0.42850099142022324,-0.4,4
hospital,100,0.6090400455538584,-0.3,3
hospital,100,0.5742552604116484,-0.4,4
hospital,100,0.42850099142022324,-0.4,4
hospital,100,0.6090400455538584,-0.4,4
hospital,100,0.4967909547833075,-0.4,4
hospital,100,0.5742552604116484,-0.2,2
hospital,100,0.6086948858179753,-0.2,2
hospital,100,0.4967909547833075,-0.4,4
hospital,100,0.385599188513301,-0.5,5
hospital,100,0.6623992294064142,-0.1,1
hospital,100,0.5065292841479625,-0.3,3
hospital,100,0.5742305069340705,-0.3,3
hospital,100,0.3764851312661076,-0.5,5
hospital,100,0.6623992294064142,-0.1,1
hospital,100,0.385599188513301,-0.6,6
hospital,100,0.385599188513301,-0.5,5
hospital,100,0.5860822545816282,-0.5,5
hospital,100,0.5422684587046469,-0.2,2
hospital,100,0.6090400455538584,-0.3,3
hospital,100,0.6623992294064142,-0.0,0
hospital,100,0.6623992294064142,-0.4,4
hospital,100,0.5742552604116484,-0.2,2
hospital,100,0.5742552604116484,-0.3,3
hospital,100,0.385599188513301,-0.5,5
hospital,100,0.385599188513301,-0.7,7
hospital,100,0.4694541344903692,-0.4,4
hospital,100,0.42853421735144903,-0.7,7
hospital,100,0.4967909547833075,-0.4,4
hospital,100,0.6090400455538584,-0.3,3
hospital,100,0.6086948858179753,-0.4,4
hospital,100,0.4694541344903692,-0.3,3
hospital,100,0.5422684587046469,-0.4,4
hospital,100,0.42853421735144903,-0.5,5
hospital,100,0.6090400455538584,-0.4,4
hospital,100,0.6623992294064142,-0.3,3
hospital,100,0.6086948858179753,-0.1,1
hospital,100,0.49676169740756204,-0.4,4
hospital,100,0.21940735109689347,-0.7,7
hospital,100,0.21940735109689347,-0.8,8
hospital,100,0.6090400455538584,-0.3,3
hospital,100,0.6623992294064142,-0.2,2
hospital,100,0.5422684587046469,-0.3,3
hospital,100,0.6623992294064142,-0.1,1
hospital,100,0.6086948858179753,-0.3,3
hospital,100,0.4694541344903692,-0.6,6
hospital,100,0.46992211475481305,-0.5,5
hospital,100,0.4694541344903692,-0.4,4
hospital,100,0.385599188513301,-0.6,6
hospital,100,0.4694541344903692,-0.2,2
hospital,100,0.6623992294064142,-0.0,0
hospital,100,0.6623992294064142,-0.4,4
hospital,100,0.3764851312661076,-0.4,4
hospital,100,0.46992211475481305,-0.6,6
hospital,100,0.6090400455538584,-0.3,3
hospital,100,0.6090400455538584,-0.2,2
hospital,100,0.26187931623708605,-0.4,4
hospital,100,0.46992211475481305,-0.5,5
hospital,100,0.6086948858179753,-0.2,2
hospital,100,0.4694541344903692,-0.2,2
hospital,100,0.5422684587046469,-0.3,3
hospital,100,0.26187931623708605,-0.6,6
adult,100,0.3841446984469006,-0.3333333333333333,4
adult,100,0.4325921849686901,-0.3333333333333333,4
adult,100,0.2726821726489278,-0.08333333333333333,1
adult,100,0.07103495256470183,-0.6666666666666666,8
adult,100,0.0715649296029548,-0.6666666666666666,8
adult,100,0.26221932193872965,-0.3333333333333333,4
adult,100,0.395391227220634,-0.25,3
adult,100,0.2589095784421014,-0.3333333333333333,4
adult,100,0.48390655849303243,-0.08333333333333333,1
adult,100,0.35869848485078126,-0.25,3
adult,100,0.07112836162854363,-0.5833333333333334,7
adult,100,0.3876575545157147,-0.3333333333333333,4
adult,100,0.45200691109182567,-0.4166666666666667,5
adult,100,0.07112836162854363,-0.5833333333333334,7
adult,100,0.17085424768265522,-0.25,3
adult,100,0.396029780856501,-0.4166666666666667,5
adult,100,0.3876575545157147,-0.08333333333333333,1
adult,100,0.0787065839718265,-0.4166666666666667,5
adult,100,0.18660369237011787,-0.3333333333333333,4
adult,100,0.31977428651037687,-0.4166666666666667,5
adult,100,0.395391227220634,-0.25,3
adult,100,0.24904809953916052,-0.5833333333333334,7
adult,100,0.28278882826151164,-0.25,3
adult,100,0.20036608478191653,-0.16666666666666666,2
adult,100,0.32542961625578326,-0.3333333333333333,4
adult,100,0.2726821726489278,-0.16666666666666666,2
adult,100,0.3168804636441652,-0.3333333333333333,4
adult,100,0.35553545402526254,-0.4166666666666667,5
adult,100,0.06156181058641541,-0.5833333333333334,7
adult,100,0.2851947300950609,-0.3333333333333333,4
adult,100,0.09822330773503263,-0.5,6
adult,100,0.26705947660928453,-0.25,3
adult,100,0.28822277968938836,-0.3333333333333333,4
adult,100,0.062389615650879415,-0.4166666666666667,5
adult,100,0.14950889348593277,-0.3333333333333333,4
adult,100,0.38036283589466935,-0.16666666666666666,2
adult,100,0.19004939214744843,-0.4166666666666667,5
adult,100,0.007426165546169039,-0.6666666666666666,8
adult,100,0.22179298322211294,-0.3333333333333333,4
adult,100,0.396029780856501,-0.16666666666666666,2
adult,100,0.06229278803611793,-0.5,6
adult,100,0.21945957036223462,-0.5,6
adult,100,0.4597782854988285,-0.3333333333333333,4
adult,100,0.01348772361122963,-0.6666666666666666,8
adult,100,0.3841446984469006,-0.25,3
adult,100,0.38715465280892436,-0.3333333333333333,4
adult,100,0.443789132193782,-0.25,3
adult,100,0.00530360499782212,-0.6666666666666666,8
adult,100,0.3420631686988853,-0.25,3
adult,100,0.0787065839718265,-0.4166666666666667,5
adult,100,0.3876575545157147,-0.25,3
adult,100,0.48390655849303243,-0.16666666666666666,2
adult,100,0.3876575545157147,-0.16666666666666666,2
adult,100,0.26221932193872965,-0.3333333333333333,4
adult,100,0.07129118921968924,-0.5,6
adult,100,0.2589095784421014,-0.3333333333333333,4
adult,100,0.07338135581406857,-0.5,6
adult,100,0.4406388896832574,-0.16666666666666666,2
adult,100,0.38715465280892436,-0.4166666666666667,5
adult,100,0.38036283589466935,-0.3333333333333333,4
adult,100,0.3876575545157147,-0.25,3
adult,100,0.35555839104562026,-0.25,3
adult,100,0.3409179523082644,-0.3333333333333333,4
adult,100,0.3832231485142924,-0.4166666666666667,5
adult,100,0.35553545402526254,-0.4166666666666667,5
adult,100,0.396029780856501,-0.25,3
adult,100,0.4837492874056374,-0.16666666666666666,2
adult,100,0.395391227220634,-0.3333333333333333,4
adult,100,0.26733049635846484,-0.3333333333333333,4
adult,100,0.4597782854988285,-0.16666666666666666,2
adult,100,0.34426463669338536,-0.4166666666666667,5
adult,100,0.4597782854988285,-0.16666666666666666,2
adult,100,0.22237564949195254,-0.4166666666666667,5
adult,100,0.1388991846729406,-0.3333333333333333,4
adult,100,0.395391227220634,-0.5,6
adult,100,0.35869848485078126,-0.25,3
adult,100,0.2726821726489278,-0.25,3
adult,100,0.17544257594031853,-0.5,6
adult,100,0.264807075177372,-0.3333333333333333,4
adult,100,0.31112096706829984,-0.5,6
adult,100,0.13783877625861007,-0.5,6
adult,100,0.396029780856501,-0.25,3
adult,100,0.06571900756671212,-0.6666666666666666,8
adult,100,0.4597782854988285,-0.25,3
adult,100,0.14950889348593277,-0.3333333333333333,4
adult,100,0.11789138276656375,-0.5833333333333334,7
adult,100,0.4837492874056374,-0.3333333333333333,4
adult,100,0.3804735400793795,-0.5,6
adult,100,0.40606487506886946,-0.25,3
adult,100,0.3975208049113568,-0.4166666666666667,5
adult,100,0.38036283589466935,-0.3333333333333333,4
adult,100,0.2039672171693344,-0.3333333333333333,4
adult,100,0.3494730241774636,-0.4166666666666667,5
adult,100,0.14812295795010155,-0.3333333333333333,4
adult,100,0.443789132193782,-0.25,3
adult,100,0.3174628801446353,-0.6666666666666666,8
adult,100,0.1560851229110629,-0.5833333333333334,7
adult,100,0.48390655849303243,-0.16666666666666666,2
adult,100,0.312030766384366,-0.5,6
adult,100,0.396029780856501,-0.16666666666666666,2
flight,100,0.13514845205100667,-0.6923076923076923,9
flight,100,0.18094116044347042,-0.46153846153846156,6
flight,100,0.2455785165522859,-0.6923076923076923,9
flight,100,0.1222736628243225,-0.6923076923076923,9
flight,100,0.12744625720955838,-0.46153846153846156,6
flight,100,0.13514845205100667,-0.5384615384615384,7
flight,100,0.1689864093151694,-0.5384615384615384,7
flight,100,0.1689864093151694,-0.46153846153846156,6
flight,100,0.17632192147614734,-0.3076923076923077,4
flight,100,0.13514845205100667,-0.3076923076923077,4
flight,100,0.17632192147614734,-0.23076923076923078,3
flight,100,0.1689864093151694,-0.38461538461538464,5
flight,100,0.1689864093151694,-0.7692307692307693,10
flight,100,0.13818569520024426,-0.5384615384615384,7
flight,100,0.1222736628243225,-0.6923076923076923,9
flight,100,0.12744625720955838,-0.5384615384615384,7
flight,100,0.12744625720955838,-0.6153846153846154,8
flight,100,0.17632192147614734,-0.3076923076923077,4
flight,100,0.12744625720955838,-0.5384615384615384,7
flight,100,0.13514845205100667,-0.46153846153846156,6
flight,100,0.17632192147614734,-0.3076923076923077,4
flight,100,0.17632192147614734,-0.5384615384615384,7
flight,100,0.18094116044347042,-0.46153846153846156,6
flight,100,0.13514845205100667,-0.6153846153846154,8
flight,100,0.17632192147614734,-0.3076923076923077,4
flight,100,0.09627881067331223,-0.6923076923076923,9
flight,100,0.11960338386169278,-0.7692307692307693,10
flight,100,0.13514845205100667,-0.6153846153846154,8
flight,100,0.1689864093151694,-0.38461538461538464,5
flight,100,0.13514845205100667,-0.38461538461538464,5
flight,100,0.13818569520024426,-0.46153846153846156,6
flight,100,0.13514845205100667,-0.46153846153846156,6
flight,100,0.11650065212924676,-0.6153846153846154,8
flight,100,0.17632192147614734,-0.38461538461538464,5
flight,100,0.1689864093151694,-0.6923076923076923,9
flight,100,0.13514845205100667,-0.46153846153846156,6
flight,100,0.17632192147614734,-0.3076923076923077,4
flight,100,0.17364678630049102,-0.46153846153846156,6
flight,100,0.1689864093151694,-0.38461538461538464,5
flight,100,0.1689864093151694,-0.38461538461538464,5
flight,100,0.13514845205100667,-0.46153846153846156,6
flight,100,0.13514845205100667,-0.3076923076923077,4
flight,100,0.11650065212924676,-0.7692307692307693,10
flight,100,0.13818569520024426,-0.6153846153846154,8
flight,100,0.1222736628243225,-0.38461538461538464,5
flight,100,0.13514845205100667,-0.38461538461538464,5
flight,100,0.18094116044347042,-0.46153846153846156,6
flight,100,0.18094116044347042,-0.38461538461538464,5
flight,100,0.1222736628243225,-0.5384615384615384,7
flight,100,0.24980936013667854,-0.46153846153846156,6
flight,100,0.2455785165522859,-0.46153846153846156,6
flight,100,0.13514845205100667,-0.38461538461538464,5
flight,100,0.12744625720955838,-0.5384615384615384,7
flight,100,0.17632192147614734,-0.38461538461538464,5
flight,100,0.1689864093151694,-0.38461538461538464,5
flight,100,0.13514845205100667,-0.3076923076923077,4
flight,100,0.12744625720955838,-0.5384615384615384,7
flight,100,0.11650065212924676,-0.6153846153846154,8
flight,100,0.1689864093151694,-0.46153846153846156,6
flight,100,0.2455785165522859,-0.46153846153846156,6
flight,100,0.1689864093151694,-0.3076923076923077,4
flight,100,0.17632192147614734,-0.3076923076923077,4
flight,100,0.13514845205100667,-0.46153846153846156,6
flight,100,0.11960338386169278,-0.6923076923076923,9
flight,100,0.1689864093151694,-0.46153846153846156,6
flight,100,0.17632192147614734,-0.46153846153846156,6
flight,100,0.13514845205100667,-0.46153846153846156,6
flight,100,0.1689864093151694,-0.38461538461538464,5
flight,100,0.18282774557006898,-0.6153846153846154,8
flight,100,0.18094116044347042,-0.38461538461538464,5
flight,100,0.1689864093151694,-0.5384615384615384,7
flight,100,0.1689864093151694,-0.46153846153846156,6
flight,100,0.18094116044347042,-0.5384615384615384,7
flight,100,0.17632192147614734,-0.3076923076923077,4
flight,100,0.17632192147614734,-0.46153846153846156,6
flight,100,0.12744625720955838,-0.5384615384615384,7
flight,100,0.17632192147614734,-0.6153846153846154,8
flight,100,0.17632192147614734,-0.3076923076923077,4
flight,100,0.1689864093151694,-0.38461538461538464,5
flight,100,0.12744625720955838,-0.3076923076923077,4
flight,100,0.2455785165522859,-0.46153846153846156,6
flight,100,0.17632192147614734,-0.46153846153846156,6
flight,100,0.13514845205100667,-0.3076923076923077,4
flight,100,0.2455785165522859,-0.6153846153846154,8
flight,100,0.2455785165522859,-0.46153846153846156,6
flight,100,0.12744625720955838,-0.3076923076923077,4
flight,100,0.1689864093151694,-0.46153846153846156,6
flight,100,0.1689864093151694,-0.23076923076923078,3
flight,100,0.17632192147614734,-0.5384615384615384,7
flight,100,0.17632192147614734,-0.3076923076923077,4
flight,100,0.1689864093151694,-0.5384615384615384,7
flight,100,0.1689864093151694,-0.6153846153846154,8
flight,100,0.11960338386169278,-0.6923076923076923,9
flight,100,0.18094116044347042,-0.38461538461538464,5
flight,100,0.13514845205100667,-0.5384615384615384,7
flight,100,0.18094116044347042,-0.3076923076923077,4
flight,100,0.1689864093151694,-0.46153846153846156,6
flight,100,0.13514845205100667,-0.46153846153846156,6
flight,100,0.1689864093151694,-0.38461538461538464,5
flight,100,0.13514845205100667,-0.46153846153846156,6
tax,100,0.5548418449270073,-0.0,0
tax,100,0.0,-1.0,3
tax,100,0.2290091161470067,-0.6666666666666666,2
tax,100,0.0,-1.0,3
tax,100,0.5548418449270073,-0.3333333333333333,1
tax,100,0.3057912208405609,-0.3333333333333333,1
tax,100,0.5548418449270073,-0.0,0
tax,100,0.5548418449270073,-0.3333333333333333,1
tax,100,0.5548418449270073,-0.3333333333333333,1
tax,100,0.0,-1.0,3
tax,100,0.5548418449270073,-0.6666666666666666,2
tax,100,0.5548418449270073,-0.3333333333333333,1
tax,100,0.5548418449270073,-0.0,0
tax,100,0.5548418449270073,-0.0,0
tax,100,0.5548418449270073,-0.6666666666666666,2
tax,100,0.2290091161470067,-0.6666666666666666,2
tax,100,0.5548418449270073,-0.3333333333333333,1
tax,100,0.5548418449270073,-0.3333333333333333,1
tax,100,0.5548418449270073,-0.0,0
tax,100,0.5548418449270073,-0.0,0
tax,100,0.3057912208405609,-0.6666666666666666,2
tax,100,0.3057912208405609,-0.3333333333333333,1
tax,100,0.2290091161470067,-0.6666666666666666,2
tax,100,0.3057912208405609,-0.6666666666666666,2
tax,100,0.5548418449270073,-0.0,0
tax,100,0.3057912208405609,-0.3333333333333333,1
tax,100,0.5548418449270073,-0.3333333333333333,1
tax,100,0.5548418449270073,-0.3333333333333333,1
tax,100,0.5548418449270073,-0.3333333333333333,1
tax,100,0.5548418449270073,-0.0,0
tax,100,0.2290091161470067,-0.6666666666666666,2
tax,100,0.5548418449270073,-0.3333333333333333,1
tax,100,0.5548418449270073,-0.6666666666666666,2
tax,100,0.5548418449270073,-0.3333333333333333,1
tax,100,0.5548418449270073,-0.3333333333333333,1
tax,100,0.5548418449270073,-0.6666666666666666,2
tax,100,0.5548418449270073,-0.0,0
tax,100,0.3057912208405609,-0.6666666666666666,2
tax,100,0.5548418449270073,-0.3333333333333333,1
tax,100,0.3057912208405609,-0.3333333333333333,1
tax,100,0.5548418449270073,-0.0,0
tax,100,0.5548418449270073,-0.0,0
tax,100,0.2290091161470067,-0.6666666666666666,2
tax,100,0.2290091161470067,-0.6666666666666666,2
tax,100,0.5548418449270073,-0.3333333333333333,1
tax,100,0.3057912208405609,-0.3333333333333333,1
tax,100,0.5548418449270073,-0.3333333333333333,1
tax,100,0.5548418449270073,-0.3333333333333333,1
tax,100,0.5548418449270073,-0.3333333333333333,1
tax,100,0.3057912208405609,-0.6666666666666666,2
tax,100,0.3057912208405609,-0.6666666666666666,2
tax,100,0.5548418449270073,-0.6666666666666666,2
tax,100,0.3057912208405609,-0.6666666666666666,2
tax,100,0.0,-1.0,3
tax,100,0.3057912208405609,-0.3333333333333333,1
tax,100,0.5548418449270073,-0.0,0
tax,100,0.2290091161470067,-0.6666666666666666,2
tax,100,0.3057912208405609,-0.6666666666666666,2
tax,100,0.5548418449270073,-0.3333333333333333,1
tax,100,0.5548418449270073,-0.3333333333333333,1
tax,100,0.5548418449270073,-0.0,0
tax,100,0.3057912208405609,-0.6666666666666666,2
tax,100,0.3057912208405609,-0.6666666666666666,2
tax,100,0.3057912208405609,-0.6666666666666666,2
tax,100,0.5548418449270073,-0.3333333333333333,1
tax,100,0.2290091161470067,-0.6666666666666666,2
tax,100,0.5548418449270073,-0.3333333333333333,1
tax,100,0.5548418449270073,-0.0,0
tax,100,0.5548418449270073,-0.6666666666666666,2
tax,100,0.3057912208405609,-0.3333333333333333,1
tax,100,0.5548418449270073,-0.0,0
tax,100,0.5548418449270073,-0.3333333333333333,1
tax,100,0.3057912208405609,-0.3333333333333333,1
tax,100,0.3057912208405609,-0.3333333333333333,1
tax,100,0.3057912208405609,-0.3333333333333333,1
tax,100,0.0,-1.0,3
tax,100,0.3057912208405609,-0.6666666666666666,2
tax,100,0.3057912208405609,-0.3333333333333333,1
tax,100,0.5548418449270073,-0.0,0
tax,100,0.3057912208405609,-0.6666666666666666,2
tax,100,0.5548418449270073,-0.0,0
tax,100,0.5548418449270073,-0.0,0
tax,100,0.5548418449270073,-0.6666666666666666,2
tax,100,0.3057912208405609,-0.6666666666666666,2
tax,100,0.5548418449270073,-0.3333333333333333,1
tax,100,0.5548418449270073,-0.0,0
tax,100,0.3057912208405609,-0.3333333333333333,1
tax,100,0.3057912208405609,-0.6666666666666666,2
tax,100,0.5548418449270073,-0.3333333333333333,1
tax,100,0.5548418449270073,-0.6666666666666666,2
tax,100,0.5548418449270073,-0.6666666666666666,2
tax,100,0.5548418449270073,-0.0,0
tax,100,0.5548418449270073,-0.3333333333333333,1
tax,100,0.5548418449270073,-0.0,0
tax,100,0.2290091161470067,-0.6666666666666666,2
tax,100,0.5548418449270073,-0.3333333333333333,1
tax,100,0.0,-1.0,3
tax,100,0.5548418449270073,-0.0,0
tax,100,0.3057912208405609,-0.3333333333333333,1
tax,100,0.3057912208405609,-0.3333333333333333,1
