dataset,lambda,leakage,utility,mask_size
airport,1,0.06016840572859605,-0.3333333333333333,2
airport,1,0.05010955345870127,-0.6666666666666666,4
airport,1,0.051126318247808444,-0.5,3
airport,1,0.06016840572859605,-0.3333333333333333,2
airport,1,0.05853885744745513,-0.6666666666666666,4
airport,1,0.051126318247808444,-0.3333333333333333,2
airport,1,0.015768127809462573,-0.6666666666666666,4
airport,1,0.06016840572859605,-0.6666666666666666,4
airport,1,0.22337399647872114,-0.3333333333333333,2
airport,1,0.0096768865126029,-0.5,3
airport,1,0.22337399647872114,-0.6666666666666666,4
airport,1,0.051126318247808444,-0.3333333333333333,2
airport,1,0.003306804705818678,-0.6666666666666666,4
airport,1,0.22337399647872114,-0.5,3
airport,1,0.03592524660768637,-0.3333333333333333,2
airport,1,0.22337399647872114,-0.3333333333333333,2
airport,1,0.06016840572859605,-0.5,3
airport,1,0.22337399647872114,-0.3333333333333333,2
airport,1,0.051126318247808444,-0.5,3
airport,1,0.22337399647872114,-0.3333333333333333,2
airport,1,0.06016840572859605,-0.5,3
airport,1,0.03592524660768637,-0.5,3
airport,1,0.008222647309668152,-0.6666666666666666,4
airport,1,0.051126318247808444,-0.5,3
airport,1,0.051126318247808444,-0.16666666666666666,1
airport,1,0.0096768865126029,-0.5,3
airport,1,0.008222647309668152,-0.3333333333333333,2
airport,1,0.22337399647872114,-0.0,0
airport,1,0.06016840572859605,-0.5,3
airport,1,0.015768127809462573,-0.6666666666666666,4
airport,1,0.03592524660768637,-0.16666666666666666,1
airport,1,0.22337399647872114,-0.5,3
airport,1,0.05010955345870127,-0.6666666666666666,4
airport,1,0.0,-0.8333333333333334,5
airport,1,0.22337399647872114,-0.5,3
airport,1,0.008222647309668152,-0.6666666666666666,4
airport,1,0.051126318247808444,-0.16666666666666666,1
airport,1,0.051126318247808444,-0.3333333333333333,2
airport,1,0.22337399647872114,-0.5,3
airport,1,0.03592524660768637,-0.3333333333333333,2
airport,1,0.22337399647872114,-0.3333333333333333,2
airport,1,0.22337399647872114,-0.5,3
airport,1,0.03592524660768637,-0.5,3
airport,1,0.22337399647872114,-0.16666666666666666,1
airport,1,0.22337399647872114,-0.16666666666666666,1
airport,1,0.003306804705818678,-0.6666666666666666,4
airport,1,0.008222647309668152,-0.3333333333333333,2
airport,1,0.051126318247808444,-0.5,3
airport,1,0.22337399647872114,-0.3333333333333333,2
airport,1,0.03592524660768637,-0.5,3
airport,1,0.03592524660768637,-0.5,3
airport,1,0.22337399647872114,-0.16666666666666666,1
airport,1,0.0096768865126029,-0.6666666666666666,4
airport,1,0.015768127809462573,-0.8333333333333334,5
airport,1,0.22337399647872114,-0.16666666666666666,1
airport,1,0.22337399647872114,-0.3333333333333333,2
airport,1,0.003306804705818678,-0.8333333333333334,5
airport,1,0.051126318247808444,-0.16666666666666666,1
airport,1,0.008222647309668152,-0.3333333333333333,2
airport,1,0.22337399647872114,-0.16666666666666666,1
airport,1,0.22337399647872114,-0.16666666666666666,1
airport,1,0.22337399647872114,-0.3333333333333333,2
airport,1,0.05010955345870127,-0.3333333333333333,2
airport,1,0.22337399647872114,-0.5,3
airport,1,0.22337399647872114,-0.0,0
airport,1,0.008222647309668152,-0.3333333333333333,2
airport,1,0.22337399647872114,-0.5,3
airport,1,0.22337399647872114,-0.16666666666666666,1
airport,1,0.22337399647872114,-0.6666666666666666,4
airport,1,0.051126318247808444,-0.5,3
airport,1,0.03592524660768637,-0.3333333333333333,2
airport,1,0.051126318247808444,-0.5,3
airport,1,0.22337399647872114,-0.0,0
airport,1,0.22337399647872114,-0.3333333333333333,2
airport,1,0.22337399647872114,-0.0,0
airport,1,0.03592524660768637,-0.3333333333333333,2
airport,1,0.22337399647872114,-0.16666666666666666,1
airport,1,0.0096768865126029,-0.5,3
airport,1,0.22337399647872114,-0.16666666666666666,1
airport,1,0.03592524660768637,-0.16666666666666666,1
airport,1,0.22337399647872114,-0.6666666666666666,4
airport,1,0.051126318247808444,-0.3333333333333333,2
airport,1,0.06016840572859605,-0.5,3
airport,1,0.22337399647872114,-0.16666666666666666,1
airport,1,0.0,-0.8333333333333334,5
airport,1,0.22337399647872114,-0.0,0
airport,1,0.0,-0.8333333333333334,5
airport,1,0.22337399647872114,-0.3333333333333333,2
airport,1,0.03592524660768637,-0.16666666666666666,1
airport,1,0.05010955345870127,-0.5,3
airport,1,0.05010955345870127,-0.5,3
airport,1,0.06016840572859605,-0.6666666666666666,4
airport,1,0.03592524660768637,-0.5,3
airport,1,0.03592524660768637,-0.3333333333333333,2
airport,1,0.03592524660768637,-0.3333333333333333,2
airport,1,0.051126318247808444,-0.5,3
airport,1,0.22337399647872114,-0.3333333333333333,2
airport,1,0.22337399647872114,-0.16666666666666666,1
airport,1,0.0096768865126029,-0.5,3
airport,1,0.22337399647872114,-0.3333333333333333,2
hospital,1,0.5742552604116484,-0.3,3
hospital,1,0.26303652729247295,-0.7,7
hospital,1,0.6090400455538584,-0.3,3
hospital,1,0.6623992294064142,-0.2,2
hospital,1,0.385599188513301,-0.5,5
hospital,1,0.5065005929742044,-0.4,4
hospital,1,0.5860822545816282,-0.4,4
hospital,1,0.46992211475481305,-0.4,4
hospital,1,0.49676169740756204,-0.3,3
hospital,1,0.6086948858179753,-0.1,1
hospital,1,0.2629936790618288,-0.7,7
hospital,1,0.5422684587046469,-0.5,5
hospital,1,0.6086948858179753,-0.2,2
hospital,1,0.26187931623708605,-0.4,4
hospital,1,0.5422684587046469,-0.3,3
hospital,1,0.46992211475481305,-0.3,3
hospital,1,0.385599188513301,-0.7,7
hospital,1,0.44440927545847886,-0.6,6
hospital,1,0.6623992294064142,-0.3,3
hospital,1,0.385599188513301,-0.6,6
hospital,1,0.5742552604116484,-0.2,2
hospital,1,0.1457223282701623,-0.8,8
hospital,1,0.3764851312661076,-0.4,4
hospital,1,0.6086948858179753,-0.3,3
hospital,1,0.6623992294064142,-0.2,2
hospital,1,0.6086948858179753,-0.4,4
hospital,1,0.6623992294064142,-0.1,1
hospital,1,0.6623992294064142,-0.1,1
hospital,1,0.6090400455538584,-0.5,5
hospital,1,0.44440927545847886,-0.8,8
hospital,1,0.6623992294064142,-0.4,4
hospital,1,0.6623992294064142,-0.2,2
hospital,1,0.5468475106079831,-0.6,6
hospital,1,0.3764851312661076,-0.2,2
hospital,1,0.6623992294064142,-0.2,2
hospital,1,0.3764851312661076,-0.5,5
hospital,1,0.5742552604116484,-0.2,2
hospital,1,0.6623992294064142,-0.2,2
hospital,1,0.6623992294064142,-0.3,3
hospital,1,0.6086948858179753,-0.3,3
hospital,1,0.6623992294064142,-0.1,1
hospital,1,0.6086948858179753,-0.5,5
hospital,1,0.6623992294064142,-0.1,1
hospital,1,0.6623992294064142,-0.0,0
hospital,1,0.6623992294064142,-0.1,1
hospital,1,0.5065005929742044,-0.4,4
hospital,1,0.5742552604116484,-0.3,3
hospital,1,0.46992211475481305,-0.2,2
hospital,1,0.6086948858179753,-0.4,4
hospital,1,0.5742552604116484,-0.3,3
hospital,1,0.46992211475481305,-0.3,3
hospital,1,0.6623992294064142,-0.1,1
hospital,1,0.6090400455538584,-0.4,4
hospital,1,0.46992211475481305,-0.3,3
hospital,1,0.6623992294064142,-0.0,0
hospital,1,0.5742552604116484,-0.3,3
hospital,1,0.4967909547833075,-0.3,3
hospital,1,0.26303652729247295,-0.4,4
hospital,1,0.5065292841479625,-0.5,5
hospital,1,0.5468475106079831,-0.6,6
hospital,1,0.46992211475481305,-0.4,4
hospital,1,0.6623992294064142,-0.2,2
hospital,1,0.6086948858179753,-0.3,3
hospital,1,0.6623992294064142,-0.0,0
hospital,1,0.3764851312661076,-0.4,4
hospital,1,0.5107698719387217,-0.5,5
hospital,1,0.5742552604116484,-0.3,3
hospital,1,0.5468475106079831,-0.4,4
hospital,1,0.5422684587046469,-0.2,2
hospital,1,0.2629936790618288,-0.5,5
hospital,1,0.6623992294064142,-0.2,2
hospital,1,0.4694541344903692,-0.5,5
hospital,1,0.6086948858179753,-0.4,4
hospital,1,0.6623992294064142,-0.2,2
hospital,1,0.4967909547833075,-0.4,4
hospital,1,0.5422684587046469,-0.4,4
hospital,1,0.6086948858179753,-0.3,3
hospital,1,0.6623992294064142,-0.1,1
hospital,1,0.49676169740756204,-0.5,5
hospital,1,0.6623992294064142,-0.3,3
hospital,1,0.37644887911807723,-0.7,7
hospital,1,0.6623992294064142,-0.1,1
hospital,1,0.6623992294064142,-0.0,0
hospital,1,0.6623992294064142,-0.1,1
hospital,1,0.42853421735144903,-0.4,4
hospital,1,0.385599188513301,-0.5,5
hospital,1,0.46992211475481305,-0.4,4
hospital,1,0.46992211475481305,-0.5,5
hospital,1,0.5422684587046469,-0.2,2
hospital,1,0.42853421735144903,-0.6,6
hospital,1,0.24315756576632586,-0.8,8
hospital,1,0.6623992294064142,-0.1,1
hospital,1,0.49676169740756204,-0.5,5
hospital,1,0.6623992294064142,-0.3,3
hospital,1,0.6086948858179753,-0.4,4
hospital,1,0.6086948858179753,-0.2,2
hospital,1,0.6623992294064142,-0.1,1
hospital,1,0.42853421735144903,-0.4,4
hospital,1,0.5860822545816282,-0.6,6
hospital,1,0.5468475106079831,-0.5,5
adult,1,0.28278882826151164,-0.25,3
adult,1,0.3876575545157147,-0.08333333333333333,1
adult,1,0.135682350389002,-0.4166666666666667,5
adult,1,0.3841446984469006,-0.25,3
adult,1,0.12964246975491212,-0.3333333333333333,4
adult,1,0.3306439061431553,-0.4166666666666667,5
adult,1,0.08885561135193121,-0.5,6
adult,1,0.08089777707595014,-0.25,3
adult,1,0.4597782854988285,-0.3333333333333333,4
adult,1,0.15716993784339994,-0.6666666666666666,8
adult,1,0.49122554744404323,-0.08333333333333333,1
adult,1,0.40606487506886946,-0.25,3
adult,1,0.49122554744404323,-0.16666666666666666,2
adult,1,0.20375348447597397,-0.4166666666666667,5
adult,1,0.3876575545157147,-0.25,3
adult,1,0.3876575545157147,-0.25,3
adult,1,0.09199866320537664,-0.4166666666666667,5
adult,1,0.15519851324930045,-0.3333333333333333,4
adult,1,0.19004939214744843,-0.4166666666666667,5
adult,1,0.07960867680143258,-0.5,6
adult,1,0.4199947253310894,-0.16666666666666666,2
adult,1,0.08885561135193121,-0.4166666666666667,5
adult,1,0.2726821726489278,-0.3333333333333333,4
adult,1,0.40940983353048355,-0.3333333333333333,4
adult,1,0.0795744836249338,-0.5833333333333334,7
adult,1,0.19789462410125536,-0.4166666666666667,5
adult,1,0.4597782854988285,-0.25,3
adult,1,0.09007293516492854,-0.4166666666666667,5
adult,1,0.396029780856501,-0.16666666666666666,2
adult,1,0.38715465280892436,-0.3333333333333333,4
adult,1,0.12193063424116057,-0.5,6
adult,1,0.4007261300524779,-0.5,6
adult,1,0.07522653229073395,-0.4166666666666667,5
adult,1,0.38036283589466935,-0.4166666666666667,5
adult,1,0.396029780856501,-0.16666666666666666,2
adult,1,0.24928337253079702,-0.3333333333333333,4
adult,1,0.05993471082836699,-0.6666666666666666,8
adult,1,0.027319084325532428,-0.5833333333333334,7
adult,1,0.11927152773640248,-0.25,3
adult,1,0.3804735400793795,-0.3333333333333333,4
adult,1,0.135682350389002,-0.3333333333333333,4
adult,1,0.1194361481244256,-0.5,6
adult,1,0.45200691109182567,-0.3333333333333333,4
adult,1,0.4006599402056277,-0.5,6
adult,1,0.49122554744404323,-0.08333333333333333,1
adult,1,0.26733049635846484,-0.16666666666666666,2
adult,1,0.396029780856501,-0.16666666666666666,2
adult,1,0.17085424768265522,-0.3333333333333333,4
adult,1,0.45200691109182567,-0.16666666666666666,2
adult,1,0.1349492663536822,-0.3333333333333333,4
adult,1,0.3876575545157147,-0.16666666666666666,2
adult,1,0.49122554744404323,-0.25,3
adult,1,0.396029780856501,-0.3333333333333333,4
adult,1,0.26016440275747366,-0.3333333333333333,4
adult,1,0.05662801785496063,-0.5,6
adult,1,0.26221932193872965,-0.16666666666666666,2
adult,1,0.2283606354012323,-0.5,6
adult,1,0.49122554744404323,-0.16666666666666666,2
adult,1,0.09293117876014323,-0.5833333333333334,7
adult,1,0.2726821726489278,-0.16666666666666666,2
adult,1,0.38715465280892436,-0.25,3
adult,1,0.3841446984469006,-0.3333333333333333,4
adult,1,0.396029780856501,-0.16666666666666666,2
adult,1,0.395391227220634,-0.25,3
adult,1,0.12964246975491212,-0.3333333333333333,4
adult,1,0.25001265856798427,-0.4166666666666667,5
adult,1,0.07352921468759865,-0.75,9
adult,1,0.12924462293169137,-0.4166666666666667,5
adult,1,0.019826734165997006,-0.5833333333333334,7
adult,1,0.3876575545157147,-0.25,3
adult,1,0.20036608478191653,-0.25,3
adult,1,0.18886292899071455,-0.3333333333333333,4
adult,1,0.08089777707595014,-0.4166666666666667,5
adult,1,0.396029780856501,-0.16666666666666666,2
adult,1,0.38036283589466935,-0.4166666666666667,5
adult,1,0.1886157481530516,-0.5,6
adult,1,0.26221932193872965,-0.16666666666666666,2
adult,1,0.3841446984469006,-0.3333333333333333,4
adult,1,0.07788132858584484,-0.5833333333333334,7
adult,1,0.3520786728624248,-0.5,6
adult,1,0.49122554744404323,-0.25,3
adult,1,0.378659399572999,-0.25,3
adult,1,0.2589095784421014,-0.4166666666666667,5
adult,1,0.45200691109182567,-0.4166666666666667,5
adult,1,0.45200691109182567,-0.3333333333333333,4
adult,1,0.49122554744404323,-0.25,3
adult,1,0.4199947253310894,-0.08333333333333333,1
adult,1,0.45200691109182567,-0.16666666666666666,2
adult,1,0.20745665860503182,-0.5,6
adult,1,0.12964246975491212,-0.3333333333333333,4
adult,1,0.2722496645998359,-0.4166666666666667,5
adult,1,0.395391227220634,-0.4166666666666667,5
adult,1,0.4406388896832574,-0.16666666666666666,2
adult,1,0.36827548533646537,-0.25,3
adult,1,0.48390655849303243,-0.25,3
adult,1,0.12006099382548652,-0.25,3
adult,1,0.11789138276656375,-0.5,6
adult,1,0.34983921267950746,-0.3333333333333333,4
adult,1,0.09007293516492854,-0.3333333333333333,4
adult,1,0.4837492874056374,-0.3333333333333333,4
flight,1,0.1689864093151694,-0.3076923076923077,4
flight,1,0.13514845205100667,-0.46153846153846156,6
flight,1,0.24980936013667854,-0.5384615384615384,7
flight,1,0.11650065212924676,-0.46153846153846156,6
flight,1,0.1222736628243225,-0.6153846153846154,8
flight,1,0.24980936013667854,-0.6153846153846154,8
flight,1,0.2455785165522859,-0.5384615384615384,7
flight,1,0.17632192147614734,-0.23076923076923078,3
flight,1,0.12744625720955838,-0.6153846153846154,8
flight,1,0.18094116044347042,-0.38461538461538464,5
flight,1,0.1689864093151694,-0.5384615384615384,7
flight,1,0.17632192147614734,-0.3076923076923077,4
flight,1,0.17632192147614734,-0.38461538461538464,5
flight,1,0.13514845205100667,-0.6923076923076923,9
flight,1,0.12744625720955838,-0.6153846153846154,8
flight,1,0.13514845205100667,-0.5384615384615384,7
flight,1,0.24980936013667854,-0.5384615384615384,7
flight,1,0.12744625720955838,-0.6923076923076923,9
flight,1,0.1689864093151694,-0.5384615384615384,7
flight,1,0.13514845205100667,-0.6153846153846154,8
flight,1,0.9826408586840785,-1.3846153846153846,5
flight,1,0.1689864093151694,-0.3076923076923077,4
flight,1,0.13818569520024426,-0.6923076923076923,9
flight,1,0.18094116044347042,-0.46153846153846156,6
flight,1,0.1689864093151694,-0.46153846153846156,6
flight,1,0.1689864093151694,-0.6153846153846154,8
flight,1,0.13514845205100667,-0.6153846153846154,8
flight,1,0.17632192147614734,-0.46153846153846156,6
flight,1,0.18094116044347042,-0.3076923076923077,4
flight,1,0.1689864093151694,-0.38461538461538464,5
flight,1,0.06676138493996508,-0.7692307692307693,10
flight,1,0.1689864093151694,-0.38461538461538464,5
flight,1,0.9826408586840785,-1.3846153846153846,5
flight,1,0.17632192147614734,-0.38461538461538464,5
flight,1,0.2455785165522859,-0.3076923076923077,4
flight,1,0.12744625720955838,-0.46153846153846156,6
flight,1,0.17632192147614734,-0.46153846153846156,6
flight,1,0.13514845205100667,-0.46153846153846156,6
flight,1,0.2455785165522859,-0.46153846153846156,6
flight,1,0.17632192147614734,-0.15384615384615385,2
flight,1,0.2455785165522859,-0.3076923076923077,4
flight,1,0.24980936013667854,-0.5384615384615384,7
flight,1,0.17632192147614734,-0.3076923076923077,4
flight,1,0.11650065212924676,-0.7692307692307693,10
flight,1,0.1689864093151694,-0.46153846153846156,6
flight,1,0.9680567115073361,-1.4615384615384617,6
flight,1,0.24980936013667854,-0.6153846153846154,8
flight,1,0.17632192147614734,-0.5384615384615384,7
flight,1,0.1689864093151694,-0.5384615384615384,7
flight,1,0.13514845205100667,-0.38461538461538464,5
flight,1,0.17632192147614734,-0.46153846153846156,6
flight,1,0.11650065212924676,-0.6153846153846154,8
flight,1,0.1689864093151694,-0.38461538461538464,5
flight,1,0.2455785165522859,-0.5384615384615384,7
flight,1,0.17632192147614734,-0.3076923076923077,4
flight,1,0.1689864093151694,-0.38461538461538464,5
flight,1,0.17632192147614734,-0.46153846153846156,6
flight,1,0.13514845205100667,-0.5384615384615384,7
flight,1,0.1689864093151694,-0.38461538461538464,5
flight,1,0.1222736628243225,-0.6153846153846154,8
flight,1,0.17632192147614734,-0.3076923076923077,4
flight,1,0.12744625720955838,-0.5384615384615384,7
flight,1,0.1689864093151694,-0.38461538461538464,5
flight,1,0.2455785165522859,-0.5384615384615384,7
flight,1,0.13818569520024426,-0.38461538461538464,5
flight,1,0.18094116044347042,-0.23076923076923078,3
flight,1,0.1689864093151694,-0.3076923076923077,4
flight,1,0.12744625720955838,-0.6153846153846154,8
flight,1,0.1689864093151694,-0.38461538461538464,5
flight,1,0.13514845205100667,-0.5384615384615384,7
flight,1,0.12744625720955838,-0.6153846153846154,8
flight,1,0.24980936013667854,-0.46153846153846156,6
flight,1,0.9398289956970705,-1.2307692307692308,3
flight,1,0.17632192147614734,-0.3076923076923077,4
flight,1,0.09465117793809541,-0.8461538461538461,11
flight,1,0.17632192147614734,-0.3076923076923077,4
flight,1,0.1689864093151694,-0.46153846153846156,6
flight,1,0.18094116044347042,-0.38461538461538464,5
flight,1,0.17632192147614734,-0.3076923076923077,4
flight,1,0.13514845205100667,-0.6153846153846154,8
flight,1,0.11650065212924676,-0.6153846153846154,8
flight,1,0.18094116044347042,-0.3076923076923077,4
flight,1,0.2455785165522859,-0.5384615384615384,7
flight,1,0.13514845205100667,-0.46153846153846156,6
flight,1,0.17632192147614734,-0.46153846153846156,6
flight,1,0.1689864093151694,-0.6153846153846154,8
flight,1,0.13514845205100667,-0.6153846153846154,8
flight,1,0.12744625720955838,-0.6153846153846154,8
flight,1,0.17632192147614734,-0.3076923076923077,4
flight,1,0.17632192147614734,-0.38461538461538464,5
flight,1,0.18094116044347042,-0.23076923076923078,3
flight,1,0.12744625720955838,-0.6153846153846154,8
flight,1,0.17632192147614734,-0.46153846153846156,6
flight,1,0.24980936013667854,-0.6923076923076923,9
flight,1,0.12744625720955838,-0.5384615384615384,7
flight,1,0.1689864093151694,-0.3076923076923077,4
flight,1,0.1689864093151694,-0.46153846153846156,6
flight,1,0.13514845205100667,-0.3076923076923077,4
flight,1,0.13514845205100667,-0.5384615384615384,7
flight,1,0.17632192147614734,-0.15384615384615385,2
tax,1,0.3057912208405609,-0.3333333333333333,1
tax,1,0.0,-1.0,3
tax,1,0.5548418449270073,-0.3333333333333333,1
tax,1,0.3057912208405609,-0.3333333333333333,1
tax,1,0.5548418449270073,-0.0,0
tax,1,0.5548418449270073,-0.0,0
tax,1,0.3057912208405609,-0.3333333333333333,1
tax,1,0.2290091161470067,-0.6666666666666666,2
tax,1,0.0,-1.0,3
tax,1,0.3057912208405609,-0.3333333333333333,1
tax,1,0.5548418449270073,-0.3333333333333333,1
tax,1,0.2290091161470067,-0.6666666666666666,2
tax,1,0.5548418449270073,-0.6666666666666666,2
tax,1,0.5548418449270073,-0.6666666666666666,2
tax,1,0.2290091161470067,-0.6666666666666666,2
tax,1,0.5548418449270073,-0.0,0
tax,1,0.5548418449270073,-0.0,0
tax,1,0.5548418449270073,-0.3333333333333333,1
tax,1,0.5548418449270073,-0.0,0
tax,1,0.3057912208405609,-0.3333333333333333,1
tax,1,0.5548418449270073,-0.3333333333333333,1
tax,1,0.2290091161470067,-0.6666666666666666,2
tax,1,0.5548418449270073,-0.3333333333333333,1
tax,1,0.3057912208405609,-0.6666666666666666,2
tax,1,0.5548418449270073,-0.3333333333333333,1
tax,1,0.5548418449270073,-0.0,0
tax,1,0.5548418449270073,-0.3333333333333333,1
tax,1,0.5548418449270073,-0.3333333333333333,1
tax,1,0.2290091161470067,-0.6666666666666666,2
tax,1,0.5548418449270073,-0.3333333333333333,1
tax,1,0.5548418449270073,-0.3333333333333333,1
tax,1,0.5548418449270073,-0.3333333333333333,1
tax,1,0.5548418449270073,-0.0,0
tax,1,0.5548418449270073,-0.6666666666666666,2
tax,1,0.3057912208405609,-0.3333333333333333,1
tax,1,0.5548418449270073,-0.0,0
tax,1,0.5548418449270073,-0.3333333333333333,1
tax,1,0.5548418449270073,-0.3333333333333333,1
tax,1,0.5548418449270073,-0.3333333333333333,1
tax,1,0.5548418449270073,-0.0,0
tax,1,0.5548418449270073,-0.0,0
tax,1,0.5548418449270073,-0.0,0
tax,1,0.5548418449270073,-0.3333333333333333,1
tax,1,0.3057912208405609,-0.3333333333333333,1
tax,1,0.2290091161470067,-0.6666666666666666,2
tax,1,0.5548418449270073,-0.3333333333333333,1
tax,1,0.5548418449270073,-0.0,0
tax,1,0.2290091161470067,-0.6666666666666666,2
tax,1,0.3057912208405609,-0.3333333333333333,1
tax,1,0.3057912208405609,-0.3333333333333333,1
tax,1,0.3057912208405609,-0.3333333333333333,1
tax,1,0.2290091161470067,-0.6666666666666666,2
tax,1,0.5548418449270073,-0.6666666666666666,2
tax,1,0.3057912208405609,-0.3333333333333333,1
tax,1,0.5548418449270073,-0.6666666666666666,2
tax,1,0.5548418449270073,-0.6666666666666666,2
tax,1,0.5548418449270073,-0.0,0
tax,1,0.5548418449270073,-0.0,0
tax,1,0.5548418449270073,-0.0,0
tax,1,0.5548418449270073,-0.3333333333333333,1
tax,1,0.5548418449270073,-0.3333333333333333,1
tax,1,0.5548418449270073,-0.3333333333333333,1
tax,1,0.5548418449270073,-0.6666666666666666,2
tax,1,0.3057912208405609,-0.6666666666666666,2
tax,1,0.5548418449270073,-0.0,0
tax,1,0.5548418449270073,-0.3333333333333333,1
tax,1,0.2290091161470067,-0.6666666666666666,2
tax,1,0.5548418449270073,-0.0,0
tax,1,0.5548418449270073,-0.3333333333333333,1
tax,1,0.3057912208405609,-0.6666666666666666,2
tax,1,0.5548418449270073,-0.3333333333333333,1
tax,1,0.5548418449270073,-0.6666666666666666,2
tax,1,0.5548418449270073,-0.3333333333333333,1
tax,1,0.2290091161470067,-0.6666666666666666,2
tax,1,0.5548418449270073,-0.3333333333333333,1
tax,1,0.5548418449270073,-0.0,0
tax,1,0.5548418449270073,-0.3333333333333333,1
tax,1,0.5548418449270073,-0.6666666666666666,2
tax,1,0.5548418449270073,-0.3333333333333333,1
tax,1,0.5548418449270073,-0.6666666666666666,2
tax,1,0.5548418449270073,-0.0,0
tax,1,0.5548418449270073,-0.0,0
tax,1,0.5548418449270073,-0.3333333333333333,1
tax,1,0.3057912208405609,-0.3333333333333333,1
tax,1,0.5548418449270073,-0.0,0
tax,1,0.3057912208405609,-0.3333333333333333,1
tax,1,0.3057912208405609,-0.3333333333333333,1
tax,1,0.5548418449270073,-0.3333333333333333,1
tax,1,0.3057912208405609,-0.3333333333333333,1
tax,1,0.5548418449270073,-0.0,0
tax,1,0.5548418449270073,-0.0,0
tax,1,0.3057912208405609,-0.6666666666666666,2
tax,1,0.2290091161470067,-0.6666666666666666,2
tax,1,0.5548418449270073,-0.0,0
tax,1,0.5548418449270073,-0.3333333333333333,1
tax,1,0.5548418449270073,-0.0,0
tax,1,0.3057912208405609,-0.3333333333333333,1
tax,1,0.2290091161470067,-0.6666666666666666,2
tax,1,0.3057912208405609,-0.6666666666666666,2
tax,1,0.0,-1.0,3
