epsilon,L0,leakage,utility,mask_size
1,0.25,0.003609042830710618,-0.586942376164044,5
1,0.25,0.003609042830710618,-0.586942376164044,5
1,0.25,0.22337399647872114,-0.30670732981205445,2
1,0.25,0.22337399647872114,-0.1400406631453878,1
1,0.25,0.22337399647872114,-0.47337399647872114,3
1,0.25,0.22337399647872114,-0.47337399647872114,3
1,0.25,0.03592524660768637,0.047408086725646975,1
1,0.25,0.22337399647872114,-0.47337399647872114,3
1,0.25,0.22337399647872114,-0.30670732981205445,2
1,0.25,0.03592524660768637,-0.452591913274353,4
1,0.25,0.051126318247808444,-0.4677929849144751,4
1,0.25,0.03592524660768637,0.047408086725646975,1
1,0.25,0.03592524660768637,-0.11925857994101968,2
1,0.25,0.03592524660768637,-0.28592524660768637,3
1,0.25,0.03592524660768637,-0.28592524660768637,3
1,0.25,0.22337399647872114,-0.47337399647872114,3
1,0.25,0.03592524660768637,-0.11925857994101968,2
1,0.25,0.0008907266304110095,-0.5842240599637444,5
1,0.25,0.03592524660768637,-0.452591913274353,4
1,0.25,0.013132038880604324,-0.42979870554727095,4
1,0.25,0.008222647309668152,-0.4248893139763348,4
1,0.25,0.004612425044516089,-0.4212790917111827,4
1,0.25,0.013132038880604324,-0.2631320388806043,3
1,0.25,0.22337399647872114,-0.1400406631453878,1
1,0.25,0.05010955345870127,-0.1334428867920346,2
1,0.25,0.013132038880604324,-0.42979870554727095,4
1,0.25,0.013132038880604324,-0.2631320388806043,3
1,0.25,0.05010955345870127,-0.3001095534587013,3
1,0.25,0.22337399647872114,-0.1400406631453878,1
1,0.25,0.05010955345870127,-0.3001095534587013,3
1,0.25,0.03592524660768637,-0.28592524660768637,3
1,0.25,0.05010955345870127,-0.3001095534587013,3
1,0.25,0.22337399647872114,-0.30670732981205445,2
1,0.25,0.03592524660768637,-0.28592524660768637,3
1,0.25,0.013132038880604324,-0.2631320388806043,3
1,0.25,0.013132038880604324,-0.09646537221393764,2
1,0.25,0.0,-0.41666666666666663,4
1,0.25,0.03592524660768637,-0.28592524660768637,3
1,0.25,0.05010955345870127,-0.1334428867920346,2
1,0.25,0.05010955345870127,-0.3001095534587013,3
1,0.25,0.05010955345870127,-0.3001095534587013,3
1,0.25,0.03592524660768637,-0.452591913274353,4
1,0.25,0.011469181810646378,-0.428135848477313,4
1,0.25,0.22337399647872114,-0.1400406631453878,1
1,0.25,0.03592524660768637,-0.11925857994101968,2
1,0.25,0.05010955345870127,-0.1334428867920346,2
1,0.25,0.009414806213275395,-0.2594148062132754,3
1,0.25,0.015768127809462573,-0.5991014611427959,5
1,0.25,0.05010955345870127,-0.3001095534587013,3
1,0.25,0.05853885744745513,-0.30853885744745513,3
1,0.25,0.03592524660768637,-0.11925857994101968,2
1,0.25,0.011469181810646378,-0.428135848477313,4
1,0.25,0.22337399647872114,-0.1400406631453878,1
1,0.25,0.009414806213275395,-0.426081472879942,4
1,0.25,0.05010955345870127,-0.3001095534587013,3
1,0.25,0.0,-0.5833333333333334,5
1,0.25,0.05010955345870127,-0.4667762201253679,4
1,0.25,0.03592524660768637,-0.11925857994101968,2
1,0.25,0.013132038880604324,-0.09646537221393764,2
1,0.25,0.05010955345870127,-0.4667762201253679,4
1,0.25,0.03592524660768637,-0.28592524660768637,3
1,0.25,0.03592524660768637,-0.28592524660768637,3
1,0.25,0.008222647309668152,-0.4248893139763348,4
1,0.25,0.013132038880604324,-0.42979870554727095,4
1,0.25,0.05010955345870127,-0.1334428867920346,2
1,0.25,0.004612425044516089,-0.4212790917111827,4
1,0.25,0.03592524660768637,-0.11925857994101968,2
1,0.25,0.05853885744745513,-0.30853885744745513,3
1,0.25,0.003306804705818678,-0.586640138039152,5
1,0.25,0.0,-0.5833333333333334,5
1,0.25,0.03592524660768637,-0.11925857994101968,2
1,0.25,0.015768127809462573,-0.5991014611427959,5
1,0.25,0.03592524660768637,-0.28592524660768637,3
1,0.25,0.22337399647872114,-0.30670732981205445,2
1,0.25,0.05010955345870127,-0.4667762201253679,4
1,0.25,0.22337399647872114,0.026626003521278863,0
1,0.25,0.03592524660768637,-0.11925857994101968,2
1,0.25,0.05010955345870127,-0.3001095534587013,3
1,0.25,0.003609042830710618,-0.586942376164044,5
1,0.25,0.004612425044516089,-0.4212790917111827,4
1,0.25,0.009414806213275395,-0.426081472879942,4
1,0.25,0.22337399647872114,0.026626003521278863,0
1,0.25,0.015768127809462573,-0.5991014611427959,5
1,0.25,0.05853885744745513,-0.47520552411412176,4
1,0.25,0.011469181810646378,-0.2614691818106464,3
1,0.25,0.22337399647872114,-0.30670732981205445,2
1,0.25,0.22337399647872114,-0.1400406631453878,1
1,0.25,0.22337399647872114,-0.30670732981205445,2
1,0.25,0.22337399647872114,-0.47337399647872114,3
1,0.25,0.03592524660768637,-0.28592524660768637,3
1,0.25,0.22337399647872114,-0.30670732981205445,2
1,0.25,0.03592524660768637,-0.28592524660768637,3
1,0.25,0.051126318247808444,-0.30112631824780844,3
1,0.25,0.013132038880604324,-0.09646537221393764,2
1,0.25,0.011469181810646378,-0.2614691818106464,3
1,0.25,0.05010955345870127,-0.3001095534587013,3
1,0.25,0.22337399647872114,-0.30670732981205445,2
1,0.25,0.05010955345870127,-0.4667762201253679,4
1,0.25,0.22337399647872114,-0.47337399647872114,3
1,0.25,0.03592524660768637,-0.28592524660768637,3
1,0.25,0.37620841728789634,-0.6,6
1,0.25,0.5202376749670268,-0.5,5
1,0.25,0.5468475106079831,-0.6,6
1,0.25,0.6623992294064142,-0.1,1
1,0.25,0.6086948858179753,-0.3,3
1,0.25,0.37624468341594786,-0.6,6
1,0.25,0.6090400455538584,-0.4,4
1,0.25,0.6090400455538584,-0.2,2
1,0.25,0.5422684587046469,-0.3,3
1,0.25,0.4694541344903692,-0.6,6
1,0.25,0.5206608604337979,-0.7,7
1,0.25,0.3592419527878562,-0.5,5
1,0.25,0.44440927545847886,-0.7,7
1,0.25,0.5468475106079831,-0.6,6
1,0.25,0.5422684587046469,-0.7,7
1,0.25,0.6623992294064142,-0.3,3
1,0.25,0.5422684587046469,-0.5,5
1,0.25,0.5468475106079831,-0.3,3
1,0.25,0.37624468341594786,-0.4,4
1,0.25,0.5860822545816282,-0.3,3
1,0.25,0.26187931623708605,-0.5,5
1,0.25,0.6086948858179753,-0.4,4
1,0.25,0.37620841728789634,-0.6,6
1,0.25,0.6090400455538584,-0.4,4
1,0.25,0.3166049127277152,-0.6,6
1,0.25,0.2629936790618288,-0.6,6
1,0.25,0.6623992294064142,-0.2,2
1,0.25,0.6086948858179753,-0.4,4
1,0.25,0.6086948858179753,-0.7,7
1,0.25,0.6086948858179753,-0.1,1
1,0.25,0.3166049127277152,-0.7,7
1,0.25,0.6623992294064142,-0.3,3
1,0.25,0.21945273335876703,-0.569452733358767,6
1,0.25,0.46992211475481305,-0.5,5
1,0.25,0.5206608604337979,-0.4,4
1,0.25,0.37624468341594786,-0.4,4
1,0.25,0.5422684587046469,-0.4,4
1,0.25,0.2629936790618288,-0.6,6
1,0.25,0.6623992294064142,-0.2,2
1,0.25,0.37624468341594786,-0.4,4
1,0.25,0.5468475106079831,-0.4,4
1,0.25,0.46992211475481305,-0.6,6
1,0.25,0.37624468341594786,-0.4,4
1,0.25,0.5860822545816282,-0.4,4
1,0.25,0.4694541344903692,-0.4,4
1,0.25,0.26187931623708605,-0.5,5
1,0.25,0.2629936790618288,-0.8,8
1,0.25,0.5860822545816282,-0.2,2
1,0.25,0.26187931623708605,-0.6,6
1,0.25,0.5860822545816282,-0.3,3
1,0.25,0.3592419527878562,-0.4,4
1,0.25,0.4694541344903692,-0.7,7
1,0.25,0.6090400455538584,-0.5,5
1,0.25,0.37624468341594786,-0.3,3
1,0.25,0.385599188513301,-0.8,8
1,0.25,0.26303652729247295,-0.6,6
1,0.25,0.46992211475481305,-0.5,5
1,0.25,0.5422684587046469,-0.4,4
1,0.25,0.385599188513301,-0.8,8
1,0.25,0.6623992294064142,-0.3,3
1,0.25,0.24315756576632586,-0.7931575657663259,8
1,0.25,0.5422684587046469,-0.5,5
1,0.25,0.46992211475481305,-0.6,6
1,0.25,0.5860822545816282,-0.3,3
1,0.25,0.5422684587046469,-0.4,4
1,0.25,0.44440927545847886,-0.8,8
1,0.25,0.44440927545847886,-0.6,6
1,0.25,0.44440927545847886,-0.6,6
1,0.25,0.26303652729247295,-0.6,6
1,0.25,0.6623992294064142,-0.3,3
1,0.25,0.385599188513301,-0.3,3
1,0.25,0.019231040185319626,-0.5692310401853197,8
1,0.25,0.385599188513301,-0.7,7
1,0.25,0.5206608604337979,-0.5,5
1,0.25,0.4694541344903692,-0.7,7
1,0.25,0.385599188513301,-0.6,6
1,0.25,0.44440927545847886,-0.6,6
1,0.25,0.5468475106079831,-0.5,5
1,0.25,0.46992211475481305,-0.3,3
1,0.25,0.2629936790618288,-0.6,6
1,0.25,0.5206608604337979,-0.5,5
1,0.25,0.5468475106079831,-0.4,4
1,0.25,0.5202376749670268,-0.6,6
1,0.25,0.5468475106079831,-0.4,4
1,0.25,0.385599188513301,-0.8,8
1,0.25,0.6090400455538584,-0.5,5
1,0.25,0.4694541344903692,-0.2,2
1,0.25,0.5468475106079831,-0.4,4
1,0.25,0.6090400455538584,-0.3,3
1,0.25,0.44440927545847886,-0.4,4
1,0.25,0.46992211475481305,-0.6,6
1,0.25,0.26187931623708605,-0.6,6
1,0.25,0.5468475106079831,-0.5,5
1,0.25,0.5422684587046469,-0.1,1
1,0.25,0.385599188513301,-0.8,8
1,0.25,0.6086948858179753,-0.5,5
1,0.25,0.21940735109689347,-0.5694073510968934,6
1,0.25,0.5206608604337979,-0.5,5
1,0.25,0.26303652729247295,-0.5,5
1,0.25,0.5202376749670268,-0.3,3
1,0.25,0.1129678754391773,-0.3629678754391773,6
1,0.25,0.3814006228815784,-0.25,3
1,0.25,0.13081645744363246,-0.21414979077696578,4
1,0.25,0.3254611976649975,-0.5833333333333334,7
1,0.25,0.13199169267231325,-0.21532502600564657,4
1,0.25,0.08871078810300614,-0.33871078810300614,6
1,0.25,0.364697551973022,-0.4166666666666667,5
1,0.25,0.43187055559681353,-0.5833333333333334,7
1,0.25,0.010983116586237185,-0.4276497832529038,8
1,0.25,0.1918435114997622,-0.3585101781664289,5
1,0.25,0.3254611976649975,-0.4166666666666667,5
1,0.25,0.07155012732988897,-0.40488346066322234,7
1,0.25,0.07113472199525506,-0.4878013886619217,8
1,0.25,0.29176047451397824,-0.4166666666666667,5
1,0.25,0.36729045602441623,-0.3333333333333333,4
1,0.25,0.36392001217105396,-0.5,6
1,0.25,0.3100963349190713,-0.5,6
1,0.25,0.01991825724577312,-0.3532515905791065,7
1,0.25,0.07785775826665564,-0.32785775826665564,6
1,0.25,0.3115010295101157,-0.5,6
1,0.25,0.36317027122140566,-0.5,6
1,0.25,0.31172716035270176,-0.3333333333333333,4
1,0.25,0.11023352473050418,-0.44356685806383755,7
1,0.25,0.3161473831452506,-0.5,6
1,0.25,0.34116054571160237,-0.16666666666666666,2
1,0.25,0.3104229597877465,-0.75,9
1,0.25,0.153111733809706,-0.5697784004763726,8
1,0.25,0.1513492986487286,-0.3180159653153953,5
1,0.25,0.062202036660743865,-0.39553536999407723,7
1,0.25,0.0774344949388257,-0.3274344949388257,6
1,0.25,0.13249648641337675,-0.13249648641337675,3
1,0.25,0.13567196804048298,-0.30233863470714967,5
1,0.25,0.3526322569387699,-0.4166666666666667,5
1,0.25,0.13519474664706044,-0.38519474664706044,6
1,0.25,0.07078864823288122,-0.48745531489954785,8
1,0.25,0.2589095784421014,-0.3333333333333333,4
1,0.25,0.11202783203166178,-0.44536116536499515,7
1,0.25,0.08099673306275634,-0.16433006639608966,4
1,0.25,0.1221178441278874,-0.538784510794554,8
1,0.25,0.23301141288485505,-0.23301141288485505,3
1,0.25,0.11304793775815403,-0.363047937758154,6
1,0.25,0.08370467084281608,-0.25037133750948276,5
1,0.25,0.14340383413236968,-0.226737167465703,4
1,0.25,0.13976716685941815,-0.4731005001927515,7
1,0.25,0.07114802585267854,-0.4044813591860119,7
1,0.25,0.3514304689713095,-0.3333333333333333,4
1,0.25,0.3514304689713095,-0.5833333333333334,7
1,0.25,0.2589095784421014,-0.4166666666666667,5
1,0.25,0.030157248553908,-0.36349058188724137,7
1,0.25,0.15346947347685924,-0.23680280681019256,4
1,0.25,0.2776253562934289,-0.3333333333333333,4
1,0.25,0.13210379377006298,-0.5487704604367296,8
1,0.25,0.0783802885277034,-0.3283802885277034,6
1,0.25,0.08464059780715749,-0.41797393114049086,7
1,0.25,0.14340383413236968,-0.31007050079903636,5
1,0.25,0.364697551973022,-0.4166666666666667,5
1,0.25,0.153111733809706,-0.5697784004763726,8
1,0.25,0.0541989153125102,-0.3041989153125102,6
1,0.25,0.24774524565692913,-0.33107857899026244,4
1,0.25,0.2482887212771384,-0.4149553879438051,5
1,0.25,0.22330025496510864,-0.556633588298442,7
1,0.25,0.4315654865181012,-0.16666666666666666,2
1,0.25,0.08089860703550555,-0.5808986070355056,9
1,0.25,0.07218957454608055,-0.32218957454608055,6
1,0.25,0.0593446672320167,-0.6426780005653501,10
1,0.25,0.3127050815561151,-0.4166666666666667,5
1,0.25,0.3527383773688254,-0.25,3
1,0.25,0.06858961235503391,-0.2352562790217006,5
1,0.25,0.04164231935793272,-0.3749756526912661,7
1,0.25,0.35802046232383233,-0.4166666666666667,5
1,0.25,0.29176047451397824,-0.4166666666666667,5
1,0.25,0.3527383773688254,-0.5,6
1,0.25,0.022662624511418872,-0.4393292911780855,8
1,0.25,0.0,-0.5833333333333334,10
1,0.25,0.11252786678133886,-0.44586120011467223,7
1,0.25,0.3409788878823009,-0.3333333333333333,4
1,0.25,0.3103719724634426,-0.6666666666666666,8
1,0.25,0.14459078502134148,-0.47792411835467485,7
1,0.25,0.4516656596995132,-0.3333333333333333,4
1,0.25,0.13081645744363246,-0.38081645744363246,6
1,0.25,0.13199169267231325,-0.29865835933897994,5
1,0.25,0.1272808561207297,-0.2939475227873964,5
1,0.25,0.08464059780715749,-0.41797393114049086,7
1,0.25,0.06296199010796566,-0.4796286567746323,8
1,0.25,0.31172716035270176,-0.4166666666666667,5
1,0.25,0.24774524565692913,-0.24774524565692913,3
1,0.25,0.3514304689713095,-0.4166666666666667,5
1,0.25,0.08877250125931002,-0.4221058345926434,7
1,0.25,0.17226115198785008,-0.2555944853211834,4
1,0.25,0.08099673306275634,-0.16433006639608966,4
1,0.25,0.4837492874056374,-0.3333333333333333,4
1,0.25,0.06427110124881297,-0.39760443458214634,7
1,0.25,0.17947869520524695,-0.5961453618719136,8
1,0.25,0.08872370928096829,-0.42205704261430166,7
1,0.25,0.4400981151104615,-0.3333333333333333,4
1,0.25,0.3553620079404467,-0.5,6
1,0.25,0.3104229597877465,-0.5833333333333334,7
1,0.25,0.3964254185983369,-0.4166666666666667,5
1,0.25,0.11023352473050418,-0.44356685806383755,7
1,0.25,0.08714306403972205,-0.4204763973730554,7
1,0.25,0.17632192147614734,-0.3878603830146089,6
1,0.25,0.9680567115073361,-0.5384615384615384,7
1,0.25,0.13860775127558567,-0.580915443583278,9
1,0.25,0.9826408586840785,-0.3076923076923077,4
1,0.25,0.9680567115073361,-0.46153846153846156,6
1,0.25,0.8846850956852224,-0.5384615384615384,7
1,0.25,0.7615997542394806,-0.38461538461538464,5
1,0.25,0.7637041577312637,-0.38461538461538464,5
1,0.25,0.9826408586840785,-0.3076923076923077,4
1,0.25,0.7806898343893851,-0.6153846153846154,8
1,0.25,0.9826408586840785,-0.6153846153846154,8
1,0.25,0.9826408586840785,-0.38461538461538464,5
1,0.25,0.24980936013667854,-0.4613478216751401,6
1,0.25,0.17632192147614734,-0.5417065368607628,8
1,0.25,0.9680567115073361,-0.38461538461538464,5
1,0.25,0.9680567115073361,-0.38461538461538464,5
1,0.25,0.9680567115073361,-0.6153846153846154,8
1,0.25,0.9680567115073361,-0.5384615384615384,7
1,0.25,0.10474597691629739,-0.7008998230701435,11
1,0.25,0.7615997542394806,-0.46153846153846156,6
1,0.25,0.7615997542394806,-0.23076923076923078,3
1,0.25,0.9826408586840785,-0.38461538461538464,5
1,0.25,0.11650065212924676,-0.4049621905907852,7
1,0.25,0.9826408586840785,-0.38461538461538464,5
1,0.25,0.7615997542394806,-0.6153846153846154,8
1,0.25,0.18094116044347042,-0.392479621981932,6
1,0.25,0.7637041577312637,-0.46153846153846156,6
1,0.25,0.7835724119593105,-0.5384615384615384,7
1,0.25,0.9680567115073361,-0.6923076923076923,9
1,0.25,0.9826408586840785,-0.5384615384615384,7
1,0.25,0.9826408586840785,-0.46153846153846156,6
1,0.25,0.9826408586840785,-0.38461538461538464,5
1,0.25,0.2455785165522859,-0.5340400550138243,7
1,0.25,0.9826408586840785,-0.3076923076923077,4
1,0.25,0.9680567115073361,-0.38461538461538464,5
1,0.25,0.7637041577312637,-0.5384615384615384,7
1,0.25,0.7835724119593105,-0.46153846153846156,6
1,0.25,0.8846850956852224,-0.6923076923076923,9
1,0.25,0.8846850956852224,-0.46153846153846156,6
1,0.25,0.08941260736401113,-0.22402799197939577,5
1,0.25,0.7615997542394806,-0.46153846153846156,6
1,0.25,0.9680567115073361,-0.6153846153846154,8
1,0.25,0.7615997542394806,-0.6153846153846154,8
1,0.25,0.7835724119593105,-0.46153846153846156,6
1,0.25,0.7615997542394806,-0.5384615384615384,7
1,0.25,0.9680567115073361,-0.7692307692307693,10
1,0.25,0.09261046869249534,-0.5349181610001876,9
1,0.25,0.10449109917159038,-0.5467987914792827,9
1,0.25,0.7615997542394806,-0.3076923076923077,4
1,0.25,0.08907123541814055,-0.6083020046489098,10
1,0.25,0.9680567115073361,-0.46153846153846156,6
1,0.25,0.18094116044347042,-0.5463257758280858,8
1,0.25,0.7637041577312637,-0.46153846153846156,6
1,0.25,0.9826408586840785,-0.46153846153846156,6
1,0.25,0.7835724119593105,-0.46153846153846156,6
1,0.25,0.9680567115073361,-0.38461538461538464,5
1,0.25,0.1689864093151694,-0.38052487085363096,6
1,0.25,0.9826408586840785,-0.23076923076923078,3
1,0.25,0.9680567115073361,-0.6153846153846154,8
1,0.25,0.7637041577312637,-0.3076923076923077,4
1,0.25,0.9826408586840785,-0.46153846153846156,6
1,0.25,0.7615997542394806,-0.46153846153846156,6
1,0.25,0.9826408586840785,-0.46153846153846156,6
1,0.25,0.9680567115073361,-0.6923076923076923,9
1,0.25,0.9826408586840785,-0.46153846153846156,6
1,0.25,0.13860775127558567,-0.35014621281404723,6
1,0.25,0.9826408586840785,-0.38461538461538464,5
1,0.25,0.9680567115073361,-0.46153846153846156,6
1,0.25,0.1689864093151694,-0.45744794777670783,7
1,0.25,0.7615997542394806,-0.6923076923076923,9
1,0.25,0.9826408586840785,-0.3076923076923077,4
1,0.25,0.7637041577312637,-0.3076923076923077,4
1,0.25,0.9826408586840785,-0.23076923076923078,3
1,0.25,0.1689864093151694,-0.5343710246997848,8
1,0.25,0.9826408586840785,-0.46153846153846156,6
1,0.25,0.9680567115073361,-0.7692307692307693,10
1,0.25,0.7637041577312637,-0.6153846153846154,8
1,0.25,0.7637041577312637,-0.5384615384615384,7
1,0.25,0.9826408586840785,-0.38461538461538464,5
1,0.25,0.9680567115073361,-0.5384615384615384,7
1,0.25,0.9826408586840785,-0.38461538461538464,5
1,0.25,0.8846850956852224,-0.6923076923076923,9
1,0.25,0.9680567115073361,-0.38461538461538464,5
1,0.25,0.1689864093151694,-0.45744794777670783,7
1,0.25,0.9680567115073361,-0.8461538461538461,11
1,0.25,0.9826408586840785,-0.5384615384615384,7
1,0.25,0.9680567115073361,-0.5384615384615384,7
1,0.25,0.9680567115073361,-0.46153846153846156,6
1,0.25,0.14621142152444744,-0.4346729599859859,7
1,0.25,0.14210089823029137,-0.5844085905379837,9
1,0.25,0.9826408586840785,-0.46153846153846156,6
1,0.25,0.9826408586840785,-0.5384615384615384,7
1,0.25,0.08941260736401113,-0.37787414582554957,7
1,0.25,0.1689864093151694,-0.38052487085363096,6
1,0.25,0.7615997542394806,-0.46153846153846156,6
1,0.25,0.9680567115073361,-0.5384615384615384,7
1,0.25,0.8846850956852224,-0.46153846153846156,6
1,0.25,0.23553045167227926,-0.6009150670568947,8
1,0.25,0.1689864093151694,-0.30360179393055403,5
1,0.25,0.1689864093151694,-0.30360179393055403,5
1,0.25,0.5548418449270073,-0.3333333333333333,1
1,0.25,0.5548418449270073,0.0,0
1,0.25,0.3057912208405609,-0.6666666666666666,2
1,0.25,0.3057912208405609,-0.3333333333333333,1
1,0.25,0.5548418449270073,-0.3333333333333333,1
1,0.25,0.5548418449270073,-0.3333333333333333,1
1,0.25,0.5548418449270073,-0.3333333333333333,1
1,0.25,0.5548418449270073,0.0,0
1,0.25,0.3057912208405609,-0.6666666666666666,2
1,0.25,0.5548418449270073,-0.3333333333333333,1
1,0.25,0.5548418449270073,-0.3333333333333333,1
1,0.25,0.5548418449270073,-0.6666666666666666,2
1,0.25,0.5548418449270073,-0.3333333333333333,1
1,0.25,0.5548418449270073,0.0,0
1,0.25,0.5548418449270073,-0.3333333333333333,1
1,0.25,0.3057912208405609,-0.3333333333333333,1
1,0.25,0.5548418449270073,-0.3333333333333333,1
1,0.25,0.5548418449270073,-0.6666666666666666,2
1,0.25,0.5548418449270073,-0.3333333333333333,1
1,0.25,0.2290091161470067,-0.6456757828136733,2
1,0.25,0.5548418449270073,0.0,0
1,0.25,0.5548418449270073,-0.6666666666666666,2
1,0.25,0.3057912208405609,-0.6666666666666666,2
1,0.25,0.5548418449270073,-0.3333333333333333,1
1,0.25,0.5548418449270073,-0.3333333333333333,1
1,0.25,0.0,-0.75,3
1,0.25,0.3057912208405609,-0.6666666666666666,2
1,0.25,0.5548418449270073,-0.6666666666666666,2
1,0.25,0.3057912208405609,-0.6666666666666666,2
1,0.25,0.3057912208405609,-0.6666666666666666,2
1,0.25,0.5548418449270073,0.0,0
1,0.25,0.5548418449270073,-0.3333333333333333,1
1,0.25,0.3057912208405609,-0.6666666666666666,2
1,0.25,0.5548418449270073,0.0,0
1,0.25,0.3057912208405609,-0.3333333333333333,1
1,0.25,0.0,-0.75,3
1,0.25,0.5548418449270073,-0.3333333333333333,1
1,0.25,0.5548418449270073,-0.6666666666666666,2
1,0.25,0.5548418449270073,-0.6666666666666666,2
1,0.25,0.5548418449270073,-0.3333333333333333,1
1,0.25,0.5548418449270073,-0.3333333333333333,1
1,0.25,0.5548418449270073,0.0,0
1,0.25,0.2290091161470067,-0.6456757828136733,2
1,0.25,0.0,-0.75,3
1,0.25,0.5548418449270073,-0.3333333333333333,1
1,0.25,0.5548418449270073,-0.6666666666666666,2
1,0.25,0.5548418449270073,-0.3333333333333333,1
1,0.25,0.5548418449270073,-0.6666666666666666,2
1,0.25,0.3057912208405609,-0.3333333333333333,1
1,0.25,0.5548418449270073,0.0,0
1,0.25,0.3057912208405609,-0.6666666666666666,2
1,0.25,0.5548418449270073,-0.3333333333333333,1
1,0.25,0.5548418449270073,0.0,0
1,0.25,0.5548418449270073,-0.3333333333333333,1
1,0.25,0.0,-0.75,3
1,0.25,0.2290091161470067,-0.6456757828136733,2
1,0.25,0.5548418449270073,-0.3333333333333333,1
1,0.25,0.5548418449270073,0.0,0
1,0.25,0.2290091161470067,-0.6456757828136733,2
1,0.25,0.5548418449270073,-0.6666666666666666,2
1,0.25,0.3057912208405609,-0.3333333333333333,1
1,0.25,0.5548418449270073,-0.3333333333333333,1
1,0.25,0.3057912208405609,-0.6666666666666666,2
1,0.25,0.3057912208405609,-0.6666666666666666,2
1,0.25,0.3057912208405609,-0.6666666666666666,2
1,0.25,0.5548418449270073,0.0,0
1,0.25,0.3057912208405609,-0.3333333333333333,1
1,0.25,0.5548418449270073,0.0,0
1,0.25,0.5548418449270073,0.0,0
1,0.25,0.0,-0.75,3
1,0.25,0.3057912208405609,-0.3333333333333333,1
1,0.25,0.3057912208405609,-0.3333333333333333,1
1,0.25,0.5548418449270073,0.0,0
1,0.25,0.0,-0.75,3
1,0.25,0.2290091161470067,-0.6456757828136733,2
1,0.25,0.5548418449270073,-0.3333333333333333,1
1,0.25,0.3057912208405609,-0.6666666666666666,2
1,0.25,0.3057912208405609,-0.3333333333333333,1
1,0.25,0.5548418449270073,-0.3333333333333333,1
1,0.25,0.5548418449270073,-0.6666666666666666,2
1,0.25,0.5548418449270073,-0.3333333333333333,1
1,0.25,0.5548418449270073,0.0,0
1,0.25,0.3057912208405609,-0.3333333333333333,1
1,0.25,0.5548418449270073,0.0,0
1,0.25,0.5548418449270073,-0.6666666666666666,2
1,0.25,0.5548418449270073,0.0,0
1,0.25,0.2290091161470067,-0.6456757828136733,2
1,0.25,0.5548418449270073,0.0,0
1,0.25,0.5548418449270073,-0.3333333333333333,1
1,0.25,0.0,-0.75,3
1,0.25,0.5548418449270073,-0.6666666666666666,2
1,0.25,0.3057912208405609,-0.6666666666666666,2
1,0.25,0.5548418449270073,-0.3333333333333333,1
1,0.25,0.0,-0.75,3
1,0.25,0.3057912208405609,-0.3333333333333333,1
1,0.25,0.5548418449270073,0.0,0
1,0.25,0.5548418449270073,-0.3333333333333333,1
1,0.25,0.3057912208405609,-0.6666666666666666,2
1,0.25,0.5548418449270073,0.0,0
1,0.25,0.5548418449270073,0.0,0
