epsilon,L0,leakage,utility,mask_size
0.1,0.75,0.03592524660768637,0.21407475339231363,3
0.1,0.75,0.22337399647872114,0.35995933685461223,1
0.1,0.75,0.003609042830710618,-0.08694237616404399,5
0.1,0.75,0.03592524660768637,0.21407475339231363,3
0.1,0.75,0.22337399647872114,0.19329267018794555,2
0.1,0.75,0.05010955345870127,0.0332237798746321,4
0.1,0.75,0.03592524660768637,0.3807414200589803,2
0.1,0.75,0.03592524660768637,0.21407475339231363,3
0.1,0.75,0.03592524660768637,0.547408086725647,1
0.1,0.75,0.03592524660768637,0.3807414200589803,2
0.1,0.75,0.013132038880604324,0.23686796111939568,3
0.1,0.75,0.22337399647872114,0.19329267018794555,2
0.1,0.75,0.05853885744745513,0.024794475885878242,4
0.1,0.75,0.05010955345870127,0.3665571132079654,2
0.1,0.75,0.03592524660768637,0.3807414200589803,2
0.1,0.75,0.013132038880604324,0.40353462778606236,2
0.1,0.75,0.03592524660768637,0.3807414200589803,2
0.1,0.75,0.05853885744745513,0.024794475885878242,4
0.1,0.75,0.051126318247808444,0.032207015085524926,4
0.1,0.75,0.05853885744745513,0.19146114255254487,3
0.1,0.75,0.22337399647872114,0.19329267018794555,2
0.1,0.75,0.22337399647872114,0.19329267018794555,2
0.1,0.75,0.05010955345870127,0.3665571132079654,2
0.1,0.75,0.05853885744745513,0.024794475885878242,4
0.1,0.75,0.22337399647872114,0.35995933685461223,1
0.1,0.75,0.015768127809462573,-0.09910146114279594,5
0.1,0.75,0.22337399647872114,-0.14004066314538777,4
0.1,0.75,0.03592524660768637,0.3807414200589803,2
0.1,0.75,0.03592524660768637,0.21407475339231363,3
0.1,0.75,0.22337399647872114,0.19329267018794555,2
0.1,0.75,0.013132038880604324,0.23686796111939568,3
0.1,0.75,0.22337399647872114,0.19329267018794555,2
0.1,0.75,0.05010955345870127,0.19989044654129873,3
0.1,0.75,0.03592524660768637,0.3807414200589803,2
0.1,0.75,0.03592524660768637,0.3807414200589803,2
0.1,0.75,0.22337399647872114,0.35995933685461223,1
0.1,0.75,0.22337399647872114,0.19329267018794555,2
0.1,0.75,0.22337399647872114,0.19329267018794555,2
0.1,0.75,0.22337399647872114,0.19329267018794555,2
0.1,0.75,0.03592524660768637,0.047408086725647,4
0.1,0.75,0.03592524660768637,0.21407475339231363,3
0.1,0.75,0.008222647309668152,0.07511068602366522,4
0.1,0.75,0.03592524660768637,0.3807414200589803,2
0.1,0.75,0.03592524660768637,0.21407475339231363,3
0.1,0.75,0.22337399647872114,0.026626003521278863,3
0.1,0.75,0.013132038880604324,0.07020129445272905,4
0.1,0.75,0.015768127809462573,-0.09910146114279594,5
0.1,0.75,0.011469181810646378,0.23853081818935362,3
0.1,0.75,0.06016840572859605,0.023164927604737318,4
0.1,0.75,0.03592524660768637,0.21407475339231363,3
0.1,0.75,0.03592524660768637,0.21407475339231363,3
0.1,0.75,0.03592524660768637,0.21407475339231363,3
0.1,0.75,0.03592524660768637,0.21407475339231363,3
0.1,0.75,0.22337399647872114,0.19329267018794555,2
0.1,0.75,0.03592524660768637,0.3807414200589803,2
0.1,0.75,0.009414806213275395,0.07391852712005798,4
0.1,0.75,0.03592524660768637,0.21407475339231363,3
0.1,0.75,0.051126318247808444,0.032207015085524926,4
0.1,0.75,0.011469181810646378,0.23853081818935362,3
0.1,0.75,0.22337399647872114,0.19329267018794555,2
0.1,0.75,0.011469181810646378,0.23853081818935362,3
0.1,0.75,0.05010955345870127,0.19989044654129873,3
0.1,0.75,0.03592524660768637,0.547408086725647,1
0.1,0.75,0.011469181810646378,0.07186415152268699,4
0.1,0.75,0.013132038880604324,0.23686796111939568,3
0.1,0.75,0.22337399647872114,0.19329267018794555,2
0.1,0.75,0.05853885744745513,0.19146114255254487,3
0.1,0.75,0.03592524660768637,0.3807414200589803,2
0.1,0.75,0.22337399647872114,0.19329267018794555,2
0.1,0.75,0.008222647309668152,0.07511068602366522,4
0.1,0.75,0.05010955345870127,0.19989044654129873,3
0.1,0.75,0.22337399647872114,0.026626003521278863,3
0.1,0.75,0.05853885744745513,0.19146114255254487,3
0.1,0.75,0.011469181810646378,0.07186415152268699,4
0.1,0.75,0.03592524660768637,0.21407475339231363,3
0.1,0.75,0.03592524660768637,0.047408086725647,4
0.1,0.75,0.03592524660768637,0.3807414200589803,2
0.1,0.75,0.03592524660768637,0.547408086725647,1
0.1,0.75,0.051126318247808444,0.19887368175219156,3
0.1,0.75,0.0008907266304110095,-0.08422405996374438,5
0.1,0.75,0.013132038880604324,0.23686796111939568,3
0.1,0.75,0.03592524660768637,0.047408086725647,4
0.1,0.75,0.03592524660768637,0.3807414200589803,2
0.1,0.75,0.03592524660768637,0.3807414200589803,2
0.1,0.75,0.015768127809462573,0.0675652055238708,4
0.1,0.75,0.003609042830710618,-0.08694237616404399,5
0.1,0.75,0.22337399647872114,0.19329267018794555,2
0.1,0.75,0.009414806213275395,0.07391852712005798,4
0.1,0.75,0.22337399647872114,0.026626003521278863,3
0.1,0.75,0.03592524660768637,0.047408086725647,4
0.1,0.75,0.013132038880604324,0.23686796111939568,3
0.1,0.75,0.22337399647872114,0.5266260035212789,0
0.1,0.75,0.03592524660768637,0.047408086725647,4
0.1,0.75,0.003306804705818678,-0.08664013803915205,5
0.1,0.75,0.013132038880604324,0.40353462778606236,2
0.1,0.75,0.05010955345870127,0.3665571132079654,2
0.1,0.75,0.003609042830710618,-0.08694237616404399,5
0.1,0.75,0.22337399647872114,0.19329267018794555,2
0.1,0.75,0.013132038880604324,0.23686796111939568,3
0.1,0.75,0.008222647309668152,0.07511068602366522,4
0.1,0.75,0.6623992294064142,-0.012399229406414164,1
0.1,0.75,0.5202376749670268,-0.2702376749670268,5
0.1,0.75,0.5206608604337979,-0.2706608604337979,5
0.1,0.75,0.2902622119955647,-0.24026221199556463,7
0.1,0.75,0.6086948858179753,-0.05869488581797527,2
0.1,0.75,0.5468475106079831,-0.39684751060798307,6
0.1,0.75,0.37624468341594786,-0.22624468341594783,6
0.1,0.75,0.385599188513301,-0.03559918851330102,4
0.1,0.75,0.5206608604337979,-0.2706608604337979,5
0.1,0.75,0.26303652729247295,-0.11303652729247293,6
0.1,0.75,0.5468475106079831,-0.39684751060798307,6
0.1,0.75,0.6623992294064142,-0.21239922940641415,3
0.1,0.75,0.5468475106079831,-0.39684751060798307,6
0.1,0.75,0.5422684587046469,0.007731541295353084,2
0.1,0.75,0.6086948858179753,-0.2586948858179753,4
0.1,0.75,0.26303652729247295,-0.11303652729247293,6
0.1,0.75,0.37624468341594786,-0.12624468341594786,5
0.1,0.75,0.6623992294064142,-0.11239922940641417,2
0.1,0.75,0.5468475106079831,-0.49684751060798305,7
0.1,0.75,0.6623992294064142,-0.11239922940641417,2
0.1,0.75,0.2902622119955647,-0.24026221199556463,7
0.1,0.75,0.4694541344903692,-0.3194541344903692,6
0.1,0.75,0.6090400455538584,-0.15904004555385837,3
0.1,0.75,0.37624468341594786,-0.12624468341594786,5
0.1,0.75,0.5422684587046469,-0.2922684587046469,5
0.1,0.75,0.385599188513301,-0.03559918851330102,4
0.1,0.75,0.6623992294064142,-0.012399229406414164,1
0.1,0.75,0.4694541344903692,-0.5194541344903693,8
0.1,0.75,0.5206608604337979,-0.1706608604337979,4
0.1,0.75,0.5422684587046469,-0.2922684587046469,5
0.1,0.75,0.6086948858179753,-0.15869488581797525,3
0.1,0.75,0.385599188513301,-0.135599188513301,5
0.1,0.75,0.26303652729247295,-0.013036527292472955,5
0.1,0.75,0.5422684587046469,-0.19226845870464693,4
0.1,0.75,0.6090400455538584,-0.45904004555385836,6
0.1,0.75,0.4694541344903692,-0.41945413449036917,7
0.1,0.75,0.44440927545847886,-0.29440927545847884,6
0.1,0.75,0.26187931623708605,-0.11187931623708602,6
0.1,0.75,0.5860822545816282,-0.1360822545816282,3
0.1,0.75,0.4694541344903692,-0.3194541344903692,6
0.1,0.75,0.4694541344903692,-0.2194541344903692,5
0.1,0.75,0.44440927545847886,-0.4944092754584789,8
0.1,0.75,0.5422684587046469,0.10773154129535309,1
0.1,0.75,0.6623992294064142,-0.3123992294064142,4
0.1,0.75,0.5468475106079831,-0.1968475106079831,4
0.1,0.75,0.5202376749670268,-0.37023767496702675,6
0.1,0.75,0.6090400455538584,-0.3590400455538584,5
0.1,0.75,0.385599188513301,-0.135599188513301,5
0.1,0.75,0.44440927545847886,-0.3944092754584788,7
0.1,0.75,0.261836400724347,-0.11183640072434697,6
0.1,0.75,0.26303652729247295,-0.11303652729247293,6
0.1,0.75,0.5860822545816282,-0.1360822545816282,3
0.1,0.75,0.261836400724347,-0.11183640072434697,6
0.1,0.75,0.37620841728789634,-0.026208417287896357,4
0.1,0.75,0.24315756576632586,-0.09315756576632583,6
0.1,0.75,0.6086948858179753,-0.35869488581797526,5
0.1,0.75,0.385599188513301,-0.33559918851330095,7
0.1,0.75,0.6090400455538584,-0.15904004555385837,3
0.1,0.75,0.5468475106079831,-0.1968475106079831,4
0.1,0.75,0.4694541344903692,-0.11945413449036923,4
0.1,0.75,0.4694541344903692,-0.41945413449036917,7
0.1,0.75,0.26187931623708605,-0.211879316237086,7
0.1,0.75,0.5206608604337979,-0.2706608604337979,5
0.1,0.75,0.6090400455538584,-0.15904004555385837,3
0.1,0.75,0.24175913958548945,-0.1917591395854894,7
0.1,0.75,0.46992211475481305,-0.11992211475481307,4
0.1,0.75,0.44440927545847886,-0.29440927545847884,6
0.1,0.75,0.6086948858179753,-0.15869488581797525,3
0.1,0.75,0.26303652729247295,-0.2130365272924729,7
0.1,0.75,0.6086948858179753,-0.2586948858179753,4
0.1,0.75,0.3166049127277152,-0.16660491272771516,6
0.1,0.75,0.2629936790618288,-0.11299367906182878,6
0.1,0.75,0.4694541344903692,-0.2194541344903692,5
0.1,0.75,0.261836400724347,-0.011836400724346996,5
0.1,0.75,0.44440927545847886,-0.3944092754584788,7
0.1,0.75,0.5206608604337979,-0.2706608604337979,5
0.1,0.75,0.6623992294064142,-0.41239922940641416,5
0.1,0.75,0.5202376749670268,-0.5702376749670268,8
0.1,0.75,0.6086948858179753,-0.2586948858179753,4
0.1,0.75,0.6623992294064142,-0.3123992294064142,4
0.1,0.75,0.44440927545847886,-0.19440927545847886,5
0.1,0.75,0.5202376749670268,-0.1702376749670268,4
0.1,0.75,0.44440927545847886,-0.29440927545847884,6
0.1,0.75,0.5468475106079831,-0.49684751060798305,7
0.1,0.75,0.21940735109689347,-0.16940735109689342,7
0.1,0.75,0.6086948858179753,-0.2586948858179753,4
0.1,0.75,0.6623992294064142,-0.012399229406414164,1
0.1,0.75,0.24175913958548945,-0.2917591395854895,8
0.1,0.75,0.0,-0.15000000000000002,9
0.1,0.75,0.26187931623708605,-0.211879316237086,7
0.1,0.75,0.46992211475481305,-0.21992211475481305,5
0.1,0.75,0.5202376749670268,-0.2702376749670268,5
0.1,0.75,0.26303652729247295,-0.013036527292472955,5
0.1,0.75,0.6090400455538584,-0.2590400455538584,4
0.1,0.75,0.5422684587046469,-0.2922684587046469,5
0.1,0.75,0.6090400455538584,-0.2590400455538584,4
0.1,0.75,0.37624468341594786,-0.026244683415947878,4
0.1,0.75,0.5860822545816282,-0.4360822545816282,6
0.1,0.75,0.5468475106079831,-0.1968475106079831,4
0.1,0.75,0.6090400455538584,-0.45904004555385836,6
0.1,0.75,0.4837492874056374,-0.0670826207389707,4
0.1,0.75,0.10694324536919819,0.1430567546308018,6
0.1,0.75,0.009814936355965309,-0.009814936355965309,9
0.1,0.75,0.16507489254359287,0.16825844078974045,5
0.1,0.75,0.3164043770588604,0.01692895627447294,5
0.1,0.75,0.3526322569387699,-0.019298923605436558,5
0.1,0.75,0.3152308455279912,0.018102487805342127,5
0.1,0.75,0.3534235948150932,-0.020090261481759908,5
0.1,0.75,0.07670187984067922,0.08996478682598741,7
0.1,0.75,0.13081645744363246,0.20251687588970085,5
0.1,0.75,0.2776253562934289,0.05570797703990443,5
0.1,0.75,0.31172716035270176,0.021606172980631555,5
0.1,0.75,0.0015386816054189234,-0.0848720149387523,10
0.1,0.75,0.4837492874056374,-0.23374928740563738,6
0.1,0.75,0.2599857977892185,0.07334753554411483,5
0.1,0.75,0.34336530370755125,-0.010031970374217936,5
0.1,0.75,0.2214569310296154,0.2785430689703846,3
0.1,0.75,0.0774344949388257,0.08923217172784093,7
0.1,0.75,0.2703959767814541,0.14627068988521258,4
0.1,0.75,0.14193167121392436,0.10806832878607564,6
0.1,0.75,0.19406315926759576,0.13927017406573755,5
0.1,0.75,0.49122554744404323,0.008774452555956769,3
0.1,0.75,0.38294606298546985,-0.049612729652136534,5
0.1,0.75,0.11252786678133886,-0.11252786678133886,9
0.1,0.75,0.2593405625734815,0.1573261040931852,4
0.1,0.75,0.1129678754391773,0.220365457894156,5
0.1,0.75,0.15571808652223562,0.010948580144431008,7
0.1,0.75,0.40007302012169177,-0.23340635345502514,7
0.1,0.75,0.2138504004277536,-0.04718373376108698,7
0.1,0.75,0.08053932887284898,0.08612733779381765,7
0.1,0.75,0.3020170857550578,0.1979829142449422,3
0.1,0.75,0.35089559378337987,-0.10089559378337987,6
0.1,0.75,0.35464560040552584,0.062021066261140845,4
0.1,0.75,0.11515921565046516,0.051507451016201466,7
0.1,0.75,0.008001084040729078,0.32533224929260424,5
0.1,0.75,0.11678223245359964,0.049884434213066986,7
0.1,0.75,0.053841926184199806,-0.053841926184199806,9
0.1,0.75,0.4598035770969229,-0.12647024376358956,5
0.1,0.75,0.4837492874056374,-0.0670826207389707,4
0.1,0.75,0.054314050514572054,0.029019282818761316,8
0.1,0.75,0.3238075323836638,-0.15714086571699715,7
0.1,0.75,0.0,-0.08333333333333337,10
0.1,0.75,0.31330259844440145,-0.14663593177773482,7
0.1,0.75,0.3572236494582204,-0.023890316124887068,5
0.1,0.75,0.09826439998900638,-0.014931066655673009,8
0.1,0.75,0.21399585611599425,0.036004143884005746,6
0.1,0.75,0.022045528009316473,0.0612878053240169,8
0.1,0.75,0.36729045602441623,-0.03395712269108292,5
0.1,0.75,0.3157255653536597,-0.0657255653536597,6
0.1,0.75,0.23301141288485505,0.10032192044847826,5
0.1,0.75,0.3878268224287339,0.028839844237932788,4
0.1,0.75,0.0009256355697232488,-0.0009256355697232488,9
0.1,0.75,0.11901492666927294,0.21431840666406038,5
0.1,0.75,0.13081645744363246,0.20251687588970085,5
0.1,0.75,0.08715322492161803,-0.003819891588284663,8
0.1,0.75,0.2703959767814541,-0.10372931011478748,7
0.1,0.75,0.014806089260228639,-0.014806089260228639,9
0.1,0.75,0.3964254185983369,-0.0630920852650036,5
0.1,0.75,0.05547605503922237,0.11119061162744426,7
0.1,0.75,0.14340383413236968,0.3565961658676303,3
0.1,0.75,0.35464560040552584,-0.021312267072192526,5
0.1,0.75,0.18551207205948583,0.06448792794051417,6
0.1,0.75,0.16507489254359287,0.0015917741230737636,7
0.1,0.75,0.20178609916938106,0.04821390083061894,6
0.1,0.75,0.38294606298546985,-0.049612729652136534,5
0.1,0.75,0.05547605503922237,0.11119061162744426,7
0.1,0.75,0.3103467162410414,0.02298661709229194,5
0.1,0.75,0.22177558150041854,0.11155775183291478,5
0.1,0.75,0.05980913564098911,0.1901908643590109,6
0.1,0.75,0.4516656596995132,0.04833434030048678,3
0.1,0.75,0.22330025496510864,0.026699745034891365,6
0.1,0.75,0.3105528438619197,-0.22721951052858635,8
0.1,0.75,0.05206069019624504,0.11460597647042159,7
0.1,0.75,0.16194444704879107,0.08805555295120893,6
0.1,0.75,0.013758463735374593,0.2362415362646254,6
0.1,0.75,0.38294606298546985,0.03372060368119684,4
0.1,0.75,0.11230721053784198,0.22102612279549133,5
0.1,0.75,0.006707805661255728,0.07662552767207764,8
0.1,0.75,0.1513492986487286,0.2653173680179381,4
0.1,0.75,0.016008467825075146,-0.09934180115840852,10
0.1,0.75,0.3572236494582204,0.0594430172084463,4
0.1,0.75,0.16016534172028907,0.006501324946377562,7
0.1,0.75,0.3024230005412476,0.1975769994587524,3
0.1,0.75,0.10694324536919819,0.1430567546308018,6
0.1,0.75,0.43187055559681353,-0.09853722226348022,5
0.1,0.75,0.0034582910227277663,-0.0034582910227277663,9
0.1,0.75,0.12598152199434953,0.0406851446723171,7
0.1,0.75,0.3024230005412476,0.28091033279208577,2
0.1,0.75,0.25517513903367595,0.07815819429965737,5
0.1,0.75,0.10751078145608295,0.22582255187725037,5
0.1,0.75,0.15675092266585122,0.1765824106674821,5
0.1,0.75,0.2214569310296154,0.11187640230371793,5
0.1,0.75,0.29176047451397824,-0.04176047451397824,6
0.1,0.75,0.07509601222941664,0.09157065443724999,7
0.1,0.75,0.08715322492161803,0.16284677507838197,6
0.1,0.75,0.020597056640320965,0.0627362766930124,8
0.1,0.75,0.016780905492167597,0.06655242784116577,8
0.1,0.75,0.0,-0.08333333333333337,10
0.1,0.75,0.2323225451073777,0.1010107882259556,5
0.1,0.75,0.22062727320740227,0.2793727267925977,3
0.1,0.75,0.1689864093151694,-0.03437102469978481,8
0.1,0.75,0.9826408586840785,-0.15384615384615385,2
0.1,0.75,0.9826408586840785,-0.38461538461538464,5
0.1,0.75,0.14210089823029137,-0.08440859053798366,9
0.1,0.75,0.7615997542394806,-0.5384615384615384,7
0.1,0.75,0.9680567115073361,-0.46153846153846156,6
0.1,0.75,0.8846850956852224,-0.6153846153846154,8
0.1,0.75,0.9680567115073361,-0.6923076923076923,9
0.1,0.75,0.2455785165522859,-0.034040055013824344,7
0.1,0.75,0.9826408586840785,-0.3076923076923077,4
0.1,0.75,0.7615997542394806,-0.38461538461538464,5
0.1,0.75,0.9826408586840785,-0.5384615384615384,7
0.1,0.75,0.11960338386169278,0.015012000753691801,8
0.1,0.75,0.9826408586840785,-0.38461538461538464,5
0.1,0.75,0.9680567115073361,-0.5384615384615384,7
0.1,0.75,0.9680567115073361,-0.5384615384615384,7
0.1,0.75,0.9826408586840785,-0.3076923076923077,4
0.1,0.75,0.1222736628243225,0.08926479871413906,7
0.1,0.75,0.2455785165522859,0.04288302190925253,6
0.1,0.75,0.2455785165522859,-0.1878862088599782,9
0.1,0.75,0.9826408586840785,-0.5384615384615384,7
0.1,0.75,0.7637041577312637,-0.46153846153846156,6
0.1,0.75,0.14621142152444744,0.06532704001401413,7
0.1,0.75,0.24980936013667854,-0.11519397552129396,8
0.1,0.75,0.18094116044347042,0.18444345494114495,5
0.1,0.75,0.7615997542394806,-0.6153846153846154,8
0.1,0.75,0.18094116044347042,-0.046325775828085836,8
0.1,0.75,0.7637041577312637,-0.38461538461538464,5
0.1,0.75,0.9680567115073361,-0.5384615384615384,7
0.1,0.75,0.9826408586840785,-0.5384615384615384,7
0.1,0.75,0.10454892525710613,-0.1237796944878754,10
0.1,0.75,0.7835724119593105,-0.5384615384615384,7
0.1,0.75,0.8846850956852224,-0.6153846153846154,8
0.1,0.75,0.18292836404652968,-0.0483129794311451,8
0.1,0.75,0.7615997542394806,-0.5384615384615384,7
0.1,0.75,0.9680567115073361,-0.38461538461538464,5
0.1,0.75,0.9826408586840785,-0.5384615384615384,7
0.1,0.75,0.9826408586840785,-0.3076923076923077,4
0.1,0.75,0.8846850956852224,-0.6153846153846154,8
0.1,0.75,0.8846850956852224,-0.6153846153846154,8
0.1,0.75,0.9680567115073361,-0.6153846153846154,8
0.1,0.75,0.9680567115073361,-0.6153846153846154,8
0.1,0.75,0.9680567115073361,-0.5384615384615384,7
0.1,0.75,0.9826408586840785,-0.5384615384615384,7
0.1,0.75,0.8846850956852224,-0.6923076923076923,9
0.1,0.75,0.9826408586840785,-0.46153846153846156,6
0.1,0.75,0.8846850956852224,-0.46153846153846156,6
0.1,0.75,0.17632192147614734,0.1121396169853911,6
0.1,0.75,0.14621142152444744,-0.011596036909062857,8
0.1,0.75,0.9826408586840785,-0.6923076923076923,9
0.1,0.75,0.9826408586840785,-0.38461538461538464,5
0.1,0.75,0.10448995667162086,-0.046797648979313156,9
0.1,0.75,0.1619010502497975,-0.027285665634412926,8
0.1,0.75,0.9826408586840785,-0.46153846153846156,6
0.1,0.75,0.9680567115073361,-0.5384615384615384,7
0.1,0.75,0.24980936013667854,-0.11519397552129396,8
0.1,0.75,0.9826408586840785,-0.38461538461538464,5
0.1,0.75,0.9826408586840785,-0.38461538461538464,5
0.1,0.75,0.9680567115073361,-0.23076923076923078,3
0.1,0.75,0.9826408586840785,-0.46153846153846156,6
0.1,0.75,0.9680567115073361,-0.6153846153846154,8
0.1,0.75,0.9680567115073361,-0.5384615384615384,7
0.1,0.75,0.9826408586840785,-0.23076923076923078,3
0.1,0.75,0.9826408586840785,-0.3076923076923077,4
0.1,0.75,0.9680567115073361,-0.6923076923076923,9
0.1,0.75,0.9826408586840785,-0.46153846153846156,6
0.1,0.75,0.14626212769916158,0.14219941076237685,6
0.1,0.75,0.14626212769916158,0.06527633383929998,7
0.1,0.75,0.9680567115073361,-0.38461538461538464,5
0.1,0.75,0.9826408586840785,-0.6153846153846154,8
0.1,0.75,0.9680567115073361,-0.46153846153846156,6
0.1,0.75,0.9680567115073361,-0.38461538461538464,5
0.1,0.75,0.9680567115073361,-0.6923076923076923,9
0.1,0.75,0.8846850956852224,-0.6153846153846154,8
0.1,0.75,0.8846850956852224,-0.6923076923076923,9
0.1,0.75,0.24980936013667854,0.11557525524793683,5
0.1,0.75,0.8846850956852224,-0.46153846153846156,6
0.1,0.75,0.9680567115073361,-0.3076923076923077,4
0.1,0.75,0.9680567115073361,-0.6153846153846154,8
0.1,0.75,0.9826408586840785,-0.46153846153846156,6
0.1,0.75,0.9826408586840785,-0.23076923076923078,3
0.1,0.75,0.7835724119593105,-0.6153846153846154,8
0.1,0.75,0.24980936013667854,-0.11519397552129396,8
0.1,0.75,0.1386589090293462,0.07287955250911538,7
0.1,0.75,0.9826408586840785,-0.23076923076923078,3
0.1,0.75,0.9680567115073361,-0.5384615384615384,7
0.1,0.75,0.14621142152444744,0.142250116937091,6
0.1,0.75,0.7615997542394806,-0.6153846153846154,8
0.1,0.75,0.24980936013667854,-0.11519397552129396,8
0.1,0.75,0.9826408586840785,-0.3076923076923077,4
0.1,0.75,0.9826408586840785,-0.3076923076923077,4
0.1,0.75,0.9826408586840785,-0.38461538461538464,5
0.1,0.75,0.1689864093151694,-0.11129410162286169,9
0.1,0.75,0.9680567115073361,-0.46153846153846156,6
0.1,0.75,0.7637041577312637,-0.23076923076923078,3
0.1,0.75,0.1222736628243225,-0.14150443205509178,10
0.1,0.75,0.1222736628243225,0.08926479871413906,7
0.1,0.75,0.9826408586840785,-0.6153846153846154,8
0.1,0.75,0.24980936013667854,-0.038270898598216974,7
0.1,0.75,0.9680567115073361,-0.46153846153846156,6
0.1,0.75,0.5548418449270073,-0.4715085115936739,2
0.1,0.75,0.0,-0.25,3
0.1,0.75,0.0,-0.25,3
0.1,0.75,0.3057912208405609,0.11087544582610581,1
0.1,0.75,0.5548418449270073,-0.4715085115936739,2
0.1,0.75,0.5548418449270073,-0.1381751782603406,1
0.1,0.75,0.0,-0.25,3
0.1,0.75,0.2290091161470067,-0.14567578281367333,2
0.1,0.75,0.0,-0.25,3
0.1,0.75,0.3057912208405609,-0.2224578875072275,2
0.1,0.75,0.5548418449270073,-0.1381751782603406,1
0.1,0.75,0.3057912208405609,-0.2224578875072275,2
0.1,0.75,0.5548418449270073,0.19515815507299272,0
0.1,0.75,0.5548418449270073,-0.1381751782603406,1
0.1,0.75,0.2290091161470067,-0.14567578281367333,2
0.1,0.75,0.5548418449270073,0.19515815507299272,0
0.1,0.75,0.5548418449270073,-0.1381751782603406,1
0.1,0.75,0.5548418449270073,0.19515815507299272,0
0.1,0.75,0.3057912208405609,-0.2224578875072275,2
0.1,0.75,0.3057912208405609,-0.2224578875072275,2
0.1,0.75,0.5548418449270073,0.19515815507299272,0
0.1,0.75,0.5548418449270073,0.19515815507299272,0
0.1,0.75,0.5548418449270073,-0.4715085115936739,2
0.1,0.75,0.5548418449270073,-0.1381751782603406,1
0.1,0.75,0.5548418449270073,-0.4715085115936739,2
0.1,0.75,0.5548418449270073,-0.1381751782603406,1
0.1,0.75,0.2290091161470067,-0.14567578281367333,2
0.1,0.75,0.0,-0.25,3
0.1,0.75,0.5548418449270073,-0.1381751782603406,1
0.1,0.75,0.5548418449270073,-0.1381751782603406,1
0.1,0.75,0.0,-0.25,3
0.1,0.75,0.3057912208405609,0.11087544582610581,1
0.1,0.75,0.5548418449270073,-0.4715085115936739,2
0.1,0.75,0.5548418449270073,-0.4715085115936739,2
0.1,0.75,0.5548418449270073,-0.4715085115936739,2
0.1,0.75,0.2290091161470067,-0.14567578281367333,2
0.1,0.75,0.5548418449270073,-0.4715085115936739,2
0.1,0.75,0.0,-0.25,3
0.1,0.75,0.3057912208405609,0.11087544582610581,1
0.1,0.75,0.5548418449270073,-0.1381751782603406,1
0.1,0.75,0.5548418449270073,-0.4715085115936739,2
0.1,0.75,0.2290091161470067,-0.14567578281367333,2
0.1,0.75,0.5548418449270073,-0.4715085115936739,2
0.1,0.75,0.3057912208405609,-0.2224578875072275,2
0.1,0.75,0.0,-0.25,3
0.1,0.75,0.3057912208405609,-0.2224578875072275,2
0.1,0.75,0.5548418449270073,-0.4715085115936739,2
0.1,0.75,0.3057912208405609,0.11087544582610581,1
0.1,0.75,0.3057912208405609,0.11087544582610581,1
0.1,0.75,0.5548418449270073,0.19515815507299272,0
0.1,0.75,0.0,-0.25,3
0.1,0.75,0.2290091161470067,-0.14567578281367333,2
0.1,0.75,0.5548418449270073,-0.1381751782603406,1
0.1,0.75,0.5548418449270073,-0.4715085115936739,2
0.1,0.75,0.5548418449270073,-0.4715085115936739,2
0.1,0.75,0.5548418449270073,0.19515815507299272,0
0.1,0.75,0.2290091161470067,-0.14567578281367333,2
0.1,0.75,0.0,-0.25,3
0.1,0.75,0.5548418449270073,0.19515815507299272,0
0.1,0.75,0.3057912208405609,-0.2224578875072275,2
0.1,0.75,0.5548418449270073,-0.1381751782603406,1
0.1,0.75,0.0,-0.25,3
0.1,0.75,0.5548418449270073,-0.1381751782603406,1
0.1,0.75,0.3057912208405609,-0.2224578875072275,2
0.1,0.75,0.5548418449270073,-0.1381751782603406,1
0.1,0.75,0.2290091161470067,-0.14567578281367333,2
0.1,0.75,0.3057912208405609,0.11087544582610581,1
0.1,0.75,0.3057912208405609,-0.2224578875072275,2
0.1,0.75,0.5548418449270073,-0.1381751782603406,1
0.1,0.75,0.3057912208405609,-0.2224578875072275,2
0.1,0.75,0.5548418449270073,0.19515815507299272,0
0.1,0.75,0.5548418449270073,-0.1381751782603406,1
0.1,0.75,0.3057912208405609,0.11087544582610581,1
0.1,0.75,0.3057912208405609,0.11087544582610581,1
0.1,0.75,0.0,-0.25,3
0.1,0.75,0.5548418449270073,-0.1381751782603406,1
0.1,0.75,0.5548418449270073,0.19515815507299272,0
0.1,0.75,0.5548418449270073,-0.1381751782603406,1
0.1,0.75,0.5548418449270073,-0.4715085115936739,2
0.1,0.75,0.0,-0.25,3
0.1,0.75,0.3057912208405609,0.11087544582610581,1
0.1,0.75,0.3057912208405609,-0.2224578875072275,2
0.1,0.75,0.5548418449270073,-0.1381751782603406,1
0.1,0.75,0.0,-0.25,3
0.1,0.75,0.3057912208405609,-0.2224578875072275,2
0.1,0.75,0.0,-0.25,3
0.1,0.75,0.0,-0.25,3
0.1,0.75,0.0,-0.25,3
0.1,0.75,0.2290091161470067,-0.14567578281367333,2
0.1,0.75,0.5548418449270073,-0.4715085115936739,2
0.1,0.75,0.5548418449270073,-0.1381751782603406,1
0.1,0.75,0.0,-0.25,3
0.1,0.75,0.3057912208405609,0.11087544582610581,1
0.1,0.75,0.5548418449270073,-0.4715085115936739,2
0.1,0.75,0.5548418449270073,0.19515815507299272,0
0.1,0.75,0.5548418449270073,-0.1381751782603406,1
0.1,0.75,0.3057912208405609,-0.2224578875072275,2
0.1,0.75,0.3057912208405609,-0.2224578875072275,2
0.1,0.75,0.5548418449270073,-0.1381751782603406,1
0.1,0.75,0.3057912208405609,-0.2224578875072275,2
