epsilon,L0,leakage,utility,mask_size
0.1,0.25,0.05010955345870127,-0.4667762201253679,4
0.1,0.25,0.03592524660768637,-0.452591913274353,4
0.1,0.25,0.03592524660768637,-0.28592524660768637,3
0.1,0.25,0.03592524660768637,-0.11925857994101968,2
0.1,0.25,0.05853885744745513,-0.47520552411412176,4
0.1,0.25,0.05853885744745513,-0.30853885744745513,3
0.1,0.25,0.003609042830710618,-0.586942376164044,5
0.1,0.25,0.22337399647872114,-0.47337399647872114,3
0.1,0.25,0.03592524660768637,-0.11925857994101968,2
0.1,0.25,0.009414806213275395,-0.2594148062132754,3
0.1,0.25,0.05010955345870127,-0.1334428867920346,2
0.1,0.25,0.03592524660768637,-0.452591913274353,4
0.1,0.25,0.22337399647872114,-0.30670732981205445,2
0.1,0.25,0.03592524660768637,0.047408086725646975,1
0.1,0.25,0.013132038880604324,-0.42979870554727095,4
0.1,0.25,0.03592524660768637,-0.28592524660768637,3
0.1,0.25,0.013132038880604324,-0.2631320388806043,3
0.1,0.25,0.05010955345870127,-0.4667762201253679,4
0.1,0.25,0.22337399647872114,0.026626003521278863,0
0.1,0.25,0.05010955345870127,-0.3001095534587013,3
0.1,0.25,0.05010955345870127,-0.3001095534587013,3
0.1,0.25,0.051126318247808444,-0.4677929849144751,4
0.1,0.25,0.03592524660768637,-0.28592524660768637,3
0.1,0.25,0.013132038880604324,-0.2631320388806043,3
0.1,0.25,0.051126318247808444,-0.30112631824780844,3
0.1,0.25,0.03592524660768637,-0.11925857994101968,2
0.1,0.25,0.05010955345870127,-0.4667762201253679,4
0.1,0.25,0.05853885744745513,-0.30853885744745513,3
0.1,0.25,0.22337399647872114,-0.1400406631453878,1
0.1,0.25,0.05010955345870127,-0.3001095534587013,3
0.1,0.25,0.22337399647872114,-0.1400406631453878,1
0.1,0.25,0.22337399647872114,-0.6400406631453878,4
0.1,0.25,0.03592524660768637,-0.28592524660768637,3
0.1,0.25,0.22337399647872114,-0.1400406631453878,1
0.1,0.25,0.22337399647872114,-0.30670732981205445,2
0.1,0.25,0.22337399647872114,-0.47337399647872114,3
0.1,0.25,0.004612425044516089,-0.4212790917111827,4
0.1,0.25,0.03592524660768637,-0.452591913274353,4
0.1,0.25,0.03592524660768637,-0.11925857994101968,2
0.1,0.25,0.051126318247808444,-0.30112631824780844,3
0.1,0.25,0.03592524660768637,-0.28592524660768637,3
0.1,0.25,0.011469181810646378,-0.2614691818106464,3
0.1,0.25,0.22337399647872114,-0.47337399647872114,3
0.1,0.25,0.03592524660768637,-0.11925857994101968,2
0.1,0.25,0.0,-0.75,6
0.1,0.25,0.05010955345870127,-0.3001095534587013,3
0.1,0.25,0.009414806213275395,-0.426081472879942,4
0.1,0.25,0.05010955345870127,-0.4667762201253679,4
0.1,0.25,0.03592524660768637,-0.11925857994101968,2
0.1,0.25,0.015768127809462573,-0.5991014611427959,5
0.1,0.25,0.22337399647872114,-0.30670732981205445,2
0.1,0.25,0.22337399647872114,-0.6400406631453878,4
0.1,0.25,0.03592524660768637,-0.28592524660768637,3
0.1,0.25,0.22337399647872114,-0.1400406631453878,1
0.1,0.25,0.03592524660768637,-0.28592524660768637,3
0.1,0.25,0.05853885744745513,-0.30853885744745513,3
0.1,0.25,0.013132038880604324,-0.09646537221393764,2
0.1,0.25,0.004612425044516089,-0.4212790917111827,4
0.1,0.25,0.05010955345870127,-0.1334428867920346,2
0.1,0.25,0.22337399647872114,-0.1400406631453878,1
0.1,0.25,0.0,-0.5833333333333334,5
0.1,0.25,0.009414806213275395,-0.2594148062132754,3
0.1,0.25,0.015768127809462573,-0.4324347944761292,4
0.1,0.25,0.015768127809462573,-0.5991014611427959,5
0.1,0.25,0.03592524660768637,-0.452591913274353,4
0.1,0.25,0.009414806213275395,-0.426081472879942,4
0.1,0.25,0.22337399647872114,-0.30670732981205445,2
0.1,0.25,0.015768127809462573,-0.5991014611427959,5
0.1,0.25,0.0,-0.5833333333333334,5
0.1,0.25,0.003306804705818678,-0.586640138039152,5
0.1,0.25,0.03592524660768637,-0.11925857994101968,2
0.1,0.25,0.22337399647872114,-0.6400406631453878,4
0.1,0.25,0.22337399647872114,-0.30670732981205445,2
0.1,0.25,0.05010955345870127,-0.3001095534587013,3
0.1,0.25,0.22337399647872114,-0.47337399647872114,3
0.1,0.25,0.004612425044516089,-0.4212790917111827,4
0.1,0.25,0.22337399647872114,-0.30670732981205445,2
0.1,0.25,0.03592524660768637,-0.452591913274353,4
0.1,0.25,0.011469181810646378,-0.2614691818106464,3
0.1,0.25,0.03592524660768637,-0.11925857994101968,2
0.1,0.25,0.013132038880604324,-0.09646537221393764,2
0.1,0.25,0.008222647309668152,-0.4248893139763348,4
0.1,0.25,0.03592524660768637,-0.11925857994101968,2
0.1,0.25,0.03592524660768637,-0.28592524660768637,3
0.1,0.25,0.22337399647872114,-0.6400406631453878,4
0.1,0.25,0.22337399647872114,-0.47337399647872114,3
0.1,0.25,0.03592524660768637,-0.28592524660768637,3
0.1,0.25,0.05010955345870127,-0.4667762201253679,4
0.1,0.25,0.0008907266304110095,-0.5842240599637444,5
0.1,0.25,0.011469181810646378,-0.428135848477313,4
0.1,0.25,0.0,-0.41666666666666663,4
0.1,0.25,0.03592524660768637,-0.452591913274353,4
0.1,0.25,0.03592524660768637,-0.28592524660768637,3
0.1,0.25,0.0,-0.5833333333333334,5
0.1,0.25,0.03592524660768637,-0.452591913274353,4
0.1,0.25,0.03592524660768637,-0.11925857994101968,2
0.1,0.25,0.015768127809462573,-0.5991014611427959,5
0.1,0.25,0.05853885744745513,-0.30853885744745513,3
0.1,0.25,0.013132038880604324,-0.42979870554727095,4
0.1,0.25,0.03592524660768637,-0.28592524660768637,3
0.1,0.25,0.37624468341594786,-0.5,5
0.1,0.25,0.44440927545847886,-0.4,4
0.1,0.25,0.6623992294064142,-0.3,3
0.1,0.25,0.6623992294064142,-0.2,2
0.1,0.25,0.385599188513301,-0.6,6
0.1,0.25,0.385599188513301,-0.6,6
0.1,0.25,0.44440927545847886,-0.7,7
0.1,0.25,0.5206608604337979,-0.6,6
0.1,0.25,0.5422684587046469,-0.5,5
0.1,0.25,0.37624468341594786,-0.4,4
0.1,0.25,0.5422684587046469,-0.4,4
0.1,0.25,0.5860822545816282,-0.3,3
0.1,0.25,0.26303652729247295,-0.6,6
0.1,0.25,0.21940735109689347,-0.5694073510968934,6
0.1,0.25,0.24315756576632586,-0.5931575657663258,6
0.1,0.25,0.44440927545847886,-0.6,6
0.1,0.25,0.5468475106079831,-0.3,3
0.1,0.25,0.44440927545847886,-0.5,5
0.1,0.25,0.46992211475481305,-0.5,5
0.1,0.25,0.4694541344903692,-0.7,7
0.1,0.25,0.385599188513301,-0.6,6
0.1,0.25,0.6086948858179753,-0.3,3
0.1,0.25,0.26303652729247295,-0.5,5
0.1,0.25,0.44440927545847886,-0.4,4
0.1,0.25,0.5860822545816282,-0.3,3
0.1,0.25,0.2629936790618288,-0.8,8
0.1,0.25,0.5468475106079831,-0.5,5
0.1,0.25,0.26187931623708605,-0.6,6
0.1,0.25,0.44440927545847886,-0.5,5
0.1,0.25,0.6623992294064142,-0.4,4
0.1,0.25,0.44440927545847886,-0.7,7
0.1,0.25,0.21940735109689347,-0.7694073510968935,8
0.1,0.25,0.3592419527878562,-0.5,5
0.1,0.25,0.6090400455538584,-0.3,3
0.1,0.25,0.6086948858179753,-0.3,3
0.1,0.25,0.4694541344903692,-0.7,7
0.1,0.25,0.21945273335876703,-0.36945273335876705,4
0.1,0.25,0.5468475106079831,-0.6,6
0.1,0.25,0.5468475106079831,-0.5,5
0.1,0.25,0.385599188513301,-0.6,6
0.1,0.25,0.46992211475481305,-0.5,5
0.1,0.25,0.37620841728789634,-0.3,3
0.1,0.25,0.5860822545816282,-0.5,5
0.1,0.25,0.6623992294064142,-0.4,4
0.1,0.25,0.385599188513301,-0.6,6
0.1,0.25,0.6623992294064142,-0.4,4
0.1,0.25,0.6086948858179753,-0.4,4
0.1,0.25,0.6086948858179753,-0.5,5
0.1,0.25,0.6623992294064142,-0.6,6
0.1,0.25,0.37624468341594786,-0.6,6
0.1,0.25,0.6090400455538584,-0.4,4
0.1,0.25,0.44440927545847886,-0.8,8
0.1,0.25,0.5202376749670268,-0.6,6
0.1,0.25,0.46992211475481305,-0.6,6
0.1,0.25,0.5422684587046469,-0.2,2
0.1,0.25,0.46992211475481305,-0.4,4
0.1,0.25,0.385599188513301,-0.4,4
0.1,0.25,0.5422684587046469,-0.3,3
0.1,0.25,0.5202376749670268,-0.5,5
0.1,0.25,0.261836400724347,-0.5,5
0.1,0.25,0.385599188513301,-0.7,7
0.1,0.25,0.46992211475481305,-0.5,5
0.1,0.25,0.4694541344903692,-0.5,5
0.1,0.25,0.6086948858179753,-0.5,5
0.1,0.25,0.26187931623708605,-0.6,6
0.1,0.25,0.37620841728789634,-0.6,6
0.1,0.25,0.21940735109689347,-0.5694073510968934,6
0.1,0.25,0.44440927545847886,-0.7,7
0.1,0.25,0.3592419527878562,-0.5,5
0.1,0.25,0.2902622119955647,-0.8,8
0.1,0.25,0.261836400724347,-0.6,6
0.1,0.25,0.6623992294064142,-0.4,4
0.1,0.25,0.6086948858179753,-0.4,4
0.1,0.25,0.21945273335876703,-0.569452733358767,6
0.1,0.25,0.37624468341594786,-0.5,5
0.1,0.25,0.5422684587046469,-0.5,5
0.1,0.25,0.26187931623708605,-0.6,6
0.1,0.25,0.6086948858179753,-0.5,5
0.1,0.25,0.6086948858179753,-0.4,4
0.1,0.25,0.4694541344903692,-0.6,6
0.1,0.25,0.385599188513301,-0.8,8
0.1,0.25,0.26187931623708605,-0.6,6
0.1,0.25,0.5468475106079831,-0.5,5
0.1,0.25,0.4694541344903692,-0.7,7
0.1,0.25,0.0002521225070323263,-0.6502521225070323,9
0.1,0.25,0.5468475106079831,-0.5,5
0.1,0.25,0.37620841728789634,-0.5,5
0.1,0.25,0.44440927545847886,-0.5,5
0.1,0.25,0.17183457703769034,-0.5218345770376903,6
0.1,0.25,0.4694541344903692,-0.6,6
0.1,0.25,0.6090400455538584,-0.4,4
0.1,0.25,0.6623992294064142,-0.4,4
0.1,0.25,0.21940735109689347,-0.46940735109689347,5
0.1,0.25,0.6090400455538584,-0.5,5
0.1,0.25,0.46992211475481305,-0.4,4
0.1,0.25,0.6623992294064142,-0.2,2
0.1,0.25,0.5206608604337979,-0.6,6
0.1,0.25,0.37624468341594786,-0.4,4
0.1,0.25,0.26187931623708605,-0.5,5
0.1,0.25,0.37624468341594786,-0.6,6
0.1,0.25,0.31218280661360687,-0.6666666666666666,8
0.1,0.25,0.364697551973022,-0.4166666666666667,5
0.1,0.25,0.08198362623217925,-0.4153169595655126,7
0.1,0.25,0.35464560040552584,-0.3333333333333333,4
0.1,0.25,0.10309301606913324,-0.4364263494024666,7
0.1,0.25,0.3514304689713095,-0.5833333333333334,7
0.1,0.25,0.12957285053823875,-0.29623951720490543,5
0.1,0.25,0.09281010027072956,-0.34281010027072956,6
0.1,0.25,0.022662624511418872,-0.4393292911780855,8
0.1,0.25,0.0037196016426420675,-0.4203862683093087,8
0.1,0.25,0.11023352473050418,-0.44356685806383755,7
0.1,0.25,0.16032308439162912,-0.4103230843916291,6
0.1,0.25,0.35826172020568936,-0.4166666666666667,5
0.1,0.25,0.10508368160297266,-0.5217503482696393,8
0.1,0.25,0.1129678754391773,-0.3629678754391773,6
0.1,0.25,0.19687633289541717,-0.44687633289541717,6
0.1,0.25,0.06427110124881297,-0.39760443458214634,7
0.1,0.25,0.2589095784421014,-0.3333333333333333,4
0.1,0.25,0.2593405625734815,-0.3333333333333333,4
0.1,0.25,0.17232769257305858,-0.33899435923972526,5
0.1,0.25,0.3360785467168711,-0.5833333333333334,7
0.1,0.25,0.060532446949075225,-0.47719911361574185,8
0.1,0.25,0.3878268224287339,-0.3333333333333333,4
0.1,0.25,0.36729045602441623,-0.3333333333333333,4
0.1,0.25,0.3152308455279912,-0.5,6
0.1,0.25,0.022045528009316473,-0.4387121946759831,8
0.1,0.25,0.09916899991723072,-0.3491689999172307,6
0.1,0.25,0.23191032451888427,-0.3152436578522176,4
0.1,0.25,0.13199169267231325,-0.4653250260056466,7
0.1,0.25,0.05823114583673106,-0.22489781250339774,5
0.1,0.25,0.0738760108591845,-0.40720934419251786,7
0.1,0.25,0.08715322492161803,-0.4204865582549514,7
0.1,0.25,0.059946524989337835,-0.5599465249893378,9
0.1,0.25,0.12108132709874952,-0.3710813270987495,6
0.1,0.25,0.062358006952236034,-0.47902467361890266,8
0.1,0.25,0.05952461961022959,-0.642857952943563,10
0.1,0.25,0.019506699349020717,-0.5195066993490207,9
0.1,0.25,0.17700560869391335,-0.42700560869391335,6
0.1,0.25,0.055783336107895654,-0.30578333610789565,6
0.1,0.25,0.35802046232383233,-0.5833333333333334,7
0.1,0.25,0.13022251179066036,-0.546889178457327,8
0.1,0.25,0.0309188576573447,-0.44758552432401133,8
0.1,0.25,0.3155111152036978,-0.5833333333333334,7
0.1,0.25,0.013336656906422717,-0.3466699902397561,7
0.1,0.25,0.2599857977892185,-0.5,6
0.1,0.25,0.0635923547627153,-0.39692568809604867,7
0.1,0.25,0.08877250125931002,-0.5054391679259767,8
0.1,0.25,0.05875383981778637,-0.39208717315111974,7
0.1,0.25,0.06000125295459591,-0.3933345862879293,7
0.1,0.25,0.4598035770969229,-0.16666666666666666,2
0.1,0.25,0.0311726745564207,-0.5311726745564207,9
0.1,0.25,0.016039665392199254,-0.4327063320588659,8
0.1,0.25,0.08151424204007807,-0.33151424204007807,6
0.1,0.25,0.3292601046160202,-0.5833333333333334,7
0.1,0.25,0.3514304689713095,-0.4166666666666667,5
0.1,0.25,0.21288031525530426,-0.46288031525530426,6
0.1,0.25,0.4516656596995132,-0.25,3
0.1,0.25,0.29176047451397824,-0.5,6
0.1,0.25,0.1902069806890554,-0.3568736473557221,5
0.1,0.25,0.3532764693276875,-0.5,6
0.1,0.25,0.019276798020020913,-0.3526101313533543,7
0.1,0.25,0.0627492666178674,-0.39608259995120076,7
0.1,0.25,0.4598035770969229,-0.25,3
0.1,0.25,0.29176047451397824,-0.3333333333333333,4
0.1,0.25,0.009476153973720702,-0.5094761539737207,9
0.1,0.25,0.13199169267231325,-0.4653250260056466,7
0.1,0.25,0.12159613951326553,-0.2882628061799322,5
0.1,0.25,0.00530360499782212,-0.42197027166448875,8
0.1,0.25,0.0627492666178674,-0.479415933284534,8
0.1,0.25,0.35826172020568936,-0.4166666666666667,5
0.1,0.25,0.12957285053823875,-0.29623951720490543,5
0.1,0.25,0.02265987186085716,-0.4393265385275238,8
0.1,0.25,0.0763952562744098,-0.3263952562744098,6
0.1,0.25,0.1902069806890554,-0.4402069806890554,6
0.1,0.25,0.26701031724347346,-0.3333333333333333,4
0.1,0.25,0.09666995396748046,-0.18000328730081377,4
0.1,0.25,0.2214569310296154,-0.3047902643629487,4
0.1,0.25,0.3115010295101157,-0.5833333333333334,7
0.1,0.25,0.0010611938445868052,-0.41772786051125343,8
0.1,0.25,0.11515921565046516,-0.28182588231713185,5
0.1,0.25,0.13907732821122942,-0.3890773282112294,6
0.1,0.25,0.3254611976649975,-0.5833333333333334,7
0.1,0.25,0.3534235948150932,-0.3333333333333333,4
0.1,0.25,0.07471974245340063,-0.32471974245340063,6
0.1,0.25,0.11023352473050418,-0.5269001913971708,8
0.1,0.25,0.4598035770969229,-0.4166666666666667,5
0.1,0.25,0.11023352473050418,-0.3602335247305042,6
0.1,0.25,0.3514304689713095,-0.5,6
0.1,0.25,0.1272808561207297,-0.3772808561207297,6
0.1,0.25,0.20503295207568573,-0.3716996187423524,5
0.1,0.25,0.31622004290945926,-0.5,6
0.1,0.25,0.12159613951326553,-0.4549294728465989,7
0.1,0.25,0.11023352473050418,-0.5269001913971708,8
0.1,0.25,0.1354265034421327,-0.5520931701087993,8
0.1,0.25,0.096144313037836,-0.1794776463711693,4
0.1,0.25,0.05442133358978274,-0.22108800025644942,5
0.1,0.25,0.0311726745564207,-0.5311726745564207,9
0.1,0.25,0.310148610028673,-0.6666666666666666,8
0.1,0.25,0.054314050514572054,-0.3876473838479054,7
0.1,0.25,0.13907732821122942,-0.3890773282112294,6
0.1,0.25,0.14626212769916158,-0.35780058923762315,6
0.1,0.25,0.9680567115073361,-0.38461538461538464,5
0.1,0.25,0.7615997542394806,-0.5384615384615384,7
0.1,0.25,0.7637041577312637,-0.5384615384615384,7
0.1,0.25,0.8846850956852224,-0.6153846153846154,8
0.1,0.25,0.9680567115073361,-0.6923076923076923,9
0.1,0.25,0.9680567115073361,-0.38461538461538464,5
0.1,0.25,0.7615997542394806,-0.5384615384615384,7
0.1,0.25,0.8846850956852224,-0.6153846153846154,8
0.1,0.25,0.0854565231401131,-0.6816103692939592,11
0.1,0.25,0.9680567115073361,-0.46153846153846156,6
0.1,0.25,0.9680567115073361,-0.6153846153846154,8
0.1,0.25,0.9680567115073361,-0.46153846153846156,6
0.1,0.25,0.9680567115073361,-0.5384615384615384,7
0.1,0.25,0.23553045167227926,-0.6778381439799716,9
0.1,0.25,0.9680567115073361,-0.46153846153846156,6
0.1,0.25,0.9826408586840785,-0.23076923076923078,3
0.1,0.25,0.9680567115073361,-0.7692307692307693,10
0.1,0.25,0.9680567115073361,-0.23076923076923078,3
0.1,0.25,0.9826408586840785,-0.46153846153846156,6
0.1,0.25,0.7615997542394806,-0.46153846153846156,6
0.1,0.25,0.7615997542394806,-0.5384615384615384,7
0.1,0.25,0.9680567115073361,-0.6153846153846154,8
0.1,0.25,0.7637041577312637,-0.38461538461538464,5
0.1,0.25,0.9826408586840785,-0.46153846153846156,6
0.1,0.25,0.9826408586840785,-0.38461538461538464,5
0.1,0.25,0.9826408586840785,-0.3076923076923077,4
0.1,0.25,0.9826408586840785,-0.38461538461538464,5
0.1,0.25,0.7637041577312637,-0.38461538461538464,5
0.1,0.25,0.17632192147614734,-0.4647834599376858,7
0.1,0.25,0.9680567115073361,-0.6153846153846154,8
0.1,0.25,0.1421540216030207,-0.19984632929532842,4
0.1,0.25,0.7637041577312637,-0.23076923076923078,3
0.1,0.25,0.7615997542394806,-0.46153846153846156,6
0.1,0.25,0.2455785165522859,-0.5340400550138243,7
0.1,0.25,0.7615997542394806,-0.46153846153846156,6
0.1,0.25,0.7835724119593105,-0.6923076923076923,9
0.1,0.25,0.9826408586840785,-0.3076923076923077,4
0.1,0.25,0.9826408586840785,-0.46153846153846156,6
0.1,0.25,0.9826408586840785,-0.5384615384615384,7
0.1,0.25,0.9826408586840785,-0.38461538461538464,5
0.1,0.25,0.7637041577312637,-0.5384615384615384,7
0.1,0.25,0.18292836404652968,-0.625236056354222,9
0.1,0.25,0.9680567115073361,-0.6153846153846154,8
0.1,0.25,0.9826408586840785,-0.38461538461538464,5
0.1,0.25,0.1222736628243225,-0.5645813551320148,9
0.1,0.25,0.9680567115073361,-0.6923076923076923,9
0.1,0.25,0.9680567115073361,-0.6923076923076923,9
0.1,0.25,0.24980936013667854,-0.538270898598217,7
0.1,0.25,0.17632192147614734,-0.3878603830146089,6
0.1,0.25,0.7615997542394806,-0.46153846153846156,6
0.1,0.25,0.17364678630049102,-0.3851852478389526,6
0.1,0.25,0.9680567115073361,-0.5384615384615384,7
0.1,0.25,0.17632192147614734,-0.23401422916845505,4
0.1,0.25,0.9680567115073361,-0.46153846153846156,6
0.1,0.25,0.7637041577312637,-0.38461538461538464,5
0.1,0.25,0.9826408586840785,-0.6153846153846154,8
0.1,0.25,0.9826408586840785,-0.46153846153846156,6
0.1,0.25,0.7637041577312637,-0.3076923076923077,4
0.1,0.25,0.18094116044347042,-0.46940269890500885,7
0.1,0.25,0.9680567115073361,-0.46153846153846156,6
0.1,0.25,0.9680567115073361,-0.46153846153846156,6
0.1,0.25,0.9680567115073361,-0.5384615384615384,7
0.1,0.25,0.18282774557006898,-0.7020585148008383,10
0.1,0.25,0.9826408586840785,-0.3076923076923077,4
0.1,0.25,0.17632192147614734,-0.310937306091532,5
0.1,0.25,0.9680567115073361,-0.38461538461538464,5
0.1,0.25,0.9680567115073361,-0.5384615384615384,7
0.1,0.25,0.17632192147614734,-0.15709115224537812,3
0.1,0.25,0.9826408586840785,-0.23076923076923078,3
0.1,0.25,0.7637041577312637,-0.5384615384615384,7
0.1,0.25,0.8846850956852224,-0.6923076923076923,9
0.1,0.25,0.9826408586840785,-0.3076923076923077,4
0.1,0.25,0.7835724119593105,-0.3076923076923077,4
0.1,0.25,0.7615997542394806,-0.5384615384615384,7
0.1,0.25,0.7637041577312637,-0.5384615384615384,7
0.1,0.25,0.7615997542394806,-0.38461538461538464,5
0.1,0.25,0.7615997542394806,-0.3076923076923077,4
0.1,0.25,0.7637041577312637,-0.38461538461538464,5
0.1,0.25,0.7615997542394806,-0.6923076923076923,9
0.1,0.25,0.1689864093151694,-0.38052487085363096,6
0.1,0.25,0.9826408586840785,-0.46153846153846156,6
0.1,0.25,0.17364678630049102,-0.46210832476202945,7
0.1,0.25,0.9680567115073361,-0.5384615384615384,7
0.1,0.25,0.9680567115073361,-0.7692307692307693,10
0.1,0.25,0.9680567115073361,-0.5384615384615384,7
0.1,0.25,0.7615997542394806,-0.5384615384615384,7
0.1,0.25,0.9680567115073361,-0.5384615384615384,7
0.1,0.25,0.9680567115073361,-0.7692307692307693,10
0.1,0.25,0.1689864093151694,-0.38052487085363096,6
0.1,0.25,0.9680567115073361,-0.38461538461538464,5
0.1,0.25,0.9680567115073361,-0.3076923076923077,4
0.1,0.25,0.8846850956852224,-0.38461538461538464,5
0.1,0.25,0.14621142152444744,-0.5115960369090629,8
0.1,0.25,0.14621142152444744,-0.4346729599859859,7
0.1,0.25,0.08941260736401113,-0.5317202996717034,9
0.1,0.25,0.9826408586840785,-0.46153846153846156,6
0.1,0.25,0.1222736628243225,-0.5645813551320148,9
0.1,0.25,0.2455785165522859,-0.6109631319369013,8
0.1,0.25,0.14621142152444744,-0.5885191138321397,9
0.1,0.25,0.3057912208405609,-0.6666666666666666,2
0.1,0.25,0.5548418449270073,0.0,0
0.1,0.25,0.5548418449270073,-0.3333333333333333,1
0.1,0.25,0.5548418449270073,-0.6666666666666666,2
0.1,0.25,0.2290091161470067,-0.6456757828136733,2
0.1,0.25,0.5548418449270073,-0.3333333333333333,1
0.1,0.25,0.5548418449270073,-0.3333333333333333,1
0.1,0.25,0.3057912208405609,-0.6666666666666666,2
0.1,0.25,0.0,-0.75,3
0.1,0.25,0.3057912208405609,-0.6666666666666666,2
0.1,0.25,0.3057912208405609,-0.3333333333333333,1
0.1,0.25,0.5548418449270073,-0.3333333333333333,1
0.1,0.25,0.3057912208405609,-0.3333333333333333,1
0.1,0.25,0.5548418449270073,-0.3333333333333333,1
0.1,0.25,0.5548418449270073,-0.6666666666666666,2
0.1,0.25,0.5548418449270073,0.0,0
0.1,0.25,0.3057912208405609,-0.6666666666666666,2
0.1,0.25,0.5548418449270073,0.0,0
0.1,0.25,0.5548418449270073,-0.3333333333333333,1
0.1,0.25,0.3057912208405609,-0.3333333333333333,1
0.1,0.25,0.2290091161470067,-0.6456757828136733,2
0.1,0.25,0.2290091161470067,-0.6456757828136733,2
0.1,0.25,0.5548418449270073,-0.3333333333333333,1
0.1,0.25,0.0,-0.75,3
0.1,0.25,0.3057912208405609,-0.3333333333333333,1
0.1,0.25,0.5548418449270073,-0.3333333333333333,1
0.1,0.25,0.5548418449270073,-0.3333333333333333,1
0.1,0.25,0.2290091161470067,-0.6456757828136733,2
0.1,0.25,0.5548418449270073,0.0,0
0.1,0.25,0.5548418449270073,-0.3333333333333333,1
0.1,0.25,0.3057912208405609,-0.6666666666666666,2
0.1,0.25,0.5548418449270073,-0.3333333333333333,1
0.1,0.25,0.5548418449270073,-0.3333333333333333,1
0.1,0.25,0.3057912208405609,-0.3333333333333333,1
0.1,0.25,0.5548418449270073,-0.3333333333333333,1
0.1,0.25,0.5548418449270073,-0.3333333333333333,1
0.1,0.25,0.2290091161470067,-0.6456757828136733,2
0.1,0.25,0.0,-0.75,3
0.1,0.25,0.0,-0.75,3
0.1,0.25,0.5548418449270073,-0.6666666666666666,2
0.1,0.25,0.5548418449270073,-0.3333333333333333,1
0.1,0.25,0.0,-0.75,3
0.1,0.25,0.5548418449270073,-0.3333333333333333,1
0.1,0.25,0.5548418449270073,0.0,0
0.1,0.25,0.3057912208405609,-0.6666666666666666,2
0.1,0.25,0.3057912208405609,-0.6666666666666666,2
0.1,0.25,0.5548418449270073,-0.3333333333333333,1
0.1,0.25,0.5548418449270073,-0.6666666666666666,2
0.1,0.25,0.2290091161470067,-0.6456757828136733,2
0.1,0.25,0.5548418449270073,-0.6666666666666666,2
0.1,0.25,0.3057912208405609,-0.6666666666666666,2
0.1,0.25,0.3057912208405609,-0.6666666666666666,2
0.1,0.25,0.5548418449270073,0.0,0
0.1,0.25,0.3057912208405609,-0.6666666666666666,2
0.1,0.25,0.5548418449270073,-0.3333333333333333,1
0.1,0.25,0.3057912208405609,-0.6666666666666666,2
0.1,0.25,0.5548418449270073,-0.6666666666666666,2
0.1,0.25,0.2290091161470067,-0.6456757828136733,2
0.1,0.25,0.3057912208405609,-0.3333333333333333,1
0.1,0.25,0.5548418449270073,0.0,0
0.1,0.25,0.0,-0.75,3
0.1,0.25,0.5548418449270073,-0.3333333333333333,1
0.1,0.25,0.5548418449270073,-0.6666666666666666,2
0.1,0.25,0.2290091161470067,-0.6456757828136733,2
0.1,0.25,0.3057912208405609,-0.6666666666666666,2
0.1,0.25,0.2290091161470067,-0.6456757828136733,2
0.1,0.25,0.2290091161470067,-0.6456757828136733,2
0.1,0.25,0.5548418449270073,0.0,0
0.1,0.25,0.5548418449270073,-0.3333333333333333,1
0.1,0.25,0.5548418449270073,-0.3333333333333333,1
0.1,0.25,0.3057912208405609,-0.3333333333333333,1
0.1,0.25,0.5548418449270073,-0.3333333333333333,1
0.1,0.25,0.2290091161470067,-0.6456757828136733,2
0.1,0.25,0.2290091161470067,-0.6456757828136733,2
0.1,0.25,0.3057912208405609,-0.6666666666666666,2
0.1,0.25,0.0,-0.75,3
0.1,0.25,0.3057912208405609,-0.3333333333333333,1
0.1,0.25,0.3057912208405609,-0.3333333333333333,1
0.1,0.25,0.3057912208405609,-0.6666666666666666,2
0.1,0.25,0.0,-0.75,3
0.1,0.25,0.5548418449270073,-0.3333333333333333,1
0.1,0.25,0.5548418449270073,0.0,0
0.1,0.25,0.5548418449270073,-0.3333333333333333,1
0.1,0.25,0.5548418449270073,-0.6666666666666666,2
0.1,0.25,0.5548418449270073,-0.3333333333333333,1
0.1,0.25,0.5548418449270073,-0.6666666666666666,2
0.1,0.25,0.5548418449270073,-0.3333333333333333,1
0.1,0.25,0.5548418449270073,-0.6666666666666666,2
0.1,0.25,0.3057912208405609,-0.3333333333333333,1
0.1,0.25,0.3057912208405609,-0.3333333333333333,1
0.1,0.25,0.3057912208405609,-0.6666666666666666,2
0.1,0.25,0.5548418449270073,-0.3333333333333333,1
0.1,0.25,0.0,-0.75,3
0.1,0.25,0.5548418449270073,0.0,0
0.1,0.25,0.5548418449270073,0.0,0
0.1,0.25,0.5548418449270073,0.0,0
0.1,0.25,0.0,-0.75,3
0.1,0.25,0.0,-0.75,3
0.1,0.25,0.0,-0.75,3
0.1,0.25,0.0,-0.75,3
