epsilon,L0,leakage,utility,mask_size
1,0.75,0.22337399647872114,0.35995933685461223,1
1,0.75,0.03592524660768637,0.547408086725647,1
1,0.75,0.051126318247808444,0.032207015085524926,4
1,0.75,0.22337399647872114,0.35995933685461223,1
1,0.75,0.05010955345870127,0.19989044654129873,3
1,0.75,0.03592524660768637,0.547408086725647,1
1,0.75,0.22337399647872114,0.35995933685461223,1
1,0.75,0.03592524660768637,0.21407475339231363,3
1,0.75,0.009414806213275395,0.2405851937867246,3
1,0.75,0.015768127809462573,-0.09910146114279594,5
1,0.75,0.013132038880604324,0.23686796111939568,3
1,0.75,0.015768127809462573,0.0675652055238708,4
1,0.75,0.03592524660768637,0.3807414200589803,2
1,0.75,0.03592524660768637,0.547408086725647,1
1,0.75,0.03592524660768637,0.21407475339231363,3
1,0.75,0.013132038880604324,0.40353462778606236,2
1,0.75,0.22337399647872114,0.026626003521278863,3
1,0.75,0.22337399647872114,0.35995933685461223,1
1,0.75,0.22337399647872114,0.19329267018794555,2
1,0.75,0.03592524660768637,0.3807414200589803,2
1,0.75,0.0,-0.08333333333333337,5
1,0.75,0.015768127809462573,-0.09910146114279594,5
1,0.75,0.22337399647872114,0.19329267018794555,2
1,0.75,0.03592524660768637,0.047408086725647,4
1,0.75,0.03592524660768637,0.3807414200589803,2
1,0.75,0.03592524660768637,0.3807414200589803,2
1,0.75,0.03592524660768637,0.21407475339231363,3
1,0.75,0.22337399647872114,0.19329267018794555,2
1,0.75,0.0,0.08333333333333337,4
1,0.75,0.22337399647872114,0.19329267018794555,2
1,0.75,0.22337399647872114,0.026626003521278863,3
1,0.75,0.051126318247808444,0.19887368175219156,3
1,0.75,0.05853885744745513,0.19146114255254487,3
1,0.75,0.03592524660768637,0.3807414200589803,2
1,0.75,0.03592524660768637,0.047408086725647,4
1,0.75,0.008222647309668152,0.07511068602366522,4
1,0.75,0.22337399647872114,0.026626003521278863,3
1,0.75,0.22337399647872114,0.19329267018794555,2
1,0.75,0.05010955345870127,0.19989044654129873,3
1,0.75,0.22337399647872114,0.026626003521278863,3
1,0.75,0.013132038880604324,0.23686796111939568,3
1,0.75,0.22337399647872114,0.026626003521278863,3
1,0.75,0.06016840572859605,0.023164927604737318,4
1,0.75,0.03592524660768637,0.3807414200589803,2
1,0.75,0.03592524660768637,0.3807414200589803,2
1,0.75,0.22337399647872114,0.19329267018794555,2
1,0.75,0.03592524660768637,0.3807414200589803,2
1,0.75,0.22337399647872114,0.35995933685461223,1
1,0.75,0.009414806213275395,0.2405851937867246,3
1,0.75,0.03592524660768637,0.21407475339231363,3
1,0.75,0.051126318247808444,0.19887368175219156,3
1,0.75,0.051126318247808444,0.19887368175219156,3
1,0.75,0.03592524660768637,0.3807414200589803,2
1,0.75,0.03592524660768637,0.547408086725647,1
1,0.75,0.013132038880604324,0.40353462778606236,2
1,0.75,0.05010955345870127,0.3665571132079654,2
1,0.75,0.003306804705818678,-0.08664013803915205,5
1,0.75,0.22337399647872114,0.026626003521278863,3
1,0.75,0.013132038880604324,0.07020129445272905,4
1,0.75,0.003609042830710618,-0.08694237616404399,5
1,0.75,0.015768127809462573,-0.09910146114279594,5
1,0.75,0.011469181810646378,0.07186415152268699,4
1,0.75,0.22337399647872114,0.35995933685461223,1
1,0.75,0.03592524660768637,0.3807414200589803,2
1,0.75,0.22337399647872114,-0.14004066314538777,4
1,0.75,0.03592524660768637,0.3807414200589803,2
1,0.75,0.0008907266304110095,-0.08422405996374438,5
1,0.75,0.05010955345870127,0.3665571132079654,2
1,0.75,0.0,0.08333333333333337,4
1,0.75,0.03592524660768637,0.21407475339231363,3
1,0.75,0.22337399647872114,0.19329267018794555,2
1,0.75,0.015768127809462573,-0.09910146114279594,5
1,0.75,0.22337399647872114,0.19329267018794555,2
1,0.75,0.03592524660768637,0.21407475339231363,3
1,0.75,0.03592524660768637,0.3807414200589803,2
1,0.75,0.22337399647872114,0.026626003521278863,3
1,0.75,0.22337399647872114,0.35995933685461223,1
1,0.75,0.03592524660768637,0.21407475339231363,3
1,0.75,0.05010955345870127,0.3665571132079654,2
1,0.75,0.22337399647872114,-0.14004066314538777,4
1,0.75,0.22337399647872114,0.19329267018794555,2
1,0.75,0.03592524660768637,0.547408086725647,1
1,0.75,0.03592524660768637,0.21407475339231363,3
1,0.75,0.013132038880604324,0.07020129445272905,4
1,0.75,0.003306804705818678,-0.08664013803915205,5
1,0.75,0.05010955345870127,0.0332237798746321,4
1,0.75,0.22337399647872114,0.026626003521278863,3
1,0.75,0.03592524660768637,0.21407475339231363,3
1,0.75,0.03592524660768637,0.047408086725647,4
1,0.75,0.22337399647872114,0.026626003521278863,3
1,0.75,0.22337399647872114,0.35995933685461223,1
1,0.75,0.05853885744745513,0.024794475885878242,4
1,0.75,0.0,0.08333333333333337,4
1,0.75,0.011469181810646378,0.23853081818935362,3
1,0.75,0.03592524660768637,0.047408086725647,4
1,0.75,0.05010955345870127,0.0332237798746321,4
1,0.75,0.03592524660768637,0.21407475339231363,3
1,0.75,0.05010955345870127,0.19989044654129873,3
1,0.75,0.03592524660768637,0.547408086725647,1
1,0.75,0.05010955345870127,0.19989044654129873,3
1,0.75,0.4694541344903692,-0.2194541344903692,5
1,0.75,0.5206608604337979,-0.37066086043379787,6
1,0.75,0.3166049127277152,-0.16660491272771516,6
1,0.75,0.385599188513301,-0.535599188513301,9
1,0.75,0.5468475106079831,-0.39684751060798307,6
1,0.75,0.385599188513301,-0.135599188513301,5
1,0.75,0.5860822545816282,-0.1360822545816282,3
1,0.75,0.5860822545816282,-0.23608225458162824,4
1,0.75,0.26303652729247295,-0.013036527292472955,5
1,0.75,0.24175913958548945,-0.09175913958548942,6
1,0.75,0.6090400455538584,0.040959954446141617,1
1,0.75,0.46992211475481305,-0.11992211475481307,4
1,0.75,0.3166049127277152,-0.06660491272771518,5
1,0.75,0.26303652729247295,0.08696347270752702,4
1,0.75,0.26303652729247295,-0.013036527292472955,5
1,0.75,0.5468475106079831,-0.39684751060798307,6
1,0.75,0.5468475106079831,-0.2968475106079831,5
1,0.75,0.5206608604337979,-0.1706608604337979,4
1,0.75,0.37620841728789634,-0.2262084172878963,6
1,0.75,0.6623992294064142,-0.41239922940641416,5
1,0.75,0.2629936790618288,-0.11299367906182878,6
1,0.75,0.5422684587046469,-0.2922684587046469,5
1,0.75,0.385599188513301,-0.23559918851330097,6
1,0.75,0.5860822545816282,-0.4360822545816282,6
1,0.75,0.5202376749670268,-0.2702376749670268,5
1,0.75,0.46992211475481305,-0.21992211475481305,5
1,0.75,0.5202376749670268,-0.07023767496702676,3
1,0.75,0.385599188513301,-0.23559918851330097,6
1,0.75,0.2902622119955647,-0.24026221199556463,7
1,0.75,0.6090400455538584,-0.2590400455538584,4
1,0.75,0.5860822545816282,-0.3360822545816282,5
1,0.75,0.5202376749670268,-0.2702376749670268,5
1,0.75,0.5860822545816282,-0.23608225458162824,4
1,0.75,0.385599188513301,-0.03559918851330102,4
1,0.75,0.5202376749670268,-0.37023767496702675,6
1,0.75,0.5422684587046469,-0.19226845870464693,4
1,0.75,0.26187931623708605,0.08812068376291393,4
1,0.75,0.5860822545816282,-0.23608225458162824,4
1,0.75,0.26303652729247295,0.08696347270752702,4
1,0.75,0.4694541344903692,-0.3194541344903692,6
1,0.75,0.6623992294064142,-0.11239922940641417,2
1,0.75,0.385599188513301,-0.135599188513301,5
1,0.75,0.5206608604337979,-0.07066086043379788,3
1,0.75,0.6086948858179753,-0.05869488581797527,2
1,0.75,0.21945273335876703,0.030547266641232973,5
1,0.75,0.37624468341594786,0.07375531658405216,3
1,0.75,0.6623992294064142,-0.11239922940641417,2
1,0.75,0.261836400724347,-0.11183640072434697,6
1,0.75,0.6090400455538584,-0.3590400455538584,5
1,0.75,0.24175913958548945,-0.1917591395854894,7
1,0.75,0.6086948858179753,-0.15869488581797525,3
1,0.75,0.2902622119955647,-0.14026221199556466,6
1,0.75,0.37620841728789634,-0.026208417287896357,4
1,0.75,0.44440927545847886,-0.19440927545847886,5
1,0.75,0.37620841728789634,-0.12620841728789634,5
1,0.75,0.6623992294064142,-0.3123992294064142,4
1,0.75,0.3592419527878562,-0.1092419527878562,5
1,0.75,0.5468475106079831,-0.1968475106079831,4
1,0.75,0.5422684587046469,0.007731541295353084,2
1,0.75,0.5860822545816282,-0.1360822545816282,3
1,0.75,0.6623992294064142,-0.11239922940641417,2
1,0.75,0.21945273335876703,0.030547266641232973,5
1,0.75,0.5422684587046469,-0.19226845870464693,4
1,0.75,0.4694541344903692,-0.2194541344903692,5
1,0.75,0.24175913958548945,-0.09175913958548942,6
1,0.75,0.26187931623708605,-0.011879316237086046,5
1,0.75,0.5860822545816282,-0.1360822545816282,3
1,0.75,0.5860822545816282,-0.3360822545816282,5
1,0.75,0.5860822545816282,-0.1360822545816282,3
1,0.75,0.6086948858179753,-0.15869488581797525,3
1,0.75,0.6090400455538584,-0.05904004555385839,2
1,0.75,0.26303652729247295,-0.2130365272924729,7
1,0.75,0.37624468341594786,-0.22624468341594783,6
1,0.75,0.4694541344903692,-0.11945413449036923,4
1,0.75,0.44440927545847886,-0.19440927545847886,5
1,0.75,0.26187931623708605,-0.11187931623708602,6
1,0.75,0.6086948858179753,-0.15869488581797525,3
1,0.75,0.6086948858179753,-0.05869488581797527,2
1,0.75,0.5468475106079831,-0.1968475106079831,4
1,0.75,0.21940735109689347,-0.06940735109689344,6
1,0.75,0.5202376749670268,-0.1702376749670268,4
1,0.75,0.44440927545847886,-0.29440927545847884,6
1,0.75,0.5860822545816282,0.06391774541837178,1
1,0.75,0.37624468341594786,-0.026244683415947878,4
1,0.75,0.6623992294064142,-0.11239922940641417,2
1,0.75,0.21945273335876703,-0.069452733358767,6
1,0.75,0.5422684587046469,0.10773154129535309,1
1,0.75,0.6090400455538584,-0.2590400455538584,4
1,0.75,0.5206608604337979,-0.47066086043379785,7
1,0.75,0.46992211475481305,-0.319922114754813,6
1,0.75,0.385599188513301,-0.135599188513301,5
1,0.75,0.46992211475481305,-0.21992211475481305,5
1,0.75,0.21945273335876703,-0.069452733358767,6
1,0.75,0.5468475106079831,-0.39684751060798307,6
1,0.75,0.4694541344903692,-0.11945413449036923,4
1,0.75,0.2629936790618288,-0.31299367906182884,8
1,0.75,0.26187931623708605,0.08812068376291393,4
1,0.75,0.5206608604337979,-0.2706608604337979,5
1,0.75,0.6090400455538584,-0.3590400455538584,5
1,0.75,0.37624468341594786,-0.026244683415947878,4
1,0.75,0.20460607776507556,0.29539392223492444,3
1,0.75,0.4837492874056374,-0.0670826207389707,4
1,0.75,0.17226115198785008,0.2444055146788166,4
1,0.75,0.27070256480352073,0.14596410186314596,4
1,0.75,0.06091317321928125,0.022420160114052123,8
1,0.75,0.3360785467168711,-0.16941188005020447,7
1,0.75,0.17232769257305858,0.16100564076027474,5
1,0.75,0.39669221622365947,-0.14669221622365947,6
1,0.75,0.1129678754391773,0.220365457894156,5
1,0.75,0.3505601613772126,0.06610650528945411,4
1,0.75,0.06310845499776663,0.18689154500223337,6
1,0.75,0.08092332759075949,0.002410005742573884,8
1,0.75,0.26701031724347346,0.06632301608985985,5
1,0.75,0.15346947347685924,0.09653052652314076,6
1,0.75,0.1190216546588444,-0.03568832132551103,8
1,0.75,0.0763952562744098,0.1736047437255902,6
1,0.75,0.020147311365784404,0.2298526886342156,6
1,0.75,0.26596157323668135,0.15070509342998534,4
1,0.75,0.3878268224287339,-0.1378268224287339,6
1,0.75,0.014580918669557907,-0.014580918669557907,9
1,0.75,0.16016534172028907,0.006501324946377562,7
1,0.75,0.3190873683725848,-0.15242070170591815,7
1,0.75,0.0964208842218286,0.23691244911150472,5
1,0.75,0.3536784203737994,-0.18701175370713274,7
1,0.75,0.060659995760601104,0.022673337572732266,8
1,0.75,0.3131952409342753,-0.14652857426760868,7
1,0.75,0.18739521361570777,0.06260478638429223,6
1,0.75,0.35457304246700383,-0.27123970913367046,8
1,0.75,0.3448717037251726,-0.09487170372517262,6
1,0.75,0.10960537600286224,0.14039462399713776,6
1,0.75,0.05445722361931837,0.11220944304734826,7
1,0.75,0.2589095784421014,0.07442375489123193,5
1,0.75,0.24805313656391814,0.08528019676941517,5
1,0.75,0.39669221622365947,0.01997445044300722,4
1,0.75,0.04945408700082199,0.3672125796658447,4
1,0.75,0.10165825130765349,0.23167508202567982,5
1,0.75,0.14401198888757627,0.02265467777909036,7
1,0.75,0.05823114583673106,0.19176885416326894,6
1,0.75,0.053841926184199806,-0.053841926184199806,9
1,0.75,0.0774344949388257,0.2558988383945076,5
1,0.75,0.2776253562934289,0.3057079770399045,2
1,0.75,0.0693127386994904,0.014020594633842975,8
1,0.75,0.3115010295101157,-0.06150102951011571,6
1,0.75,0.062302274444177685,0.10436439222248894,7
1,0.75,0.3020170857550578,0.11464958091160887,4
1,0.75,0.1878313247026666,-0.021164658035999984,7
1,0.75,0.09261362115276506,0.07405304551390157,7
1,0.75,0.056579334561973504,0.1934206654380265,6
1,0.75,0.3814006228815784,0.20193271045175495,2
1,0.75,0.11678223245359964,0.29988443421306704,4
1,0.75,0.27861927066744885,-0.02861927066744885,6
1,0.75,0.1513492986487286,0.2653173680179381,4
1,0.75,0.01924028659132604,0.1474263800753406,7
1,0.75,0.38912364978807834,0.027543016878588344,4
1,0.75,0.2596747045649622,-0.009674704564962222,6
1,0.75,0.06430022445206718,0.26903310888126614,5
1,0.75,0.07111755185219637,-0.07111755185219637,9
1,0.75,0.07218957454608055,0.26114375878725277,5
1,0.75,0.08329862844495006,0.3333680382217166,4
1,0.75,0.18447301534258975,0.23219365132407693,4
1,0.75,0.13199169267231325,0.20134164066102006,5
1,0.75,0.10083209019291617,0.06583457647375046,7
1,0.75,0.07095490855191955,-0.15428824188525292,10
1,0.75,0.13005131046370022,-0.2133846437970336,10
1,0.75,0.062047059906430335,0.1046196067602363,7
1,0.75,0.028089973727618567,0.055243359605714804,8
1,0.75,0.2323225451073777,0.18434412155928898,4
1,0.75,0.2593405625734815,-0.009340562573481481,6
1,0.75,0.2124576547517394,0.2875423452482606,3
1,0.75,0.3527383773688254,-0.01940504403549209,5
1,0.75,0.1349928904622334,0.1150071095377666,6
1,0.75,0.11678223245359964,0.13321776754640036,6
1,0.75,0.11515921565046516,0.21817411768286815,5
1,0.75,0.2589095784421014,-0.008909578442101385,6
1,0.75,0.3814006228815784,-0.048067289548245073,5
1,0.75,0.19371389175819798,-0.027047225091531346,7
1,0.75,0.015711762863612644,0.06762157046972073,8
1,0.75,0.2482887212771384,0.0017112787228615867,6
1,0.75,0.11252786678133886,-0.02919453344800549,8
1,0.75,0.18447301534258975,0.23219365132407693,4
1,0.75,0.23301141288485505,0.10032192044847826,5
1,0.75,0.062202036660743865,0.18779796333925614,6
1,0.75,0.11515921565046516,0.21817411768286815,5
1,0.75,0.0711590856222355,0.09550758104443113,7
1,0.75,0.05206069019624504,-0.05206069019624504,9
1,0.75,0.20658643651672004,0.04341356348327996,6
1,0.75,0.38294606298546985,0.03372060368119684,4
1,0.75,0.3503334421753367,-0.18366677550867005,7
1,0.75,0.39617827995817545,0.020488386708491235,4
1,0.75,0.36729045602441623,0.04937621064225045,4
1,0.75,0.0019216440431841786,-0.08525497737651755,10
1,0.75,0.13081645744363246,0.11918354255636754,6
1,0.75,0.11023352473050418,0.056433141936162445,7
1,0.75,0.23301141288485505,0.18365525378181163,4
1,0.75,0.17280902875027415,0.07719097124972585,6
1,0.75,0.0774344949388257,0.08923217172784093,7
1,0.75,0.43187055559681353,-0.015203888930146847,4
1,0.75,0.18538013117361896,0.14795320215971436,5
1,0.75,0.15346947347685924,0.09653052652314076,6
1,0.75,0.1349928904622334,0.031673776204433235,7
1,0.75,0.7615997542394806,-0.7692307692307693,10
1,0.75,0.24980936013667854,-0.19211705244437083,9
1,0.75,0.17632192147614734,0.18906269390846803,5
1,0.75,0.7615997542394806,-0.5384615384615384,7
1,0.75,0.2455785165522859,0.04288302190925253,6
1,0.75,0.13860775127558567,-0.08091544358327796,9
1,0.75,0.7615997542394806,-0.38461538461538464,5
1,0.75,0.9826408586840785,-0.3076923076923077,4
1,0.75,0.9680567115073361,-0.5384615384615384,7
1,0.75,0.7615997542394806,-0.46153846153846156,6
1,0.75,0.7637041577312637,-0.46153846153846156,6
1,0.75,0.14621142152444744,-0.08851911383213973,9
1,0.75,0.9680567115073361,-0.5384615384615384,7
1,0.75,0.17632192147614734,0.1121396169853911,6
1,0.75,0.1689864093151694,0.19639820606944597,5
1,0.75,0.9680567115073361,-0.38461538461538464,5
1,0.75,0.9680567115073361,-0.5384615384615384,7
1,0.75,0.9826408586840785,-0.3076923076923077,4
1,0.75,0.08907123541814055,-0.10830200464890982,10
1,0.75,0.9826408586840785,-0.3076923076923077,4
1,0.75,0.9826408586840785,-0.3076923076923077,4
1,0.75,0.7835724119593105,-0.6153846153846154,8
1,0.75,0.9826408586840785,-0.3076923076923077,4
1,0.75,0.9826408586840785,-0.38461538461538464,5
1,0.75,0.9680567115073361,-0.46153846153846156,6
1,0.75,0.9680567115073361,-0.3076923076923077,4
1,0.75,0.9680567115073361,-0.46153846153846156,6
1,0.75,0.9680567115073361,-0.6923076923076923,9
1,0.75,0.9826408586840785,-0.23076923076923078,3
1,0.75,0.9680567115073361,-0.46153846153846156,6
1,0.75,0.17364678630049102,0.037891675237970546,7
1,0.75,0.14621142152444744,0.06532704001401413,7
1,0.75,0.17632192147614734,0.18906269390846803,5
1,0.75,0.2455785165522859,0.04288302190925253,6
1,0.75,0.9680567115073361,-0.38461538461538464,5
1,0.75,0.17632192147614734,0.18906269390846803,5
1,0.75,0.9680567115073361,-0.5384615384615384,7
1,0.75,0.14626212769916158,-0.08856982000685387,9
1,0.75,0.1689864093151694,0.04255205222329217,7
1,0.75,0.18094116044347042,0.18444345494114495,5
1,0.75,0.9826408586840785,-0.3076923076923077,4
1,0.75,0.9826408586840785,-0.3076923076923077,4
1,0.75,0.9826408586840785,-0.38461538461538464,5
1,0.75,0.9826408586840785,-0.6923076923076923,9
1,0.75,0.7637041577312637,-0.46153846153846156,6
1,0.75,0.9826408586840785,-0.3076923076923077,4
1,0.75,0.7637041577312637,-0.5384615384615384,7
1,0.75,0.7637041577312637,-0.46153846153846156,6
1,0.75,0.9680567115073361,-0.6153846153846154,8
1,0.75,0.9826408586840785,-0.46153846153846156,6
1,0.75,0.7615997542394806,-0.38461538461538464,5
1,0.75,0.9680567115073361,-0.6153846153846154,8
1,0.75,0.7835724119593105,-0.46153846153846156,6
1,0.75,0.10449109917159038,-0.046798791479282675,9
1,0.75,0.17632192147614734,0.1121396169853911,6
1,0.75,0.7637041577312637,-0.3076923076923077,4
1,0.75,0.9680567115073361,-0.3076923076923077,4
1,0.75,0.14621142152444744,-0.08851911383213973,9
1,0.75,0.14626212769916158,-0.08856982000685387,9
1,0.75,0.9680567115073361,-0.38461538461538464,5
1,0.75,0.1689864093151694,0.11947512914636904,6
1,0.75,0.9680567115073361,-0.38461538461538464,5
1,0.75,0.9826408586840785,-0.38461538461538464,5
1,0.75,0.17632192147614734,0.03521654006231423,7
1,0.75,0.23553045167227926,-0.25476122090304854,10
1,0.75,0.9826408586840785,-0.6153846153846154,8
1,0.75,0.7637041577312637,-0.38461538461538464,5
1,0.75,0.14621142152444744,0.06532704001401413,7
1,0.75,0.9826408586840785,-0.23076923076923078,3
1,0.75,0.7615997542394806,-0.38461538461538464,5
1,0.75,0.13860775127558567,0.0729307102628759,7
1,0.75,0.1689864093151694,0.19639820606944597,5
1,0.75,0.7637041577312637,-0.46153846153846156,6
1,0.75,0.17632192147614734,0.03521654006231423,7
1,0.75,0.9680567115073361,-0.38461538461538464,5
1,0.75,0.9680567115073361,-0.6153846153846154,8
1,0.75,0.7806898343893851,-0.5384615384615384,7
1,0.75,0.9680567115073361,-0.46153846153846156,6
1,0.75,0.7637041577312637,-0.6153846153846154,8
1,0.75,0.9680567115073361,-0.46153846153846156,6
1,0.75,0.7637041577312637,-0.5384615384615384,7
1,0.75,0.9826408586840785,-0.38461538461538464,5
1,0.75,0.9680567115073361,-0.38461538461538464,5
1,0.75,0.9680567115073361,-0.46153846153846156,6
1,0.75,0.9826408586840785,-0.38461538461538464,5
1,0.75,0.7835724119593105,-0.5384615384615384,7
1,0.75,0.1689864093151694,0.11947512914636904,6
1,0.75,0.9680567115073361,-0.5384615384615384,7
1,0.75,0.7615997542394806,-0.6153846153846154,8
1,0.75,0.7637041577312637,-0.38461538461538464,5
1,0.75,0.1421540216030207,-0.007538636987636127,8
1,0.75,0.9680567115073361,-0.46153846153846156,6
1,0.75,0.7637041577312637,-0.5384615384615384,7
1,0.75,0.18094116044347042,0.030597301094991147,7
1,0.75,0.14210089823029137,-0.007485513614906791,8
1,0.75,0.9680567115073361,-0.38461538461538464,5
1,0.75,0.9826408586840785,-0.38461538461538464,5
1,0.75,0.9826408586840785,-0.38461538461538464,5
1,0.75,0.8846850956852224,-0.5384615384615384,7
1,0.75,0.9826408586840785,-0.5384615384615384,7
1,0.75,0.3057912208405609,0.11087544582610581,1
1,0.75,0.5548418449270073,-0.1381751782603406,1
1,0.75,0.3057912208405609,0.11087544582610581,1
1,0.75,0.5548418449270073,-0.1381751782603406,1
1,0.75,0.5548418449270073,-0.1381751782603406,1
1,0.75,0.0,-0.25,3
1,0.75,0.5548418449270073,-0.1381751782603406,1
1,0.75,0.0,-0.25,3
1,0.75,0.5548418449270073,-0.1381751782603406,1
1,0.75,0.3057912208405609,-0.2224578875072275,2
1,0.75,0.5548418449270073,-0.1381751782603406,1
1,0.75,0.3057912208405609,-0.2224578875072275,2
1,0.75,0.5548418449270073,0.19515815507299272,0
1,0.75,0.3057912208405609,0.11087544582610581,1
1,0.75,0.3057912208405609,0.11087544582610581,1
1,0.75,0.5548418449270073,0.19515815507299272,0
1,0.75,0.5548418449270073,0.19515815507299272,0
1,0.75,0.0,-0.25,3
1,0.75,0.5548418449270073,0.19515815507299272,0
1,0.75,0.5548418449270073,-0.4715085115936739,2
1,0.75,0.3057912208405609,0.11087544582610581,1
1,0.75,0.3057912208405609,0.11087544582610581,1
1,0.75,0.5548418449270073,0.19515815507299272,0
1,0.75,0.3057912208405609,0.11087544582610581,1
1,0.75,0.5548418449270073,-0.1381751782603406,1
1,0.75,0.3057912208405609,0.11087544582610581,1
1,0.75,0.0,-0.25,3
1,0.75,0.5548418449270073,-0.1381751782603406,1
1,0.75,0.5548418449270073,0.19515815507299272,0
1,0.75,0.0,-0.25,3
1,0.75,0.5548418449270073,0.19515815507299272,0
1,0.75,0.5548418449270073,-0.1381751782603406,1
1,0.75,0.0,-0.25,3
1,0.75,0.5548418449270073,-0.4715085115936739,2
1,0.75,0.2290091161470067,-0.14567578281367333,2
1,0.75,0.5548418449270073,-0.1381751782603406,1
1,0.75,0.2290091161470067,-0.14567578281367333,2
1,0.75,0.2290091161470067,-0.14567578281367333,2
1,0.75,0.3057912208405609,0.11087544582610581,1
1,0.75,0.2290091161470067,-0.14567578281367333,2
1,0.75,0.5548418449270073,0.19515815507299272,0
1,0.75,0.0,-0.25,3
1,0.75,0.0,-0.25,3
1,0.75,0.3057912208405609,-0.2224578875072275,2
1,0.75,0.3057912208405609,0.11087544582610581,1
1,0.75,0.5548418449270073,-0.1381751782603406,1
1,0.75,0.5548418449270073,-0.4715085115936739,2
1,0.75,0.5548418449270073,0.19515815507299272,0
1,0.75,0.5548418449270073,-0.1381751782603406,1
1,0.75,0.5548418449270073,-0.1381751782603406,1
1,0.75,0.5548418449270073,-0.4715085115936739,2
1,0.75,0.3057912208405609,-0.2224578875072275,2
1,0.75,0.5548418449270073,-0.1381751782603406,1
1,0.75,0.2290091161470067,-0.14567578281367333,2
1,0.75,0.5548418449270073,-0.1381751782603406,1
1,0.75,0.3057912208405609,-0.2224578875072275,2
1,0.75,0.5548418449270073,-0.4715085115936739,2
1,0.75,0.5548418449270073,-0.1381751782603406,1
1,0.75,0.5548418449270073,-0.1381751782603406,1
1,0.75,0.3057912208405609,-0.2224578875072275,2
1,0.75,0.3057912208405609,0.11087544582610581,1
1,0.75,0.5548418449270073,-0.4715085115936739,2
1,0.75,0.3057912208405609,-0.2224578875072275,2
1,0.75,0.0,-0.25,3
1,0.75,0.5548418449270073,-0.1381751782603406,1
1,0.75,0.5548418449270073,-0.1381751782603406,1
1,0.75,0.0,-0.25,3
1,0.75,0.3057912208405609,0.11087544582610581,1
1,0.75,0.5548418449270073,-0.1381751782603406,1
1,0.75,0.2290091161470067,-0.14567578281367333,2
1,0.75,0.3057912208405609,0.11087544582610581,1
1,0.75,0.5548418449270073,-0.1381751782603406,1
1,0.75,0.5548418449270073,-0.1381751782603406,1
1,0.75,0.3057912208405609,0.11087544582610581,1
1,0.75,0.5548418449270073,-0.1381751782603406,1
1,0.75,0.5548418449270073,-0.1381751782603406,1
1,0.75,0.5548418449270073,-0.1381751782603406,1
1,0.75,0.5548418449270073,-0.4715085115936739,2
1,0.75,0.2290091161470067,-0.14567578281367333,2
1,0.75,0.3057912208405609,-0.2224578875072275,2
1,0.75,0.0,-0.25,3
1,0.75,0.2290091161470067,-0.14567578281367333,2
1,0.75,0.5548418449270073,-0.1381751782603406,1
1,0.75,0.3057912208405609,0.11087544582610581,1
1,0.75,0.5548418449270073,-0.1381751782603406,1
1,0.75,0.3057912208405609,0.11087544582610581,1
1,0.75,0.5548418449270073,-0.1381751782603406,1
1,0.75,0.3057912208405609,-0.2224578875072275,2
1,0.75,0.5548418449270073,-0.1381751782603406,1
1,0.75,0.5548418449270073,0.19515815507299272,0
1,0.75,0.3057912208405609,-0.2224578875072275,2
1,0.75,0.0,-0.25,3
1,0.75,0.5548418449270073,-0.4715085115936739,2
1,0.75,0.5548418449270073,-0.4715085115936739,2
1,0.75,0.5548418449270073,0.19515815507299272,0
1,0.75,0.3057912208405609,0.11087544582610581,1
1,0.75,0.5548418449270073,-0.4715085115936739,2
1,0.75,0.2290091161470067,-0.14567578281367333,2
1,0.75,0.5548418449270073,-0.1381751782603406,1
1,0.75,0.0,-0.25,3
