epsilon,L0,leakage,utility,mask_size
10,0.25,0.05010955345870127,-0.3001095534587013,3
10,0.25,0.03592524660768637,-0.11925857994101968,2
10,0.25,0.03592524660768637,-0.11925857994101968,2
10,0.25,0.22337399647872114,0.026626003521278863,0
10,0.25,0.22337399647872114,0.026626003521278863,0
10,0.25,0.013132038880604324,-0.42979870554727095,4
10,0.25,0.22337399647872114,0.026626003521278863,0
10,0.25,0.03592524660768637,0.047408086725646975,1
10,0.25,0.22337399647872114,-0.1400406631453878,1
10,0.25,0.22337399647872114,-0.30670732981205445,2
10,0.25,0.22337399647872114,0.026626003521278863,0
10,0.25,0.03592524660768637,0.047408086725646975,1
10,0.25,0.22337399647872114,0.026626003521278863,0
10,0.25,0.03592524660768637,-0.28592524660768637,3
10,0.25,0.013132038880604324,-0.09646537221393764,2
10,0.25,0.22337399647872114,-0.1400406631453878,1
10,0.25,0.03592524660768637,0.047408086725646975,1
10,0.25,0.03592524660768637,0.047408086725646975,1
10,0.25,0.011469181810646378,-0.428135848477313,4
10,0.25,0.011469181810646378,-0.428135848477313,4
10,0.25,0.03592524660768637,0.047408086725646975,1
10,0.25,0.03592524660768637,-0.28592524660768637,3
10,0.25,0.03592524660768637,0.047408086725646975,1
10,0.25,0.03592524660768637,0.047408086725646975,1
10,0.25,0.051126318247808444,-0.4677929849144751,4
10,0.25,0.051126318247808444,-0.30112631824780844,3
10,0.25,0.03592524660768637,-0.28592524660768637,3
10,0.25,0.03592524660768637,-0.28592524660768637,3
10,0.25,0.03592524660768637,0.047408086725646975,1
10,0.25,0.22337399647872114,-0.1400406631453878,1
10,0.25,0.03592524660768637,0.047408086725646975,1
10,0.25,0.22337399647872114,-0.1400406631453878,1
10,0.25,0.03592524660768637,-0.11925857994101968,2
10,0.25,0.03592524660768637,0.047408086725646975,1
10,0.25,0.03592524660768637,0.047408086725646975,1
10,0.25,0.05010955345870127,-0.3001095534587013,3
10,0.25,0.03592524660768637,0.047408086725646975,1
10,0.25,0.22337399647872114,-0.1400406631453878,1
10,0.25,0.22337399647872114,-0.30670732981205445,2
10,0.25,0.03592524660768637,0.047408086725646975,1
10,0.25,0.051126318247808444,-0.30112631824780844,3
10,0.25,0.22337399647872114,-0.30670732981205445,2
10,0.25,0.05853885744745513,-0.30853885744745513,3
10,0.25,0.05010955345870127,-0.3001095534587013,3
10,0.25,0.03592524660768637,0.047408086725646975,1
10,0.25,0.03592524660768637,-0.28592524660768637,3
10,0.25,0.03592524660768637,0.047408086725646975,1
10,0.25,0.03592524660768637,0.047408086725646975,1
10,0.25,0.013132038880604324,-0.09646537221393764,2
10,0.25,0.05010955345870127,-0.1334428867920346,2
10,0.25,0.05010955345870127,-0.1334428867920346,2
10,0.25,0.011469181810646378,-0.2614691818106464,3
10,0.25,0.03592524660768637,-0.11925857994101968,2
10,0.25,0.22337399647872114,-0.1400406631453878,1
10,0.25,0.22337399647872114,0.026626003521278863,0
10,0.25,0.03592524660768637,-0.11925857994101968,2
10,0.25,0.013132038880604324,-0.09646537221393764,2
10,0.25,0.22337399647872114,0.026626003521278863,0
10,0.25,0.22337399647872114,-0.1400406631453878,1
10,0.25,0.013132038880604324,-0.09646537221393764,2
10,0.25,0.22337399647872114,-0.1400406631453878,1
10,0.25,0.008222647309668152,-0.4248893139763348,4
10,0.25,0.03592524660768637,0.047408086725646975,1
10,0.25,0.03592524660768637,0.047408086725646975,1
10,0.25,0.03592524660768637,-0.11925857994101968,2
10,0.25,0.03592524660768637,0.047408086725646975,1
10,0.25,0.03592524660768637,0.047408086725646975,1
10,0.25,0.22337399647872114,-0.30670732981205445,2
10,0.25,0.03592524660768637,0.047408086725646975,1
10,0.25,0.22337399647872114,-0.30670732981205445,2
10,0.25,0.22337399647872114,0.026626003521278863,0
10,0.25,0.03592524660768637,0.047408086725646975,1
10,0.25,0.013132038880604324,-0.2631320388806043,3
10,0.25,0.22337399647872114,-0.1400406631453878,1
10,0.25,0.03592524660768637,0.047408086725646975,1
10,0.25,0.03592524660768637,0.047408086725646975,1
10,0.25,0.03592524660768637,-0.28592524660768637,3
10,0.25,0.22337399647872114,0.026626003521278863,0
10,0.25,0.05010955345870127,-0.1334428867920346,2
10,0.25,0.22337399647872114,0.026626003521278863,0
10,0.25,0.03592524660768637,-0.11925857994101968,2
10,0.25,0.011469181810646378,-0.2614691818106464,3
10,0.25,0.03592524660768637,-0.11925857994101968,2
10,0.25,0.03592524660768637,0.047408086725646975,1
10,0.25,0.03592524660768637,0.047408086725646975,1
10,0.25,0.03592524660768637,-0.11925857994101968,2
10,0.25,0.03592524660768637,0.047408086725646975,1
10,0.25,0.05010955345870127,-0.1334428867920346,2
10,0.25,0.05010955345870127,-0.1334428867920346,2
10,0.25,0.22337399647872114,-0.30670732981205445,2
10,0.25,0.05010955345870127,-0.3001095534587013,3
10,0.25,0.051126318247808444,-0.30112631824780844,3
10,0.25,0.03592524660768637,-0.11925857994101968,2
10,0.25,0.22337399647872114,-0.30670732981205445,2
10,0.25,0.03592524660768637,-0.11925857994101968,2
10,0.25,0.03592524660768637,-0.11925857994101968,2
10,0.25,0.051126318247808444,-0.30112631824780844,3
10,0.25,0.03592524660768637,-0.11925857994101968,2
10,0.25,0.22337399647872114,0.026626003521278863,0
10,0.25,0.03592524660768637,-0.11925857994101968,2
10,0.25,0.46992211475481305,-0.3,3
10,0.25,0.5422684587046469,-0.3,3
10,0.25,0.5860822545816282,-0.1,1
10,0.25,0.5468475106079831,-0.4,4
10,0.25,0.4694541344903692,-0.3,3
10,0.25,0.5206608604337979,-0.5,5
10,0.25,0.46992211475481305,-0.5,5
10,0.25,0.6090400455538584,-0.3,3
10,0.25,0.21940735109689347,-0.5694073510968934,6
10,0.25,0.5206608604337979,-0.3,3
10,0.25,0.385599188513301,-0.6,6
10,0.25,0.26187931623708605,-0.3,3
10,0.25,0.5860822545816282,-0.2,2
10,0.25,0.6090400455538584,-0.2,2
10,0.25,0.5422684587046469,-0.3,3
10,0.25,0.5422684587046469,-0.4,4
10,0.25,0.6086948858179753,-0.5,5
10,0.25,0.21945273335876703,-0.36945273335876705,4
10,0.25,0.5202376749670268,-0.4,4
10,0.25,0.46992211475481305,-0.3,3
10,0.25,0.6623992294064142,-0.1,1
10,0.25,0.5202376749670268,-0.4,4
10,0.25,0.37620841728789634,-0.3,3
10,0.25,0.6623992294064142,-0.1,1
10,0.25,0.6623992294064142,-0.1,1
10,0.25,0.6623992294064142,-0.3,3
10,0.25,0.5206608604337979,-0.3,3
10,0.25,0.5468475106079831,-0.2,2
10,0.25,0.26303652729247295,-0.5,5
10,0.25,0.6623992294064142,-0.1,1
10,0.25,0.4694541344903692,-0.4,4
10,0.25,0.46992211475481305,-0.6,6
10,0.25,0.6090400455538584,-0.4,4
10,0.25,0.4694541344903692,-0.3,3
10,0.25,0.6623992294064142,-0.4,4
10,0.25,0.5860822545816282,-0.4,4
10,0.25,0.6090400455538584,-0.6,6
10,0.25,0.5468475106079831,-0.2,2
10,0.25,0.5860822545816282,-0.2,2
10,0.25,0.5468475106079831,-0.3,3
10,0.25,0.5422684587046469,-0.2,2
10,0.25,0.5206608604337979,-0.3,3
10,0.25,0.44440927545847886,-0.4,4
10,0.25,0.4694541344903692,-0.4,4
10,0.25,0.6086948858179753,-0.2,2
10,0.25,0.5860822545816282,-0.3,3
10,0.25,0.6090400455538584,-0.3,3
10,0.25,0.46992211475481305,-0.3,3
10,0.25,0.6623992294064142,-0.2,2
10,0.25,0.37624468341594786,-0.4,4
10,0.25,0.5468475106079831,-0.6,6
10,0.25,0.37624468341594786,-0.4,4
10,0.25,0.5206608604337979,-0.4,4
10,0.25,0.6090400455538584,-0.2,2
10,0.25,0.5860822545816282,-0.2,2
10,0.25,0.37624468341594786,-0.4,4
10,0.25,0.6623992294064142,-0.3,3
10,0.25,0.6623992294064142,-0.2,2
10,0.25,0.5468475106079831,-0.5,5
10,0.25,0.6623992294064142,-0.2,2
10,0.25,0.6623992294064142,0.0,0
10,0.25,0.6090400455538584,-0.2,2
10,0.25,0.5468475106079831,-0.4,4
10,0.25,0.5860822545816282,-0.4,4
10,0.25,0.26303652729247295,-0.7,7
10,0.25,0.5206608604337979,-0.5,5
10,0.25,0.6090400455538584,-0.3,3
10,0.25,0.6086948858179753,-0.4,4
10,0.25,0.44440927545847886,-0.4,4
10,0.25,0.46992211475481305,-0.3,3
10,0.25,0.6623992294064142,-0.1,1
10,0.25,0.5422684587046469,-0.2,2
10,0.25,0.385599188513301,-0.5,5
10,0.25,0.5206608604337979,-0.4,4
10,0.25,0.6623992294064142,-0.1,1
10,0.25,0.6090400455538584,-0.4,4
10,0.25,0.6086948858179753,-0.2,2
10,0.25,0.6086948858179753,-0.3,3
10,0.25,0.6086948858179753,-0.1,1
10,0.25,0.6090400455538584,-0.3,3
10,0.25,0.26303652729247295,-0.4,4
10,0.25,0.26303652729247295,-0.6,6
10,0.25,0.6623992294064142,-0.5,5
10,0.25,0.44440927545847886,-0.4,4
10,0.25,0.5860822545816282,-0.2,2
10,0.25,0.6090400455538584,-0.4,4
10,0.25,0.6623992294064142,-0.2,2
10,0.25,0.46992211475481305,-0.4,4
10,0.25,0.5422684587046469,-0.2,2
10,0.25,0.5202376749670268,-0.3,3
10,0.25,0.6086948858179753,-0.1,1
10,0.25,0.6090400455538584,-0.1,1
10,0.25,0.6086948858179753,-0.4,4
10,0.25,0.5422684587046469,-0.4,4
10,0.25,0.6086948858179753,-0.4,4
10,0.25,0.5468475106079831,-0.5,5
10,0.25,0.4694541344903692,-0.6,6
10,0.25,0.26303652729247295,-0.3,3
10,0.25,0.21940735109689347,-0.5694073510968934,6
10,0.25,0.5422684587046469,-0.2,2
10,0.25,0.3814006228815784,-0.25,3
10,0.25,0.10751078145608295,-0.27417744812274963,5
10,0.25,0.0774344949388257,-0.2441011616054924,5
10,0.25,0.26701031724347346,-0.25,3
10,0.25,0.43979746399322894,-0.16666666666666666,2
10,0.25,0.16032308439162912,-0.3269897510582958,5
10,0.25,0.29176047451397824,-0.5,6
10,0.25,0.1129678754391773,-0.3629678754391773,6
10,0.25,0.3527383773688254,-0.16666666666666666,2
10,0.25,0.0532330542024666,-0.38656638753579997,7
10,0.25,0.20178609916938106,-0.36845276583604775,5
10,0.25,0.49122554744404323,-0.08333333333333333,1
10,0.25,0.06739558725422323,-0.23406225392088992,5
10,0.25,0.0711590856222355,-0.3211590856222355,6
10,0.25,0.4315654865181012,-0.4166666666666667,5
10,0.25,0.0763952562744098,-0.40972858960774317,7
10,0.25,0.38294606298546985,-0.4166666666666667,5
10,0.25,0.20460607776507556,-0.20460607776507556,3
10,0.25,0.35160924584353914,-0.4166666666666667,5
10,0.25,0.055684588438029925,-0.2223512551046966,5
10,0.25,0.17232769257305858,-0.17232769257305858,3
10,0.25,0.04442433711593097,-0.21109100378259765,5
10,0.25,0.006618546744515452,-0.5066185467445155,9
10,0.25,0.11476711185775301,-0.11476711185775301,3
10,0.25,0.43979746399322894,-0.16666666666666666,2
10,0.25,0.2593405625734815,-0.25,3
10,0.25,0.3024230005412476,-0.08333333333333333,1
10,0.25,0.13081645744363246,-0.13081645744363246,3
10,0.25,0.39490893518321957,-0.5,6
10,0.25,0.23301141288485505,-0.1496780795515217,2
10,0.25,0.4051992891313526,-0.25,3
10,0.25,0.23301141288485505,-0.31634474621818837,4
10,0.25,0.4837492874056374,-0.25,3
10,0.25,0.15346947347685924,-0.23680280681019256,4
10,0.25,0.0026385951020123644,-0.33597192843534573,7
10,0.25,0.12169232869671387,-0.28835899536338055,5
10,0.25,0.26596157323668135,-0.25,3
10,0.25,0.011502205537398225,-0.42816887220406485,8
10,0.25,0.13249648641337675,-0.21582981974671006,4
10,0.25,0.13519474664706044,-0.3018614133137271,5
10,0.25,0.02366692609013743,-0.19033359275680412,5
10,0.25,0.0711590856222355,-0.40449241895556887,7
10,0.25,0.4837492874056374,-0.25,3
10,0.25,0.13199169267231325,-0.29865835933897994,5
10,0.25,0.12388659521070633,-0.20721992854403964,4
10,0.25,0.13460957566213394,-0.3012762423288006,5
10,0.25,0.13460957566213394,-0.21794290899546725,4
10,0.25,0.05823114583673106,-0.22489781250339774,5
10,0.25,0.019516954612072257,-0.26951695461207226,6
10,0.25,0.09892061921844686,-0.34892061921844686,6
10,0.25,0.053174932452756285,-0.3031749324527563,6
10,0.25,0.09916899991723072,-0.2658356665838974,5
10,0.25,0.15184283489576045,-0.23517616822909376,4
10,0.25,0.0309188576573447,-0.36425219099067807,7
10,0.25,0.11515921565046516,-0.28182588231713185,5
10,0.25,0.43979746399322894,-0.16666666666666666,2
10,0.25,0.2589095784421014,-0.4166666666666667,5
10,0.25,0.031328674458872885,-0.2813286744588729,6
10,0.25,0.05547310673024419,-0.38880644006357756,7
10,0.25,0.08229133556923462,-0.49895800223590125,8
10,0.25,0.18569793902946485,-0.26903127236279817,4
10,0.25,0.07956097853716526,-0.4962276452038319,8
10,0.25,0.0792732100907706,-0.3292732100907706,6
10,0.25,0.16016534172028907,-0.32683200838695575,5
10,0.25,0.18447301534258975,-0.18447301534258975,3
10,0.25,0.2593405625734815,-0.3333333333333333,4
10,0.25,0.0309188576573447,-0.36425219099067807,7
10,0.25,0.08871078810300614,-0.33871078810300614,6
10,0.25,0.06430022445206718,-0.23096689111873386,5
10,0.25,0.14950889348593277,-0.31617556015259946,5
10,0.25,0.3966145183227733,-0.3333333333333333,4
10,0.25,0.09525840767246774,-0.2619250743391344,5
10,0.25,0.09011240656254571,-0.3401124065625457,6
10,0.25,0.20888622753674246,-0.45888622753674246,6
10,0.25,0.25517513903367595,-0.3333333333333333,4
10,0.25,0.2593405625734815,-0.25,3
10,0.25,0.1386319072154879,-0.3052985738821546,5
10,0.25,0.02270247154573024,-0.27270247154573024,6
10,0.25,0.2092100230801126,-0.4592100230801126,6
10,0.25,0.23301141288485505,-0.39967807955152174,5
10,0.25,0.49122554744404323,-0.16666666666666666,2
10,0.25,0.02942972412329048,-0.1127630574566238,4
10,0.25,0.06615809659152339,-0.3161580965915234,6
10,0.25,0.07198774173963152,-0.2386544084062982,5
10,0.25,0.2776253562934289,-0.3333333333333333,4
10,0.25,0.22062727320740227,-0.4706272732074023,6
10,0.25,0.0010611938445868052,-0.41772786051125343,8
10,0.25,0.4837492874056374,-0.25,3
10,0.25,0.10974047757548977,-0.27640714424215646,5
10,0.25,0.3594026789799263,-0.4166666666666667,5
10,0.25,0.12388659521070633,-0.12388659521070633,3
10,0.25,0.35051889418506144,-0.4166666666666667,5
10,0.25,0.20288774828115985,-0.28622108161449317,4
10,0.25,0.364697551973022,-0.25,3
10,0.25,0.4837492874056374,-0.25,3
10,0.25,0.11422080387366518,-0.11422080387366518,3
10,0.25,0.060300306430557726,-0.2269669730972244,5
10,0.25,0.49122554744404323,-0.16666666666666666,2
10,0.25,0.22566106897398241,-0.3923277356406491,5
10,0.25,0.1243456639899938,-0.3743456639899938,6
10,0.25,0.7637041577312637,-0.46153846153846156,6
10,0.25,0.9826408586840785,-0.46153846153846156,6
10,0.25,0.9826408586840785,-0.07692307692307693,1
10,0.25,0.1421540216030207,-0.27676940621840534,5
10,0.25,0.9826408586840785,-0.07692307692307693,1
10,0.25,0.17632192147614734,-0.23401422916845505,4
10,0.25,0.9680567115073361,-0.3076923076923077,4
10,0.25,0.13860775127558567,-0.35014621281404723,6
10,0.25,0.7615997542394806,-0.3076923076923077,4
10,0.25,0.9826408586840785,-0.38461538461538464,5
10,0.25,0.17632192147614734,-0.4647834599376858,7
10,0.25,0.9826408586840785,-0.15384615384615385,2
10,0.25,0.9826408586840785,-0.38461538461538464,5
10,0.25,0.7615997542394806,-0.5384615384615384,7
10,0.25,0.9826408586840785,-0.15384615384615385,2
10,0.25,0.9680567115073361,-0.23076923076923078,3
10,0.25,0.9680567115073361,-0.3076923076923077,4
10,0.25,0.9680567115073361,-0.38461538461538464,5
10,0.25,0.9826408586840785,-0.46153846153846156,6
10,0.25,0.1689864093151694,-0.38052487085363096,6
10,0.25,0.9826408586840785,-0.38461538461538464,5
10,0.25,0.9826408586840785,-0.23076923076923078,3
10,0.25,0.9826408586840785,-0.07692307692307693,1
10,0.25,0.9826408586840785,-0.15384615384615385,2
10,0.25,0.7615997542394806,-0.6153846153846154,8
10,0.25,0.9680567115073361,-0.6153846153846154,8
10,0.25,0.9826408586840785,-0.46153846153846156,6
10,0.25,0.9680567115073361,-0.38461538461538464,5
10,0.25,0.9826408586840785,-0.15384615384615385,2
10,0.25,0.1253569663148515,-0.5676646586225438,9
10,0.25,0.9826408586840785,-0.5384615384615384,7
10,0.25,0.1689864093151694,-0.2266787170074771,4
10,0.25,0.9826408586840785,-0.38461538461538464,5
10,0.25,0.7637041577312637,-0.3076923076923077,4
10,0.25,0.9680567115073361,-0.5384615384615384,7
10,0.25,0.7637041577312637,-0.46153846153846156,6
10,0.25,0.9680567115073361,-0.46153846153846156,6
10,0.25,0.9826408586840785,-0.07692307692307693,1
10,0.25,0.9826408586840785,-0.15384615384615385,2
10,0.25,0.9680567115073361,-0.38461538461538464,5
10,0.25,0.9680567115073361,-0.23076923076923078,3
10,0.25,0.14621142152444744,-0.357749883062909,6
10,0.25,0.9826408586840785,-0.3076923076923077,4
10,0.25,0.1421540216030207,-0.19984632929532842,4
10,0.25,0.7637041577312637,-0.23076923076923078,3
10,0.25,0.9680567115073361,-0.23076923076923078,3
10,0.25,0.9826408586840785,-0.23076923076923078,3
10,0.25,0.9826408586840785,-0.46153846153846156,6
10,0.25,0.9826408586840785,-0.3076923076923077,4
10,0.25,0.2455785165522859,-0.45711697809074747,6
10,0.25,0.9826408586840785,-0.15384615384615385,2
10,0.25,0.9826408586840785,-0.15384615384615385,2
10,0.25,0.14626212769916158,-0.2808775123145462,5
10,0.25,0.9680567115073361,-0.46153846153846156,6
10,0.25,0.7615997542394806,-0.5384615384615384,7
10,0.25,0.24980936013667854,-0.538270898598217,7
10,0.25,0.9680567115073361,-0.6923076923076923,9
10,0.25,0.7637041577312637,-0.46153846153846156,6
10,0.25,0.9826408586840785,-0.46153846153846156,6
10,0.25,0.9680567115073361,-0.46153846153846156,6
10,0.25,0.9826408586840785,-0.07692307692307693,1
10,0.25,0.9680567115073361,-0.46153846153846156,6
10,0.25,0.9826408586840785,-0.46153846153846156,6
10,0.25,0.9680567115073361,-0.3076923076923077,4
10,0.25,0.7615997542394806,-0.3076923076923077,4
10,0.25,0.9826408586840785,-0.15384615384615385,2
10,0.25,0.9680567115073361,-0.38461538461538464,5
10,0.25,0.9680567115073361,-0.38461538461538464,5
10,0.25,0.18094116044347042,-0.1617103912127012,3
10,0.25,0.7835724119593105,-0.38461538461538464,5
10,0.25,0.9826408586840785,-0.38461538461538464,5
10,0.25,0.9826408586840785,-0.38461538461538464,5
10,0.25,0.9826408586840785,-0.38461538461538464,5
10,0.25,0.9680567115073361,-0.46153846153846156,6
10,0.25,0.7637041577312637,-0.15384615384615385,2
10,0.25,0.1689864093151694,-0.30360179393055403,5
10,0.25,0.9826408586840785,-0.3076923076923077,4
10,0.25,0.9826408586840785,-0.3076923076923077,4
10,0.25,0.9826408586840785,-0.15384615384615385,2
10,0.25,0.9826408586840785,-0.3076923076923077,4
10,0.25,0.9680567115073361,-0.6923076923076923,9
10,0.25,0.13860775127558567,-0.2732231358909703,5
10,0.25,0.9826408586840785,-0.38461538461538464,5
10,0.25,0.1386589090293462,-0.35019737056780775,6
10,0.25,0.9826408586840785,-0.07692307692307693,1
10,0.25,0.9826408586840785,-0.15384615384615385,2
10,0.25,0.9826408586840785,-0.3076923076923077,4
10,0.25,0.9826408586840785,-0.5384615384615384,7
10,0.25,0.7637041577312637,-0.3076923076923077,4
10,0.25,0.9826408586840785,-0.07692307692307693,1
10,0.25,0.7615997542394806,-0.23076923076923078,3
10,0.25,0.7835724119593105,-0.38461538461538464,5
10,0.25,0.9826408586840785,-0.38461538461538464,5
10,0.25,0.9680567115073361,-0.3076923076923077,4
10,0.25,0.9680567115073361,-0.3076923076923077,4
10,0.25,0.9826408586840785,-0.3076923076923077,4
10,0.25,0.9680567115073361,-0.23076923076923078,3
10,0.25,0.14626212769916158,-0.4347236661607,7
10,0.25,0.9826408586840785,-0.38461538461538464,5
10,0.25,0.7615997542394806,-0.15384615384615385,2
10,0.25,0.5548418449270073,0.0,0
10,0.25,0.5548418449270073,-0.3333333333333333,1
10,0.25,0.5548418449270073,0.0,0
10,0.25,0.5548418449270073,-0.3333333333333333,1
10,0.25,0.5548418449270073,0.0,0
10,0.25,0.5548418449270073,0.0,0
10,0.25,0.5548418449270073,-0.3333333333333333,1
10,0.25,0.5548418449270073,0.0,0
10,0.25,0.3057912208405609,-0.3333333333333333,1
10,0.25,0.5548418449270073,0.0,0
10,0.25,0.5548418449270073,-0.3333333333333333,1
10,0.25,0.5548418449270073,0.0,0
10,0.25,0.5548418449270073,0.0,0
10,0.25,0.5548418449270073,-0.3333333333333333,1
10,0.25,0.5548418449270073,-0.3333333333333333,1
10,0.25,0.5548418449270073,0.0,0
10,0.25,0.5548418449270073,-0.3333333333333333,1
10,0.25,0.3057912208405609,-0.3333333333333333,1
10,0.25,0.5548418449270073,0.0,0
10,0.25,0.5548418449270073,0.0,0
10,0.25,0.5548418449270073,0.0,0
10,0.25,0.5548418449270073,0.0,0
10,0.25,0.5548418449270073,0.0,0
10,0.25,0.5548418449270073,0.0,0
10,0.25,0.5548418449270073,-0.3333333333333333,1
10,0.25,0.5548418449270073,0.0,0
10,0.25,0.5548418449270073,-0.3333333333333333,1
10,0.25,0.0,-0.75,3
10,0.25,0.3057912208405609,-0.3333333333333333,1
10,0.25,0.5548418449270073,0.0,0
10,0.25,0.5548418449270073,0.0,0
10,0.25,0.5548418449270073,0.0,0
10,0.25,0.3057912208405609,-0.3333333333333333,1
10,0.25,0.5548418449270073,0.0,0
10,0.25,0.5548418449270073,-0.3333333333333333,1
10,0.25,0.5548418449270073,-0.3333333333333333,1
10,0.25,0.5548418449270073,0.0,0
10,0.25,0.5548418449270073,0.0,0
10,0.25,0.5548418449270073,-0.3333333333333333,1
10,0.25,0.5548418449270073,0.0,0
10,0.25,0.5548418449270073,0.0,0
10,0.25,0.5548418449270073,0.0,0
10,0.25,0.5548418449270073,0.0,0
10,0.25,0.5548418449270073,-0.3333333333333333,1
10,0.25,0.5548418449270073,0.0,0
10,0.25,0.5548418449270073,0.0,0
10,0.25,0.5548418449270073,-0.3333333333333333,1
10,0.25,0.5548418449270073,0.0,0
10,0.25,0.5548418449270073,0.0,0
10,0.25,0.5548418449270073,-0.3333333333333333,1
10,0.25,0.5548418449270073,0.0,0
10,0.25,0.5548418449270073,-0.3333333333333333,1
10,0.25,0.5548418449270073,0.0,0
10,0.25,0.5548418449270073,0.0,0
10,0.25,0.5548418449270073,0.0,0
10,0.25,0.5548418449270073,0.0,0
10,0.25,0.5548418449270073,-0.3333333333333333,1
10,0.25,0.5548418449270073,0.0,0
10,0.25,0.5548418449270073,0.0,0
10,0.25,0.5548418449270073,0.0,0
10,0.25,0.5548418449270073,0.0,0
10,0.25,0.5548418449270073,0.0,0
10,0.25,0.5548418449270073,0.0,0
10,0.25,0.5548418449270073,0.0,0
10,0.25,0.5548418449270073,-0.3333333333333333,1
10,0.25,0.5548418449270073,0.0,0
10,0.25,0.5548418449270073,-0.3333333333333333,1
10,0.25,0.5548418449270073,0.0,0
10,0.25,0.3057912208405609,-0.3333333333333333,1
10,0.25,0.5548418449270073,0.0,0
10,0.25,0.5548418449270073,0.0,0
10,0.25,0.5548418449270073,-0.3333333333333333,1
10,0.25,0.5548418449270073,0.0,0
10,0.25,0.5548418449270073,0.0,0
10,0.25,0.5548418449270073,-0.3333333333333333,1
10,0.25,0.3057912208405609,-0.3333333333333333,1
10,0.25,0.5548418449270073,-0.3333333333333333,1
10,0.25,0.5548418449270073,0.0,0
10,0.25,0.5548418449270073,0.0,0
10,0.25,0.5548418449270073,0.0,0
10,0.25,0.5548418449270073,0.0,0
10,0.25,0.5548418449270073,0.0,0
10,0.25,0.5548418449270073,0.0,0
10,0.25,0.5548418449270073,-0.3333333333333333,1
10,0.25,0.5548418449270073,0.0,0
10,0.25,0.5548418449270073,0.0,0
10,0.25,0.5548418449270073,0.0,0
10,0.25,0.3057912208405609,-0.3333333333333333,1
10,0.25,0.5548418449270073,0.0,0
10,0.25,0.5548418449270073,0.0,0
10,0.25,0.5548418449270073,0.0,0
10,0.25,0.5548418449270073,0.0,0
10,0.25,0.5548418449270073,0.0,0
10,0.25,0.3057912208405609,-0.3333333333333333,1
10,0.25,0.5548418449270073,-0.6666666666666666,2
10,0.25,0.5548418449270073,0.0,0
10,0.25,0.5548418449270073,-0.3333333333333333,1
10,0.25,0.5548418449270073,0.0,0
10,0.25,0.5548418449270073,0.0,0
10,0.25,0.5548418449270073,0.0,0
