epsilon,L0,leakage,utility,mask_size
10,0.75,0.22337399647872114,0.35995933685461223,1
10,0.75,0.03592524660768637,0.3807414200589803,2
10,0.75,0.03592524660768637,0.3807414200589803,2
10,0.75,0.013132038880604324,0.40353462778606236,2
10,0.75,0.03592524660768637,0.21407475339231363,3
10,0.75,0.22337399647872114,0.19329267018794555,2
10,0.75,0.22337399647872114,0.5266260035212789,0
10,0.75,0.013132038880604324,0.40353462778606236,2
10,0.75,0.03592524660768637,0.547408086725647,1
10,0.75,0.22337399647872114,0.35995933685461223,1
10,0.75,0.05010955345870127,0.0332237798746321,4
10,0.75,0.22337399647872114,0.5266260035212789,0
10,0.75,0.03592524660768637,0.547408086725647,1
10,0.75,0.03592524660768637,0.3807414200589803,2
10,0.75,0.011469181810646378,0.23853081818935362,3
10,0.75,0.03592524660768637,0.3807414200589803,2
10,0.75,0.03592524660768637,0.3807414200589803,2
10,0.75,0.03592524660768637,0.21407475339231363,3
10,0.75,0.22337399647872114,0.35995933685461223,1
10,0.75,0.05853885744745513,0.19146114255254487,3
10,0.75,0.011469181810646378,0.23853081818935362,3
10,0.75,0.03592524660768637,0.3807414200589803,2
10,0.75,0.013132038880604324,0.40353462778606236,2
10,0.75,0.03592524660768637,0.3807414200589803,2
10,0.75,0.05010955345870127,0.19989044654129873,3
10,0.75,0.03592524660768637,0.21407475339231363,3
10,0.75,0.013132038880604324,0.23686796111939568,3
10,0.75,0.03592524660768637,0.3807414200589803,2
10,0.75,0.22337399647872114,0.19329267018794555,2
10,0.75,0.05010955345870127,0.3665571132079654,2
10,0.75,0.03592524660768637,0.547408086725647,1
10,0.75,0.03592524660768637,0.3807414200589803,2
10,0.75,0.05010955345870127,0.3665571132079654,2
10,0.75,0.03592524660768637,0.547408086725647,1
10,0.75,0.03592524660768637,0.21407475339231363,3
10,0.75,0.05853885744745513,0.19146114255254487,3
10,0.75,0.051126318247808444,0.19887368175219156,3
10,0.75,0.03592524660768637,0.21407475339231363,3
10,0.75,0.03592524660768637,0.547408086725647,1
10,0.75,0.03592524660768637,0.3807414200589803,2
10,0.75,0.015768127809462573,0.0675652055238708,4
10,0.75,0.05010955345870127,0.19989044654129873,3
10,0.75,0.03592524660768637,0.547408086725647,1
10,0.75,0.03592524660768637,0.547408086725647,1
10,0.75,0.22337399647872114,0.026626003521278863,3
10,0.75,0.03592524660768637,0.547408086725647,1
10,0.75,0.03592524660768637,0.547408086725647,1
10,0.75,0.03592524660768637,0.547408086725647,1
10,0.75,0.03592524660768637,0.3807414200589803,2
10,0.75,0.004612425044516089,0.07872090828881728,4
10,0.75,0.03592524660768637,0.3807414200589803,2
10,0.75,0.013132038880604324,0.23686796111939568,3
10,0.75,0.013132038880604324,0.23686796111939568,3
10,0.75,0.05010955345870127,0.3665571132079654,2
10,0.75,0.03592524660768637,0.3807414200589803,2
10,0.75,0.22337399647872114,0.5266260035212789,0
10,0.75,0.22337399647872114,0.35995933685461223,1
10,0.75,0.03592524660768637,0.3807414200589803,2
10,0.75,0.22337399647872114,0.5266260035212789,0
10,0.75,0.013132038880604324,0.40353462778606236,2
10,0.75,0.03592524660768637,0.547408086725647,1
10,0.75,0.22337399647872114,0.19329267018794555,2
10,0.75,0.03592524660768637,0.547408086725647,1
10,0.75,0.015768127809462573,0.0675652055238708,4
10,0.75,0.03592524660768637,0.547408086725647,1
10,0.75,0.03592524660768637,0.21407475339231363,3
10,0.75,0.03592524660768637,0.3807414200589803,2
10,0.75,0.03592524660768637,0.547408086725647,1
10,0.75,0.03592524660768637,0.547408086725647,1
10,0.75,0.03592524660768637,0.547408086725647,1
10,0.75,0.22337399647872114,0.5266260035212789,0
10,0.75,0.22337399647872114,0.5266260035212789,0
10,0.75,0.22337399647872114,0.35995933685461223,1
10,0.75,0.22337399647872114,0.35995933685461223,1
10,0.75,0.03592524660768637,0.3807414200589803,2
10,0.75,0.009414806213275395,0.2405851937867246,3
10,0.75,0.03592524660768637,0.3807414200589803,2
10,0.75,0.03592524660768637,0.547408086725647,1
10,0.75,0.22337399647872114,0.35995933685461223,1
10,0.75,0.03592524660768637,0.21407475339231363,3
10,0.75,0.03592524660768637,0.21407475339231363,3
10,0.75,0.05010955345870127,0.3665571132079654,2
10,0.75,0.22337399647872114,0.35995933685461223,1
10,0.75,0.03592524660768637,0.3807414200589803,2
10,0.75,0.03592524660768637,0.547408086725647,1
10,0.75,0.22337399647872114,0.35995933685461223,1
10,0.75,0.05010955345870127,0.3665571132079654,2
10,0.75,0.004612425044516089,0.07872090828881728,4
10,0.75,0.22337399647872114,0.35995933685461223,1
10,0.75,0.22337399647872114,0.35995933685461223,1
10,0.75,0.03592524660768637,0.3807414200589803,2
10,0.75,0.03592524660768637,0.547408086725647,1
10,0.75,0.013132038880604324,0.40353462778606236,2
10,0.75,0.22337399647872114,0.19329267018794555,2
10,0.75,0.22337399647872114,0.5266260035212789,0
10,0.75,0.03592524660768637,0.3807414200589803,2
10,0.75,0.05010955345870127,0.3665571132079654,2
10,0.75,0.03592524660768637,0.547408086725647,1
10,0.75,0.03592524660768637,0.21407475339231363,3
10,0.75,0.03592524660768637,0.3807414200589803,2
10,0.75,0.5206608604337979,-0.1706608604337979,4
10,0.75,0.019231040185319626,-0.06923104018531967,8
10,0.75,0.385599188513301,-0.135599188513301,5
10,0.75,0.21940735109689347,-0.16940735109689342,7
10,0.75,0.26187931623708605,-0.11187931623708602,6
10,0.75,0.5202376749670268,-0.1702376749670268,4
10,0.75,0.029167650999047168,-0.07916765099904721,8
10,0.75,0.26303652729247295,0.08696347270752702,4
10,0.75,0.261836400724347,-0.11183640072434697,6
10,0.75,0.37624468341594786,-0.026244683415947878,4
10,0.75,0.4694541344903692,-0.11945413449036923,4
10,0.75,0.6090400455538584,-0.05904004555385839,2
10,0.75,0.5860822545816282,-0.036082254581628226,2
10,0.75,0.5206608604337979,-0.2706608604337979,5
10,0.75,0.019231040185319626,-0.06923104018531967,8
10,0.75,0.5206608604337979,0.0293391395662021,2
10,0.75,0.37620841728789634,-0.12620841728789634,5
10,0.75,0.5422684587046469,0.007731541295353084,2
10,0.75,0.5422684587046469,-0.2922684587046469,5
10,0.75,0.4694541344903692,-0.3194541344903692,6
10,0.75,0.16715725920573166,-0.11715725920573161,7
10,0.75,0.6623992294064142,-0.21239922940641415,3
10,0.75,0.4694541344903692,-0.0194541344903692,3
10,0.75,0.6623992294064142,-0.11239922940641417,2
10,0.75,0.5468475106079831,-0.2968475106079831,5
10,0.75,0.37624468341594786,0.17375531658405213,2
10,0.75,0.6086948858179753,0.04130511418202473,1
10,0.75,0.37620841728789634,-0.2262084172878963,6
10,0.75,0.4694541344903692,-0.11945413449036923,4
10,0.75,0.26303652729247295,0.18696347270752706,3
10,0.75,0.1455166996776397,-0.19551669967763974,8
10,0.75,0.26187931623708605,-0.11187931623708602,6
10,0.75,0.26303652729247295,-0.013036527292472955,5
10,0.75,0.2902622119955647,-0.3402622119955647,8
10,0.75,0.0,-0.15000000000000002,9
10,0.75,0.46992211475481305,-0.019922114754813036,3
10,0.75,0.46992211475481305,-0.11992211475481307,4
10,0.75,0.6090400455538584,-0.05904004555385839,2
10,0.75,0.6623992294064142,-0.21239922940641415,3
10,0.75,0.6086948858179753,-0.35869488581797526,5
10,0.75,0.6623992294064142,-0.21239922940641415,3
10,0.75,0.6090400455538584,-0.15904004555385837,3
10,0.75,0.37624468341594786,-0.026244683415947878,4
10,0.75,0.44440927545847886,-0.19440927545847886,5
10,0.75,0.385599188513301,-0.23559918851330097,6
10,0.75,0.6623992294064142,-0.11239922940641417,2
10,0.75,0.4694541344903692,-0.3194541344903692,6
10,0.75,0.5422684587046469,0.10773154129535309,1
10,0.75,0.26187931623708605,-0.011879316237086046,5
10,0.75,0.26187931623708605,-0.011879316237086046,5
10,0.75,0.5860822545816282,0.06391774541837178,1
10,0.75,0.6623992294064142,-0.11239922940641417,2
10,0.75,0.5206608604337979,-0.37066086043379787,6
10,0.75,0.6623992294064142,-0.5123992294064141,6
10,0.75,0.385599188513301,-0.135599188513301,5
10,0.75,0.24175913958548945,-0.09175913958548942,6
10,0.75,0.3592419527878562,-0.20924195278785618,6
10,0.75,0.5206608604337979,-0.2706608604337979,5
10,0.75,0.46992211475481305,-0.11992211475481307,4
10,0.75,0.6090400455538584,-0.2590400455538584,4
10,0.75,0.5422684587046469,0.007731541295353084,2
10,0.75,0.26187931623708605,0.08812068376291393,4
10,0.75,0.5860822545816282,-0.036082254581628226,2
10,0.75,0.21940735109689347,-0.06940735109689344,6
10,0.75,0.6623992294064142,-0.11239922940641417,2
10,0.75,0.6086948858179753,-0.2586948858179753,4
10,0.75,0.46992211475481305,-0.11992211475481307,4
10,0.75,0.26303652729247295,0.18696347270752706,3
10,0.75,0.385599188513301,-0.03559918851330102,4
10,0.75,0.37624468341594786,0.07375531658405216,3
10,0.75,0.5422684587046469,-0.0922684587046469,3
10,0.75,0.6623992294064142,-0.41239922940641416,5
10,0.75,0.26303652729247295,0.08696347270752702,4
10,0.75,0.46992211475481305,-0.11992211475481307,4
10,0.75,0.3592419527878562,-0.009241952787856222,4
10,0.75,0.21945273335876703,0.030547266641232973,5
10,0.75,0.26187931623708605,-0.011879316237086046,5
10,0.75,0.6623992294064142,-0.11239922940641417,2
10,0.75,0.37624468341594786,-0.12624468341594786,5
10,0.75,0.21945273335876703,-0.069452733358767,6
10,0.75,0.5422684587046469,0.007731541295353084,2
10,0.75,0.37620841728789634,-0.12620841728789634,5
10,0.75,0.44440927545847886,-0.19440927545847886,5
10,0.75,0.2902622119955647,-0.24026221199556463,7
10,0.75,0.37620841728789634,-0.12620841728789634,5
10,0.75,0.6090400455538584,-0.3590400455538584,5
10,0.75,0.46992211475481305,-0.019922114754813036,3
10,0.75,0.6623992294064142,-0.11239922940641417,2
10,0.75,0.26187931623708605,0.08812068376291393,4
10,0.75,0.4694541344903692,-0.0194541344903692,3
10,0.75,0.261836400724347,-0.011836400724346996,5
10,0.75,0.37624468341594786,-0.12624468341594786,5
10,0.75,0.21940735109689347,-0.2694073510968935,8
10,0.75,0.6090400455538584,-0.05904004555385839,2
10,0.75,0.5422684587046469,0.007731541295353084,2
10,0.75,0.26187931623708605,-0.11187931623708602,6
10,0.75,0.26303652729247295,0.08696347270752702,4
10,0.75,0.21940735109689347,-0.06940735109689344,6
10,0.75,0.21940735109689347,-0.16940735109689342,7
10,0.75,0.4694541344903692,-0.0194541344903692,3
10,0.75,0.11202783203166178,0.22130550130167154,5
10,0.75,0.08877250125931002,-0.005439167925976651,8
10,0.75,0.16016534172028907,0.2565013249463776,4
10,0.75,0.096144313037836,0.23718902029549732,5
10,0.75,0.3543596213772078,0.22897371195612556,2
10,0.75,0.06615809659152339,0.18384190340847661,6
10,0.75,0.14340383413236968,0.273262832534297,4
10,0.75,0.028089973727618567,0.13857669293904806,7
10,0.75,0.0808325885005905,0.08583407816607613,7
10,0.75,0.39669221622365947,0.2699744504430072,1
10,0.75,0.23301141288485505,0.26698858711514495,3
10,0.75,0.07790403060304663,0.33876263606362006,4
10,0.75,0.49122554744404323,-0.07455888077737655,4
10,0.75,0.07531299751845777,0.3413536691482089,4
10,0.75,0.18569793902946485,0.14763539430386846,5
10,0.75,0.07395604700685421,0.009377286326479162,8
10,0.75,0.3448717037251726,-0.011538370391839303,5
10,0.75,0.05951497598676547,0.27381835734656784,5
10,0.75,0.3409788878823009,-0.0076455545489675925,5
10,0.75,0.0924699785362173,0.1575300214637827,6
10,0.75,0.06590522876458327,0.10076143790208336,7
10,0.75,0.05618872296693378,0.11047794369973285,7
10,0.75,0.08919437889607429,0.07747228777059234,7
10,0.75,0.2593405625734815,0.24065943742651852,3
10,0.75,0.12596805783301201,0.374031942166988,3
10,0.75,0.35457304246700383,-0.10457304246700383,6
10,0.75,0.3814006228815784,0.20193271045175495,2
10,0.75,0.11914602681868658,0.04752063984798005,7
10,0.75,0.17280902875027415,0.24385763791639253,4
10,0.75,0.4598035770969229,0.04019642290307712,3
10,0.75,0.037430867567454285,-0.037430867567454285,9
10,0.75,0.0931854466425972,0.1568145533574028,6
10,0.75,0.36392001217105396,-0.19725334550438733,7
10,0.75,0.10123561601604592,0.2320977173172874,5
10,0.75,0.17232769257305858,0.07767230742694142,6
10,0.75,0.2596747045649622,-0.09300803789829559,7
10,0.75,0.12169232869671387,0.4616410046366195,2
10,0.75,0.05951497598676547,0.3571516906799012,4
10,0.75,0.13249648641337675,0.28417018025328994,4
10,0.75,0.17280902875027415,0.24385763791639253,4
10,0.75,0.020807663133100895,0.2291923368668991,6
10,0.75,0.05992243605806136,0.10674423060860527,7
10,0.75,0.06982737197958666,0.26350596135374665,5
10,0.75,0.15184283489576045,0.4314904984375729,2
10,0.75,0.021606897098520483,0.14505976956814615,7
10,0.75,0.1902069806890554,0.2264596859776113,4
10,0.75,0.15184283489576045,0.18149049843757287,5
10,0.75,0.12169232869671387,0.37830767130328613,3
10,0.75,0.3024230005412476,0.11424366612541909,4
10,0.75,0.08099673306275634,0.25233660027057697,5
10,0.75,0.11254423583660778,0.13745576416339222,6
10,0.75,0.06091317321928125,0.10575349344738538,7
10,0.75,0.14340383413236968,0.3565961658676303,3
10,0.75,0.10165825130765349,0.3150084153590132,4
10,0.75,0.4837492874056374,-0.15041595407230407,5
10,0.75,0.13081645744363246,0.11918354255636754,6
10,0.75,0.39490893518321957,-0.06157560184988625,5
10,0.75,0.10501392995781023,0.061652736708856404,7
10,0.75,0.02366692609013743,0.39299974057652926,4
10,0.75,0.1513492986487286,0.09865070135127141,6
10,0.75,0.3024230005412476,0.28091033279208577,2
10,0.75,0.012648795204736052,0.07068453812859732,8
10,0.75,0.04442433711593097,0.28890899621740235,5
10,0.75,0.1349928904622334,0.031673776204433235,7
10,0.75,0.3103698198059943,-0.1437031531393277,7
10,0.75,0.3020170857550578,0.11464958091160887,4
10,0.75,0.13464127803319614,0.032025388633470486,7
10,0.75,0.09589509836038068,0.23743823497295263,5
10,0.75,0.4837492874056374,-0.0670826207389707,4
10,0.75,0.07111755185219637,-0.07111755185219637,9
10,0.75,0.07159416112701489,0.1784058388729851,6
10,0.75,0.09666995396748046,0.40333004603251954,3
10,0.75,0.07939355511390533,0.17060644488609467,6
10,0.75,0.08872370928096829,0.1612762907190317,6
10,0.75,0.07670187984067922,0.08996478682598741,7
10,0.75,0.08660028728841329,-0.08660028728841329,9
10,0.75,0.1056126827835906,0.1443873172164094,6
10,0.75,0.12169232869671387,0.2949743379699528,4
10,0.75,0.2593405625734815,0.24065943742651852,3
10,0.75,0.17280902875027415,0.16052430458305916,5
10,0.75,0.13081645744363246,0.36918354255636754,3
10,0.75,0.43979746399322894,0.22686920267343774,1
10,0.75,0.29176047451397824,0.20823952548602176,3
10,0.75,0.1513492986487286,0.18198403468460472,5
10,0.75,0.2589095784421014,-0.008909578442101385,6
10,0.75,0.38294606298546985,0.03372060368119684,4
10,0.75,0.09406719718195766,0.07259946948470897,7
10,0.75,0.26701031724347346,0.23298968275652654,3
10,0.75,0.08099673306275634,0.33566993360391034,4
10,0.75,0.19959302122615685,0.21707364544050983,4
10,0.75,0.10974047757548977,0.22359285575784354,5
10,0.75,0.19730735562785984,0.13602597770547348,5
10,0.75,0.02141426063959484,0.1452524060270718,7
10,0.75,0.11252786678133886,0.05413879988532777,7
10,0.75,0.17232769257305858,0.2443389740936081,4
10,0.75,0.09543804904553033,0.237895284287803,5
10,0.75,0.13249648641337675,0.28417018025328994,4
10,0.75,0.1554824550808237,0.261184211585843,4
10,0.75,0.3878268224287339,0.028839844237932788,4
10,0.75,0.002596326839013008,0.08073700649432036,8
10,0.75,0.1222736628243225,0.012341721791062077,8
10,0.75,0.13860775127558567,-0.0039923666602010854,8
10,0.75,0.1689864093151694,0.2733212829925229,4
10,0.75,0.14621142152444744,-0.011596036909062857,8
10,0.75,0.17632192147614734,0.18906269390846803,5
10,0.75,0.14621142152444744,0.06532704001401413,7
10,0.75,0.1689864093151694,0.11947512914636904,6
10,0.75,0.18094116044347042,0.030597301094991147,7
10,0.75,0.14626212769916158,0.37296864153160764,3
10,0.75,0.24980936013667854,0.19249833217101375,4
10,0.75,0.08907123541814055,-0.1852250815719867,11
10,0.75,0.13860775127558567,0.2267768641090297,5
10,0.75,0.17632192147614734,0.18906269390846803,5
10,0.75,0.1689864093151694,0.11947512914636904,6
10,0.75,0.2455785165522859,0.11980609883232946,5
10,0.75,0.08907123541814055,0.04554414919724403,8
10,0.75,0.09261046869249534,-0.03491816100018763,9
10,0.75,0.13860775127558567,0.0729307102628759,7
10,0.75,0.1386589090293462,0.14980262943219225,6
10,0.75,0.1689864093151694,0.11947512914636904,6
10,0.75,0.1689864093151694,0.11947512914636904,6
10,0.75,0.9680567115073361,-0.3076923076923077,4
10,0.75,0.14621142152444744,0.142250116937091,6
10,0.75,0.14621142152444744,0.06532704001401413,7
10,0.75,0.7637041577312637,-0.3076923076923077,4
10,0.75,0.1689864093151694,0.04255205222329217,7
10,0.75,0.11650065212924676,0.01811473248613782,8
10,0.75,0.17632192147614734,0.18906269390846803,5
10,0.75,0.1689864093151694,0.19639820606944597,5
10,0.75,0.17632192147614734,0.3429088477546219,3
10,0.75,0.14626212769916158,0.14219941076237685,6
10,0.75,0.1689864093151694,0.11947512914636904,6
10,0.75,0.14621142152444744,0.142250116937091,6
10,0.75,0.18094116044347042,0.18444345494114495,5
10,0.75,0.1689864093151694,0.2733212829925229,4
10,0.75,0.9826408586840785,-0.15384615384615385,2
10,0.75,0.17632192147614734,0.18906269390846803,5
10,0.75,0.13860775127558567,0.14985378718595277,6
10,0.75,0.2455785165522859,0.04288302190925253,6
10,0.75,0.18094116044347042,0.18444345494114495,5
10,0.75,0.1386589090293462,0.22672570635526917,5
10,0.75,0.1386589090293462,0.07287955250911538,7
10,0.75,0.17632192147614734,0.18906269390846803,5
10,0.75,0.1689864093151694,-0.11129410162286169,9
10,0.75,0.14621142152444744,-0.011596036909062857,8
10,0.75,0.14621142152444744,0.06532704001401413,7
10,0.75,0.14626212769916158,0.21912248768545378,5
10,0.75,0.1421540216030207,-0.084461713910713,9
10,0.75,0.08907123541814055,-0.03137892772583284,9
10,0.75,0.1689864093151694,0.11947512914636904,6
10,0.75,0.17632192147614734,0.26598577083154495,4
10,0.75,0.14621142152444744,0.142250116937091,6
10,0.75,0.14210089823029137,0.14636064023124706,6
10,0.75,0.14626212769916158,0.06527633383929998,7
10,0.75,0.14621142152444744,-0.1654421907552167,10
10,0.75,0.08941260736401113,0.12212585417445043,7
10,0.75,0.1689864093151694,0.11947512914636904,6
10,0.75,0.14621142152444744,0.21917319386016793,5
10,0.75,0.1222736628243225,0.012341721791062077,8
10,0.75,0.17364678630049102,0.19173782908412434,5
10,0.75,0.17632192147614734,0.3429088477546219,3
10,0.75,0.18292836404652968,0.028610097491931885,7
10,0.75,0.1253569663148515,-0.22151081246869764,11
10,0.75,0.14621142152444744,0.06532704001401413,7
10,0.75,0.17632192147614734,0.3429088477546219,3
10,0.75,0.14621142152444744,-0.08851911383213973,9
10,0.75,0.1689864093151694,0.2733212829925229,4
10,0.75,0.1421540216030207,0.06938443993544086,7
10,0.75,0.09261046869249534,-0.03491816100018763,9
10,0.75,0.14621142152444744,-0.011596036909062857,8
10,0.75,0.14626212769916158,0.37296864153160764,3
10,0.75,0.17632192147614734,0.03521654006231423,7
10,0.75,0.14210089823029137,0.06943756330817019,7
10,0.75,0.14626212769916158,0.14219941076237685,6
10,0.75,0.1689864093151694,0.19639820606944597,5
10,0.75,0.1421540216030207,0.3001536707046716,4
10,0.75,0.14621142152444744,-0.08851911383213973,9
10,0.75,0.17632192147614734,0.1121396169853911,6
10,0.75,0.1689864093151694,0.19639820606944597,5
10,0.75,0.17632192147614734,0.18906269390846803,5
10,0.75,0.1222736628243225,0.012341721791062077,8
10,0.75,0.18094116044347042,0.030597301094991147,7
10,0.75,0.1689864093151694,0.11947512914636904,6
10,0.75,0.24980936013667854,0.11557525524793683,5
10,0.75,0.1689864093151694,0.11947512914636904,6
10,0.75,0.18292836404652968,-0.0483129794311451,8
10,0.75,0.17632192147614734,0.18906269390846803,5
10,0.75,0.1386589090293462,0.14980262943219225,6
10,0.75,0.14621142152444744,-0.08851911383213973,9
10,0.75,0.2455785165522859,-0.11096313193690133,8
10,0.75,0.08941260736401113,0.12212585417445043,7
10,0.75,0.17632192147614734,0.26598577083154495,4
10,0.75,0.1689864093151694,0.19639820606944597,5
10,0.75,0.9680567115073361,-0.3076923076923077,4
10,0.75,0.1689864093151694,0.11947512914636904,6
10,0.75,0.1689864093151694,-0.03437102469978481,8
10,0.75,0.9826408586840785,-0.6153846153846154,8
10,0.75,0.1689864093151694,0.19639820606944597,5
10,0.75,0.16828933816592273,-0.187520107396692,10
10,0.75,0.1386589090293462,0.07287955250911538,7
10,0.75,0.5548418449270073,0.19515815507299272,0
10,0.75,0.5548418449270073,-0.1381751782603406,1
10,0.75,0.5548418449270073,0.19515815507299272,0
10,0.75,0.5548418449270073,0.19515815507299272,0
10,0.75,0.3057912208405609,0.11087544582610581,1
10,0.75,0.5548418449270073,-0.1381751782603406,1
10,0.75,0.3057912208405609,0.11087544582610581,1
10,0.75,0.5548418449270073,0.19515815507299272,0
10,0.75,0.5548418449270073,0.19515815507299272,0
10,0.75,0.3057912208405609,0.11087544582610581,1
10,0.75,0.5548418449270073,-0.1381751782603406,1
10,0.75,0.5548418449270073,0.19515815507299272,0
10,0.75,0.5548418449270073,-0.1381751782603406,1
10,0.75,0.3057912208405609,0.11087544582610581,1
10,0.75,0.5548418449270073,0.19515815507299272,0
10,0.75,0.3057912208405609,0.11087544582610581,1
10,0.75,0.5548418449270073,0.19515815507299272,0
10,0.75,0.5548418449270073,0.19515815507299272,0
10,0.75,0.5548418449270073,0.19515815507299272,0
10,0.75,0.5548418449270073,-0.1381751782603406,1
10,0.75,0.3057912208405609,0.11087544582610581,1
10,0.75,0.5548418449270073,0.19515815507299272,0
10,0.75,0.3057912208405609,0.11087544582610581,1
10,0.75,0.5548418449270073,0.19515815507299272,0
10,0.75,0.5548418449270073,0.19515815507299272,0
10,0.75,0.5548418449270073,0.19515815507299272,0
10,0.75,0.5548418449270073,0.19515815507299272,0
10,0.75,0.5548418449270073,-0.1381751782603406,1
10,0.75,0.3057912208405609,0.11087544582610581,1
10,0.75,0.3057912208405609,0.11087544582610581,1
10,0.75,0.5548418449270073,-0.1381751782603406,1
10,0.75,0.5548418449270073,0.19515815507299272,0
10,0.75,0.3057912208405609,0.11087544582610581,1
10,0.75,0.5548418449270073,0.19515815507299272,0
10,0.75,0.3057912208405609,0.11087544582610581,1
10,0.75,0.5548418449270073,0.19515815507299272,0
10,0.75,0.3057912208405609,0.11087544582610581,1
10,0.75,0.5548418449270073,0.19515815507299272,0
10,0.75,0.3057912208405609,0.11087544582610581,1
10,0.75,0.5548418449270073,0.19515815507299272,0
10,0.75,0.3057912208405609,0.11087544582610581,1
10,0.75,0.3057912208405609,0.11087544582610581,1
10,0.75,0.3057912208405609,0.11087544582610581,1
10,0.75,0.3057912208405609,0.11087544582610581,1
10,0.75,0.5548418449270073,-0.1381751782603406,1
10,0.75,0.5548418449270073,0.19515815507299272,0
10,0.75,0.5548418449270073,0.19515815507299272,0
10,0.75,0.5548418449270073,0.19515815507299272,0
10,0.75,0.5548418449270073,0.19515815507299272,0
10,0.75,0.3057912208405609,0.11087544582610581,1
10,0.75,0.3057912208405609,0.11087544582610581,1
10,0.75,0.0,-0.25,3
10,0.75,0.5548418449270073,-0.1381751782603406,1
10,0.75,0.5548418449270073,0.19515815507299272,0
10,0.75,0.5548418449270073,0.19515815507299272,0
10,0.75,0.3057912208405609,0.11087544582610581,1
10,0.75,0.5548418449270073,-0.1381751782603406,1
10,0.75,0.3057912208405609,0.11087544582610581,1
10,0.75,0.5548418449270073,0.19515815507299272,0
10,0.75,0.5548418449270073,0.19515815507299272,0
10,0.75,0.2290091161470067,-0.14567578281367333,2
10,0.75,0.3057912208405609,0.11087544582610581,1
10,0.75,0.5548418449270073,0.19515815507299272,0
10,0.75,0.3057912208405609,0.11087544582610581,1
10,0.75,0.5548418449270073,0.19515815507299272,0
10,0.75,0.3057912208405609,0.11087544582610581,1
10,0.75,0.3057912208405609,0.11087544582610581,1
10,0.75,0.3057912208405609,0.11087544582610581,1
10,0.75,0.5548418449270073,0.19515815507299272,0
10,0.75,0.5548418449270073,0.19515815507299272,0
10,0.75,0.5548418449270073,0.19515815507299272,0
10,0.75,0.3057912208405609,0.11087544582610581,1
10,0.75,0.3057912208405609,0.11087544582610581,1
10,0.75,0.5548418449270073,-0.1381751782603406,1
10,0.75,0.5548418449270073,0.19515815507299272,0
10,0.75,0.5548418449270073,0.19515815507299272,0
10,0.75,0.5548418449270073,-0.1381751782603406,1
10,0.75,0.5548418449270073,0.19515815507299272,0
10,0.75,0.5548418449270073,0.19515815507299272,0
10,0.75,0.3057912208405609,0.11087544582610581,1
10,0.75,0.5548418449270073,0.19515815507299272,0
10,0.75,0.5548418449270073,0.19515815507299272,0
10,0.75,0.5548418449270073,0.19515815507299272,0
10,0.75,0.0,-0.25,3
10,0.75,0.2290091161470067,-0.14567578281367333,2
10,0.75,0.5548418449270073,0.19515815507299272,0
10,0.75,0.3057912208405609,0.11087544582610581,1
10,0.75,0.5548418449270073,0.19515815507299272,0
10,0.75,0.3057912208405609,-0.2224578875072275,2
10,0.75,0.3057912208405609,0.11087544582610581,1
10,0.75,0.0,-0.25,3
10,0.75,0.5548418449270073,0.19515815507299272,0
10,0.75,0.3057912208405609,0.11087544582610581,1
10,0.75,0.3057912208405609,0.11087544582610581,1
10,0.75,0.3057912208405609,0.11087544582610581,1
10,0.75,0.5548418449270073,0.19515815507299272,0
10,0.75,0.3057912208405609,0.11087544582610581,1
10,0.75,0.5548418449270073,0.19515815507299272,0
10,0.75,0.5548418449270073,0.19515815507299272,0
10,0.75,0.3057912208405609,0.11087544582610581,1
