epsilon,L0,leakage,utility,mask_size
1,0.75,0.22337399647872114,0.19329267018794555,2
1,0.75,0.03592524660768637,0.047408086725647,4
1,0.75,0.05010955345870127,0.19989044654129873,3
1,0.75,0.22337399647872114,0.35995933685461223,1
1,0.75,0.015768127809462573,-0.09910146114279594,5
1,0.75,0.22337399647872114,0.026626003521278863,3
1,0.75,0.003306804705818678,-0.08664013803915205,5
1,0.75,0.03592524660768637,0.3807414200589803,2
1,0.75,0.03592524660768637,0.3807414200589803,2
1,0.75,0.22337399647872114,0.35995933685461223,1
1,0.75,0.015768127809462573,-0.09910146114279594,5
1,0.75,0.03592524660768637,0.21407475339231363,3
1,0.75,0.015768127809462573,-0.09910146114279594,5
1,0.75,0.05010955345870127,0.0332237798746321,4
1,0.75,0.013132038880604324,0.23686796111939568,3
1,0.75,0.003609042830710618,-0.08694237616404399,5
1,0.75,0.03592524660768637,0.3807414200589803,2
1,0.75,0.003306804705818678,-0.08664013803915205,5
1,0.75,0.05010955345870127,0.19989044654129873,3
1,0.75,0.22337399647872114,0.5266260035212789,0
1,0.75,0.0008907266304110095,-0.08422405996374438,5
1,0.75,0.015768127809462573,-0.09910146114279594,5
1,0.75,0.013132038880604324,0.23686796111939568,3
1,0.75,0.05853885744745513,0.024794475885878242,4
1,0.75,0.0,-0.08333333333333337,5
1,0.75,0.22337399647872114,0.5266260035212789,0
1,0.75,0.22337399647872114,0.5266260035212789,0
1,0.75,0.22337399647872114,0.5266260035212789,0
1,0.75,0.051126318247808444,0.032207015085524926,4
1,0.75,0.0008907266304110095,-0.08422405996374438,5
1,0.75,0.003306804705818678,-0.08664013803915205,5
1,0.75,0.009414806213275395,0.07391852712005798,4
1,0.75,0.015768127809462573,-0.09910146114279594,5
1,0.75,0.22337399647872114,0.5266260035212789,0
1,0.75,0.003609042830710618,-0.08694237616404399,5
1,0.75,0.03592524660768637,0.547408086725647,1
1,0.75,0.051126318247808444,0.19887368175219156,3
1,0.75,0.015768127809462573,-0.09910146114279594,5
1,0.75,0.015768127809462573,-0.09910146114279594,5
1,0.75,0.22337399647872114,0.5266260035212789,0
1,0.75,0.22337399647872114,0.35995933685461223,1
1,0.75,0.003306804705818678,-0.08664013803915205,5
1,0.75,0.22337399647872114,0.5266260035212789,0
1,0.75,0.051126318247808444,0.032207015085524926,4
1,0.75,0.22337399647872114,0.35995933685461223,1
1,0.75,0.22337399647872114,0.5266260035212789,0
1,0.75,0.22337399647872114,0.5266260035212789,0
1,0.75,0.22337399647872114,0.5266260035212789,0
1,0.75,0.051126318247808444,0.032207015085524926,4
1,0.75,0.015768127809462573,-0.09910146114279594,5
1,0.75,0.22337399647872114,0.5266260035212789,0
1,0.75,0.003609042830710618,-0.08694237616404399,5
1,0.75,0.003306804705818678,-0.08664013803915205,5
1,0.75,0.03592524660768637,0.21407475339231363,3
1,0.75,0.22337399647872114,0.5266260035212789,0
1,0.75,0.011469181810646378,0.07186415152268699,4
1,0.75,0.0008907266304110095,-0.08422405996374438,5
1,0.75,0.0,-0.08333333333333337,5
1,0.75,0.22337399647872114,0.5266260035212789,0
1,0.75,0.015768127809462573,0.0675652055238708,4
1,0.75,0.0008907266304110095,-0.08422405996374438,5
1,0.75,0.22337399647872114,0.5266260035212789,0
1,0.75,0.22337399647872114,0.5266260035212789,0
1,0.75,0.008222647309668152,0.07511068602366522,4
1,0.75,0.22337399647872114,0.5266260035212789,0
1,0.75,0.0,-0.08333333333333337,5
1,0.75,0.03592524660768637,0.547408086725647,1
1,0.75,0.0008907266304110095,-0.08422405996374438,5
1,0.75,0.22337399647872114,0.35995933685461223,1
1,0.75,0.0008907266304110095,-0.08422405996374438,5
1,0.75,0.22337399647872114,0.19329267018794555,2
1,0.75,0.22337399647872114,0.35995933685461223,1
1,0.75,0.015768127809462573,-0.09910146114279594,5
1,0.75,0.22337399647872114,0.35995933685461223,1
1,0.75,0.22337399647872114,0.026626003521278863,3
1,0.75,0.03592524660768637,0.547408086725647,1
1,0.75,0.051126318247808444,0.032207015085524926,4
1,0.75,0.22337399647872114,0.5266260035212789,0
1,0.75,0.22337399647872114,0.35995933685461223,1
1,0.75,0.003306804705818678,-0.08664013803915205,5
1,0.75,0.003609042830710618,-0.08694237616404399,5
1,0.75,0.03592524660768637,0.547408086725647,1
1,0.75,0.009414806213275395,0.2405851937867246,3
1,0.75,0.22337399647872114,0.19329267018794555,2
1,0.75,0.05010955345870127,0.19989044654129873,3
1,0.75,0.003609042830710618,-0.08694237616404399,5
1,0.75,0.22337399647872114,0.5266260035212789,0
1,0.75,0.22337399647872114,-0.14004066314538777,4
1,0.75,0.03592524660768637,0.21407475339231363,3
1,0.75,0.22337399647872114,0.5266260035212789,0
1,0.75,0.22337399647872114,0.19329267018794555,2
1,0.75,0.22337399647872114,0.35995933685461223,1
1,0.75,0.015768127809462573,-0.09910146114279594,5
1,0.75,0.03592524660768637,0.547408086725647,1
1,0.75,0.22337399647872114,0.5266260035212789,0
1,0.75,0.015768127809462573,-0.09910146114279594,5
1,0.75,0.22337399647872114,0.19329267018794555,2
1,0.75,0.008222647309668152,0.07511068602366522,4
1,0.75,0.015768127809462573,-0.09910146114279594,5
1,0.75,0.22337399647872114,0.35995933685461223,1
1,0.75,0.3166049127277152,-0.26660491272771514,7
1,0.75,0.019231040185319626,-0.06923104018531967,8
1,0.75,0.6623992294064142,-0.012399229406414164,1
1,0.75,0.21945273335876703,0.030547266641232973,5
1,0.75,0.46992211475481305,-0.21992211475481305,5
1,0.75,0.46992211475481305,-0.319922114754813,6
1,0.75,0.37620841728789634,-0.12620841728789634,5
1,0.75,0.5206608604337979,-0.07066086043379788,3
1,0.75,0.5206608604337979,-0.07066086043379788,3
1,0.75,0.3592419527878562,-0.20924195278785618,6
1,0.75,0.6090400455538584,-0.15904004555385837,3
1,0.75,0.5206608604337979,-0.07066086043379788,3
1,0.75,0.44440927545847886,-0.3944092754584788,7
1,0.75,0.6623992294064142,0.08760077059358584,0
1,0.75,0.6623992294064142,0.08760077059358584,0
1,0.75,0.6623992294064142,-0.012399229406414164,1
1,0.75,0.21940735109689347,-0.3694073510968935,9
1,0.75,0.5860822545816282,-0.1360822545816282,3
1,0.75,0.6090400455538584,-0.2590400455538584,4
1,0.75,0.6623992294064142,-0.11239922940641417,2
1,0.75,0.5422684587046469,0.10773154129535309,1
1,0.75,0.6623992294064142,-0.012399229406414164,1
1,0.75,0.3166049127277152,-0.3666049127277152,8
1,0.75,0.21940735109689347,-0.2694073510968935,8
1,0.75,0.6090400455538584,0.040959954446141617,1
1,0.75,0.24175913958548945,-0.39175913958548947,9
1,0.75,0.5422684587046469,-0.0922684587046469,3
1,0.75,0.6623992294064142,-0.012399229406414164,1
1,0.75,0.2902622119955647,-0.4402622119955647,9
1,0.75,0.5422684587046469,0.10773154129535309,1
1,0.75,0.21940735109689347,-0.3694073510968935,9
1,0.75,0.24175913958548945,-0.2917591395854895,8
1,0.75,0.6623992294064142,0.08760077059358584,0
1,0.75,0.0002521225070323263,-0.15025212250703235,9
1,0.75,0.261836400724347,-0.31183640072434704,8
1,0.75,0.24315756576632586,-0.1931575657663258,7
1,0.75,0.5206608604337979,-0.07066086043379788,3
1,0.75,0.5202376749670268,-0.07023767496702676,3
1,0.75,0.37624468341594786,-0.026244683415947878,4
1,0.75,0.6623992294064142,0.08760077059358584,0
1,0.75,0.6623992294064142,-0.21239922940641415,3
1,0.75,0.6623992294064142,-0.21239922940641415,3
1,0.75,0.24175913958548945,-0.2917591395854895,8
1,0.75,0.6623992294064142,-0.012399229406414164,1
1,0.75,0.44440927545847886,-0.3944092754584788,7
1,0.75,0.6090400455538584,-0.2590400455538584,4
1,0.75,0.6623992294064142,-0.11239922940641417,2
1,0.75,0.385599188513301,-0.135599188513301,5
1,0.75,0.26303652729247295,-0.013036527292472955,5
1,0.75,0.6623992294064142,-0.012399229406414164,1
1,0.75,0.21940735109689347,-0.3694073510968935,9
1,0.75,0.6623992294064142,-0.012399229406414164,1
1,0.75,0.6623992294064142,0.08760077059358584,0
1,0.75,0.6090400455538584,-0.2590400455538584,4
1,0.75,0.2902622119955647,-0.4402622119955647,9
1,0.75,0.3592419527878562,-0.30924195278785616,7
1,0.75,0.44440927545847886,-0.09440927545847888,4
1,0.75,0.14559895790530974,-0.29559895790530977,9
1,0.75,0.6623992294064142,0.08760077059358584,0
1,0.75,0.5422684587046469,-0.0922684587046469,3
1,0.75,0.26303652729247295,-0.2130365272924729,7
1,0.75,0.2902622119955647,-0.3402622119955647,8
1,0.75,0.21940735109689347,-0.16940735109689342,7
1,0.75,0.2629936790618288,-0.0129936790618288,5
1,0.75,0.4694541344903692,-0.11945413449036923,4
1,0.75,0.2902622119955647,-0.4402622119955647,9
1,0.75,0.6623992294064142,0.08760077059358584,0
1,0.75,0.6623992294064142,-0.012399229406414164,1
1,0.75,0.37624468341594786,0.17375531658405213,2
1,0.75,0.21940735109689347,-0.3694073510968935,9
1,0.75,0.21940735109689347,-0.3694073510968935,9
1,0.75,0.6623992294064142,-0.11239922940641417,2
1,0.75,0.6623992294064142,0.08760077059358584,0
1,0.75,0.6623992294064142,0.08760077059358584,0
1,0.75,0.5860822545816282,-0.036082254581628226,2
1,0.75,0.6623992294064142,-0.11239922940641417,2
1,0.75,0.6623992294064142,0.08760077059358584,0
1,0.75,0.46992211475481305,-0.419922114754813,7
1,0.75,0.6623992294064142,0.08760077059358584,0
1,0.75,0.0002521225070323263,-0.15025212250703235,9
1,0.75,0.6090400455538584,-0.2590400455538584,4
1,0.75,0.5422684587046469,0.10773154129535309,1
1,0.75,0.6623992294064142,0.08760077059358584,0
1,0.75,0.14559895790530974,-0.29559895790530977,9
1,0.75,0.6623992294064142,0.08760077059358584,0
1,0.75,0.4694541344903692,-0.3194541344903692,6
1,0.75,0.26187931623708605,-0.211879316237086,7
1,0.75,0.5422684587046469,-0.0922684587046469,3
1,0.75,0.385599188513301,-0.23559918851330097,6
1,0.75,0.385599188513301,-0.03559918851330102,4
1,0.75,0.37624468341594786,0.07375531658405216,3
1,0.75,0.24315756576632586,-0.2931575657663259,8
1,0.75,0.6623992294064142,0.08760077059358584,0
1,0.75,0.0002521225070323263,-0.15025212250703235,9
1,0.75,0.21940735109689347,-0.3694073510968935,9
1,0.75,0.5860822545816282,-0.1360822545816282,3
1,0.75,0.5860822545816282,-0.1360822545816282,3
1,0.75,0.6090400455538584,-0.2590400455538584,4
1,0.75,0.5468475106079831,-0.2968475106079831,5
1,0.75,0.6623992294064142,-0.012399229406414164,1
1,0.75,0.49122554744404323,0.25877445255595677,0
1,0.75,0.49122554744404323,0.25877445255595677,0
1,0.75,0.3024230005412476,0.3642436661254191,1
1,0.75,0.005978229278813085,-0.005978229278813085,9
1,0.75,0.45206181053000827,-0.11872847719667495,5
1,0.75,0.014580918669557907,-0.014580918669557907,9
1,0.75,0.02081924993057771,-0.02081924993057771,9
1,0.75,0.49122554744404323,0.25877445255595677,0
1,0.75,0.0019637497589727326,0.1647029169076939,7
1,0.75,0.11202783203166178,-0.028694498698328408,8
1,0.75,0.06494594038142054,-0.06494594038142054,9
1,0.75,0.4516656596995132,0.13166767363382012,2
1,0.75,0.49122554744404323,0.17544111922262345,1
1,0.75,0.27070256480352073,0.06263076852981259,5
1,0.75,0.24805313656391814,0.0019468634360818582,6
1,0.75,0.2776253562934289,0.3890413103732378,1
1,0.75,0.3024230005412476,0.3642436661254191,1
1,0.75,0.07471974245340063,0.091946924213266,7
1,0.75,0.20749248410624255,-0.20749248410624255,9
1,0.75,0.43187055559681353,-0.015203888930146847,4
1,0.75,0.49122554744404323,0.09210778588929011,2
1,0.75,0.364697551973022,-0.03136421863968869,5
1,0.75,0.07203745732189093,0.01129587601144244,8
1,0.75,0.0763952562744098,0.1736047437255902,6
1,0.75,0.0627492666178674,0.020584066715465976,8
1,0.75,0.11023352473050418,0.13976647526949582,6
1,0.75,0.2482887212771384,0.16837794538952827,4
1,0.75,0.3534235948150932,-0.020090261481759908,5
1,0.75,0.2593405625734815,0.24065943742651852,3
1,0.75,0.01096879856335975,-0.01096879856335975,9
1,0.75,0.15410146436297045,-0.07076813102963708,8
1,0.75,0.4516656596995132,-0.03499899303284654,4
1,0.75,0.3024230005412476,0.1975769994587524,3
1,0.75,0.16016534172028907,0.006501324946377562,7
1,0.75,0.06920930761588873,0.0974573590507779,7
1,0.75,0.09589509836038068,0.23743823497295263,5
1,0.75,0.11252786678133886,-0.11252786678133886,9
1,0.75,0.3199014354008477,-0.3199014354008477,9
1,0.75,0.49122554744404323,-0.07455888077737655,4
1,0.75,0.4516656596995132,-0.03499899303284654,4
1,0.75,0.025671431719653026,0.1409952349470136,7
1,0.75,0.0571099795463591,0.2762233537869742,5
1,0.75,0.38294606298546985,-0.049612729652136534,5
1,0.75,0.13005131046370022,-0.13005131046370022,9
1,0.75,0.0021431443156229024,-0.0021431443156229024,9
1,0.75,0.054102170577392084,-0.054102170577392084,9
1,0.75,0.43979746399322894,0.22686920267343774,1
1,0.75,0.38912364978807834,-0.13912364978807834,6
1,0.75,0.4598035770969229,0.04019642290307712,3
1,0.75,0.0012759391462174863,-0.0012759391462174863,9
1,0.75,0.08196962725216128,0.3346970394145054,4
1,0.75,0.4051992891313526,0.011467377535314072,4
1,0.75,0.06361853925066419,-0.06361853925066419,9
1,0.75,0.13525206319055116,-0.13525206319055116,9
1,0.75,0.3814006228815784,0.2852660437850883,1
1,0.75,0.31330259844440145,-0.14663593177773482,7
1,0.75,0.0035473236271421626,-0.0035473236271421626,9
1,0.75,0.45189008786881846,-0.03522342120215177,4
1,0.75,0.4598035770969229,-0.04313691043025619,4
1,0.75,0.05547605503922237,0.11119061162744426,7
1,0.75,0.43187055559681353,-0.015203888930146847,4
1,0.75,0.38294606298546985,0.2003872703478635,2
1,0.75,0.01835229672059646,0.14831436994607017,7
1,0.75,0.0,0.0,9
1,0.75,0.49122554744404323,0.25877445255595677,0
1,0.75,0.060532446949075225,-0.060532446949075225,9
1,0.75,0.08464059780715749,0.1653594021928425,6
1,0.75,0.43187055559681353,-0.18187055559681353,6
1,0.75,0.08156618198778764,0.0017671513455457255,8
1,0.75,0.49122554744404323,0.25877445255595677,0
1,0.75,0.0712854626843189,-0.0712854626843189,9
1,0.75,0.39669221622365947,0.18664111710967388,2
1,0.75,0.022045528009316473,-0.022045528009316473,9
1,0.75,0.49122554744404323,0.09210778588929011,2
1,0.75,0.0549373740911705,-0.0549373740911705,9
1,0.75,0.49122554744404323,0.17544111922262345,1
1,0.75,0.06361853925066419,-0.06361853925066419,9
1,0.75,0.12169232869671387,0.2949743379699528,4
1,0.75,0.09304909999391664,0.24028423333941668,5
1,0.75,0.008031918744145772,0.0753014145891876,8
1,0.75,0.13081645744363246,0.11918354255636754,6
1,0.75,0.49122554744404323,0.17544111922262345,1
1,0.75,0.12248674033077422,-0.039153406997440854,8
1,0.75,0.49122554744404323,0.25877445255595677,0
1,0.75,0.4598035770969229,0.12352975623641047,2
1,0.75,0.43979746399322894,0.22686920267343774,1
1,0.75,0.4315654865181012,-0.014898819851434542,4
1,0.75,0.49122554744404323,0.09210778588929011,2
1,0.75,0.2776253562934289,0.3057079770399045,2
1,0.75,0.06065214083026338,0.10601452583640325,7
1,0.75,0.49122554744404323,0.25877445255595677,0
1,0.75,0.43979746399322894,0.22686920267343774,1
1,0.75,0.4598035770969229,0.12352975623641047,2
1,0.75,0.3024230005412476,0.3642436661254191,1
1,0.75,0.06296199010796566,-0.06296199010796566,9
1,0.75,0.49122554744404323,0.25877445255595677,0
1,0.75,0.11188224640593136,-0.028548913072597992,8
1,0.75,0.06361853925066419,-0.06361853925066419,9
1,0.75,0.2776253562934289,0.3890413103732378,1
1,0.75,0.017024489102596463,0.06630884423073691,8
1,0.75,0.7637041577312637,-0.07692307692307693,1
1,0.75,0.1222736628243225,-0.14150443205509178,10
1,0.75,0.8846850956852224,-0.6153846153846154,8
1,0.75,0.9826408586840785,-0.5384615384615384,7
1,0.75,0.14621142152444744,-0.24236526767829358,11
1,0.75,0.9680567115073361,-0.8461538461538461,11
1,0.75,0.9680567115073361,-0.3076923076923077,4
1,0.75,0.8846850956852224,-0.6923076923076923,9
1,0.75,0.9680567115073361,-0.3076923076923077,4
1,0.75,0.08545666250838424,-0.18161050866223039,11
1,0.75,0.9826408586840785,0.0,0
1,0.75,0.9826408586840785,-0.3076923076923077,4
1,0.75,0.08907123541814055,-0.1852250815719867,11
1,0.75,0.9826408586840785,-0.46153846153846156,6
1,0.75,0.9826408586840785,0.0,0
1,0.75,0.14621142152444744,-0.24236526767829358,11
1,0.75,0.13860775127558567,-0.08091544358327796,9
1,0.75,0.9680567115073361,-0.3076923076923077,4
1,0.75,0.9826408586840785,-0.46153846153846156,6
1,0.75,0.9680567115073361,-0.8461538461538461,11
1,0.75,0.7637041577312637,-0.5384615384615384,7
1,0.75,0.16828933816592273,-0.187520107396692,10
1,0.75,0.7637041577312637,-0.38461538461538464,5
1,0.75,0.10474597691629739,-0.20089982307014354,11
1,0.75,0.2455785165522859,-0.11096313193690133,8
1,0.75,0.9826408586840785,-0.07692307692307693,1
1,0.75,0.9826408586840785,0.0,0
1,0.75,0.9826408586840785,-0.15384615384615385,2
1,0.75,0.9826408586840785,-0.46153846153846156,6
1,0.75,0.9826408586840785,-0.07692307692307693,1
1,0.75,0.17632192147614734,0.26598577083154495,4
1,0.75,0.9826408586840785,-0.07692307692307693,1
1,0.75,0.7615997542394806,-0.38461538461538464,5
1,0.75,0.9826408586840785,-0.07692307692307693,1
1,0.75,0.9826408586840785,-0.5384615384615384,7
1,0.75,0.9826408586840785,0.0,0
1,0.75,0.08907123541814055,-0.1852250815719867,11
1,0.75,0.1222736628243225,-0.21842750897816865,11
1,0.75,0.9826408586840785,-0.5384615384615384,7
1,0.75,0.10448995667162086,-0.200643802825467,11
1,0.75,0.8846850956852224,-0.8461538461538461,11
1,0.75,0.08545657269601781,-0.18161041884986395,11
1,0.75,0.9826408586840785,-0.23076923076923078,3
1,0.75,0.9826408586840785,-0.23076923076923078,3
1,0.75,0.7637041577312637,-0.07692307692307693,1
1,0.75,0.9680567115073361,-0.3076923076923077,4
1,0.75,0.08907123541814055,-0.1852250815719867,11
1,0.75,0.9826408586840785,-0.46153846153846156,6
1,0.75,0.9826408586840785,-0.3076923076923077,4
1,0.75,0.8846850956852224,-0.38461538461538464,5
1,0.75,0.12535612051410105,-0.2215099666679472,11
1,0.75,0.8846850956852224,-0.8461538461538461,11
1,0.75,0.08545666250838424,-0.18161050866223039,11
1,0.75,0.10449109917159038,-0.20064494532543653,11
1,0.75,0.9680567115073361,-0.6153846153846154,8
1,0.75,0.9826408586840785,-0.07692307692307693,1
1,0.75,0.9826408586840785,-0.38461538461538464,5
1,0.75,0.7835724119593105,-0.46153846153846156,6
1,0.75,0.9680567115073361,-0.5384615384615384,7
1,0.75,0.16828933816592273,-0.2644431843197689,11
1,0.75,0.14210089823029137,-0.23825474438413752,11
1,0.75,0.9826408586840785,-0.15384615384615385,2
1,0.75,0.9826408586840785,-0.15384615384615385,2
1,0.75,0.9680567115073361,-0.7692307692307693,10
1,0.75,0.9826408586840785,-0.15384615384615385,2
1,0.75,0.9826408586840785,-0.38461538461538464,5
1,0.75,0.10454892525710613,-0.04685661756479842,9
1,0.75,0.9826408586840785,-0.3076923076923077,4
1,0.75,0.9826408586840785,0.0,0
1,0.75,0.9680567115073361,-0.46153846153846156,6
1,0.75,0.7637041577312637,-0.46153846153846156,6
1,0.75,0.7615997542394806,-0.6153846153846154,8
1,0.75,0.9826408586840785,-0.15384615384615385,2
1,0.75,0.9680567115073361,-0.3076923076923077,4
1,0.75,0.9826408586840785,-0.5384615384615384,7
1,0.75,0.7615997542394806,-0.46153846153846156,6
1,0.75,0.9826408586840785,-0.3076923076923077,4
1,0.75,0.12535612051410105,-0.2215099666679472,11
1,0.75,0.7637041577312637,-0.15384615384615385,2
1,0.75,0.08907123541814055,-0.1852250815719867,11
1,0.75,0.18282774557006898,-0.2789815917239151,11
1,0.75,0.9826408586840785,0.0,0
1,0.75,0.13860775127558567,-0.2347615974294318,11
1,0.75,0.9826408586840785,-0.46153846153846156,6
1,0.75,0.9826408586840785,-0.38461538461538464,5
1,0.75,0.9826408586840785,-0.6923076923076923,9
1,0.75,0.08907123541814055,-0.1852250815719867,11
1,0.75,0.12227457575795886,-0.218428421911805,11
1,0.75,0.9826408586840785,-0.23076923076923078,3
1,0.75,0.9826408586840785,-0.3076923076923077,4
1,0.75,0.9680567115073361,-0.8461538461538461,11
1,0.75,0.9680567115073361,-0.6923076923076923,9
1,0.75,0.9826408586840785,-0.15384615384615385,2
1,0.75,0.9680567115073361,-0.46153846153846156,6
1,0.75,0.9826408586840785,0.0,0
1,0.75,0.9826408586840785,-0.23076923076923078,3
1,0.75,0.9680567115073361,-0.7692307692307693,10
1,0.75,0.9826408586840785,-0.07692307692307693,1
1,0.75,0.8846850956852224,-0.6923076923076923,9
1,0.75,0.12535612051410105,-0.2215099666679472,11
1,0.75,0.5548418449270073,0.19515815507299272,0
1,0.75,0.3057912208405609,-0.2224578875072275,2
1,0.75,0.0,-0.25,3
1,0.75,0.5548418449270073,0.19515815507299272,0
1,0.75,0.5548418449270073,-0.4715085115936739,2
1,0.75,0.5548418449270073,0.19515815507299272,0
1,0.75,0.5548418449270073,0.19515815507299272,0
1,0.75,0.5548418449270073,0.19515815507299272,0
1,0.75,0.0,-0.25,3
1,0.75,0.3057912208405609,0.11087544582610581,1
1,0.75,0.5548418449270073,-0.1381751782603406,1
1,0.75,0.5548418449270073,0.19515815507299272,0
1,0.75,0.3057912208405609,-0.2224578875072275,2
1,0.75,0.3057912208405609,0.11087544582610581,1
1,0.75,0.0,-0.25,3
1,0.75,0.2290091161470067,-0.14567578281367333,2
1,0.75,0.0,-0.25,3
1,0.75,0.5548418449270073,0.19515815507299272,0
1,0.75,0.0,-0.25,3
1,0.75,0.5548418449270073,-0.1381751782603406,1
1,0.75,0.5548418449270073,0.19515815507299272,0
1,0.75,0.5548418449270073,0.19515815507299272,0
1,0.75,0.5548418449270073,0.19515815507299272,0
1,0.75,0.0,-0.25,3
1,0.75,0.5548418449270073,-0.1381751782603406,1
1,0.75,0.0,-0.25,3
1,0.75,0.5548418449270073,0.19515815507299272,0
1,0.75,0.5548418449270073,-0.1381751782603406,1
1,0.75,0.3057912208405609,-0.2224578875072275,2
1,0.75,0.5548418449270073,-0.1381751782603406,1
1,0.75,0.3057912208405609,-0.2224578875072275,2
1,0.75,0.0,-0.25,3
1,0.75,0.5548418449270073,0.19515815507299272,0
1,0.75,0.5548418449270073,0.19515815507299272,0
1,0.75,0.5548418449270073,-0.1381751782603406,1
1,0.75,0.5548418449270073,0.19515815507299272,0
1,0.75,0.5548418449270073,-0.1381751782603406,1
1,0.75,0.0,-0.25,3
1,0.75,0.0,-0.25,3
1,0.75,0.0,-0.25,3
1,0.75,0.0,-0.25,3
1,0.75,0.0,-0.25,3
1,0.75,0.3057912208405609,0.11087544582610581,1
1,0.75,0.3057912208405609,-0.2224578875072275,2
1,0.75,0.5548418449270073,0.19515815507299272,0
1,0.75,0.5548418449270073,0.19515815507299272,0
1,0.75,0.5548418449270073,-0.1381751782603406,1
1,0.75,0.5548418449270073,0.19515815507299272,0
1,0.75,0.3057912208405609,0.11087544582610581,1
1,0.75,0.5548418449270073,0.19515815507299272,0
1,0.75,0.5548418449270073,-0.4715085115936739,2
1,0.75,0.0,-0.25,3
1,0.75,0.5548418449270073,-0.4715085115936739,2
1,0.75,0.5548418449270073,0.19515815507299272,0
1,0.75,0.0,-0.25,3
1,0.75,0.3057912208405609,-0.2224578875072275,2
1,0.75,0.5548418449270073,0.19515815507299272,0
1,0.75,0.0,-0.25,3
1,0.75,0.5548418449270073,0.19515815507299272,0
1,0.75,0.0,-0.25,3
1,0.75,0.5548418449270073,0.19515815507299272,0
1,0.75,0.0,-0.25,3
1,0.75,0.5548418449270073,-0.4715085115936739,2
1,0.75,0.3057912208405609,-0.2224578875072275,2
1,0.75,0.3057912208405609,0.11087544582610581,1
1,0.75,0.3057912208405609,-0.2224578875072275,2
1,0.75,0.5548418449270073,0.19515815507299272,0
1,0.75,0.0,-0.25,3
1,0.75,0.2290091161470067,-0.14567578281367333,2
1,0.75,0.0,-0.25,3
1,0.75,0.5548418449270073,0.19515815507299272,0
1,0.75,0.0,-0.25,3
1,0.75,0.5548418449270073,0.19515815507299272,0
1,0.75,0.5548418449270073,-0.1381751782603406,1
1,0.75,0.5548418449270073,0.19515815507299272,0
1,0.75,0.5548418449270073,0.19515815507299272,0
1,0.75,0.5548418449270073,0.19515815507299272,0
1,0.75,0.5548418449270073,-0.1381751782603406,1
1,0.75,0.5548418449270073,0.19515815507299272,0
1,0.75,0.5548418449270073,-0.4715085115936739,2
1,0.75,0.5548418449270073,0.19515815507299272,0
1,0.75,0.0,-0.25,3
1,0.75,0.5548418449270073,-0.1381751782603406,1
1,0.75,0.2290091161470067,-0.14567578281367333,2
1,0.75,0.5548418449270073,-0.4715085115936739,2
1,0.75,0.2290091161470067,-0.14567578281367333,2
1,0.75,0.2290091161470067,-0.14567578281367333,2
1,0.75,0.0,-0.25,3
1,0.75,0.0,-0.25,3
1,0.75,0.5548418449270073,-0.4715085115936739,2
1,0.75,0.3057912208405609,0.11087544582610581,1
1,0.75,0.0,-0.25,3
1,0.75,0.3057912208405609,0.11087544582610581,1
1,0.75,0.5548418449270073,0.19515815507299272,0
1,0.75,0.5548418449270073,0.19515815507299272,0
1,0.75,0.5548418449270073,-0.4715085115936739,2
1,0.75,0.5548418449270073,0.19515815507299272,0
1,0.75,0.5548418449270073,0.19515815507299272,0
1,0.75,0.5548418449270073,-0.1381751782603406,1
1,0.75,0.5548418449270073,-0.4715085115936739,2
