epsilon,L0,leakage,utility,mask_size
0.1,0.75,0.05010955345870127,0.3665571132079654,2
0.1,0.75,0.03592524660768637,0.547408086725647,1
0.1,0.75,0.22337399647872114,0.5266260035212789,0
0.1,0.75,0.22337399647872114,0.19329267018794555,2
0.1,0.75,0.015768127809462573,-0.09910146114279594,5
0.1,0.75,0.003609042830710618,-0.08694237616404399,5
0.1,0.75,0.05010955345870127,0.3665571132079654,2
0.1,0.75,0.015768127809462573,-0.09910146114279594,5
0.1,0.75,0.015768127809462573,-0.09910146114279594,5
0.1,0.75,0.22337399647872114,-0.14004066314538777,4
0.1,0.75,0.05853885744745513,0.024794475885878242,4
0.1,0.75,0.0008907266304110095,-0.08422405996374438,5
0.1,0.75,0.05010955345870127,0.19989044654129873,3
0.1,0.75,0.0008907266304110095,-0.08422405996374438,5
0.1,0.75,0.22337399647872114,0.5266260035212789,0
0.1,0.75,0.22337399647872114,0.19329267018794555,2
0.1,0.75,0.22337399647872114,0.5266260035212789,0
0.1,0.75,0.03592524660768637,0.21407475339231363,3
0.1,0.75,0.015768127809462573,-0.09910146114279594,5
0.1,0.75,0.22337399647872114,0.19329267018794555,2
0.1,0.75,0.22337399647872114,0.026626003521278863,3
0.1,0.75,0.03592524660768637,0.547408086725647,1
0.1,0.75,0.0008907266304110095,-0.08422405996374438,5
0.1,0.75,0.003609042830710618,-0.08694237616404399,5
0.1,0.75,0.22337399647872114,0.026626003521278863,3
0.1,0.75,0.05010955345870127,0.3665571132079654,2
0.1,0.75,0.003609042830710618,-0.08694237616404399,5
0.1,0.75,0.009414806213275395,0.2405851937867246,3
0.1,0.75,0.0008907266304110095,-0.08422405996374438,5
0.1,0.75,0.015768127809462573,-0.09910146114279594,5
0.1,0.75,0.22337399647872114,0.19329267018794555,2
0.1,0.75,0.22337399647872114,0.5266260035212789,0
0.1,0.75,0.22337399647872114,0.35995933685461223,1
0.1,0.75,0.0,-0.08333333333333337,5
0.1,0.75,0.05853885744745513,0.024794475885878242,4
0.1,0.75,0.015768127809462573,0.0675652055238708,4
0.1,0.75,0.22337399647872114,0.5266260035212789,0
0.1,0.75,0.03592524660768637,0.547408086725647,1
0.1,0.75,0.22337399647872114,0.5266260035212789,0
0.1,0.75,0.03592524660768637,0.3807414200589803,2
0.1,0.75,0.03592524660768637,0.21407475339231363,3
0.1,0.75,0.015768127809462573,-0.09910146114279594,5
0.1,0.75,0.22337399647872114,0.19329267018794555,2
0.1,0.75,0.0,0.08333333333333337,4
0.1,0.75,0.05853885744745513,0.024794475885878242,4
0.1,0.75,0.004612425044516089,0.07872090828881728,4
0.1,0.75,0.05010955345870127,0.3665571132079654,2
0.1,0.75,0.22337399647872114,0.19329267018794555,2
0.1,0.75,0.05010955345870127,0.0332237798746321,4
0.1,0.75,0.05853885744745513,0.024794475885878242,4
0.1,0.75,0.051126318247808444,0.032207015085524926,4
0.1,0.75,0.22337399647872114,0.5266260035212789,0
0.1,0.75,0.013132038880604324,0.40353462778606236,2
0.1,0.75,0.22337399647872114,0.5266260035212789,0
0.1,0.75,0.008222647309668152,0.07511068602366522,4
0.1,0.75,0.03592524660768637,0.21407475339231363,3
0.1,0.75,0.22337399647872114,0.35995933685461223,1
0.1,0.75,0.22337399647872114,0.35995933685461223,1
0.1,0.75,0.0,-0.08333333333333337,5
0.1,0.75,0.22337399647872114,0.5266260035212789,0
0.1,0.75,0.03592524660768637,0.547408086725647,1
0.1,0.75,0.03592524660768637,0.547408086725647,1
0.1,0.75,0.013132038880604324,0.07020129445272905,4
0.1,0.75,0.22337399647872114,0.5266260035212789,0
0.1,0.75,0.06016840572859605,0.023164927604737318,4
0.1,0.75,0.03592524660768637,0.3807414200589803,2
0.1,0.75,0.22337399647872114,0.5266260035212789,0
0.1,0.75,0.03592524660768637,0.047408086725647,4
0.1,0.75,0.03592524660768637,0.21407475339231363,3
0.1,0.75,0.03592524660768637,0.3807414200589803,2
0.1,0.75,0.015768127809462573,-0.09910146114279594,5
0.1,0.75,0.22337399647872114,0.35995933685461223,1
0.1,0.75,0.22337399647872114,0.026626003521278863,3
0.1,0.75,0.015768127809462573,-0.09910146114279594,5
0.1,0.75,0.003609042830710618,-0.08694237616404399,5
0.1,0.75,0.009414806213275395,0.07391852712005798,4
0.1,0.75,0.003306804705818678,-0.08664013803915205,5
0.1,0.75,0.015768127809462573,-0.09910146114279594,5
0.1,0.75,0.0008907266304110095,-0.08422405996374438,5
0.1,0.75,0.015768127809462573,-0.09910146114279594,5
0.1,0.75,0.0,-0.08333333333333337,5
0.1,0.75,0.0008907266304110095,-0.08422405996374438,5
0.1,0.75,0.22337399647872114,0.026626003521278863,3
0.1,0.75,0.05853885744745513,0.024794475885878242,4
0.1,0.75,0.015768127809462573,-0.09910146114279594,5
0.1,0.75,0.0,-0.08333333333333337,5
0.1,0.75,0.015768127809462573,-0.09910146114279594,5
0.1,0.75,0.03592524660768637,0.3807414200589803,2
0.1,0.75,0.22337399647872114,0.5266260035212789,0
0.1,0.75,0.22337399647872114,0.35995933685461223,1
0.1,0.75,0.015768127809462573,0.0675652055238708,4
0.1,0.75,0.03592524660768637,0.047408086725647,4
0.1,0.75,0.03592524660768637,0.21407475339231363,3
0.1,0.75,0.0,-0.08333333333333337,5
0.1,0.75,0.03592524660768637,0.3807414200589803,2
0.1,0.75,0.05010955345870127,0.0332237798746321,4
0.1,0.75,0.013132038880604324,0.23686796111939568,3
0.1,0.75,0.03592524660768637,0.047408086725647,4
0.1,0.75,0.0008907266304110095,-0.08422405996374438,5
0.1,0.75,0.0008907266304110095,-0.08422405996374438,5
0.1,0.75,0.21945273335876703,0.030547266641232973,5
0.1,0.75,0.21940735109689347,-0.3694073510968935,9
0.1,0.75,0.5206608604337979,-0.47066086043379785,7
0.1,0.75,0.6623992294064142,0.08760077059358584,0
0.1,0.75,0.46992211475481305,-0.319922114754813,6
0.1,0.75,0.26303652729247295,-0.013036527292472955,5
0.1,0.75,0.0002521225070323263,-0.15025212250703235,9
0.1,0.75,0.6086948858179753,0.04130511418202473,1
0.1,0.75,0.6090400455538584,-0.15904004555385837,3
0.1,0.75,0.5206608604337979,-0.37066086043379787,6
0.1,0.75,0.385599188513301,-0.535599188513301,9
0.1,0.75,0.5422684587046469,0.10773154129535309,1
0.1,0.75,0.385599188513301,-0.23559918851330097,6
0.1,0.75,0.21940735109689347,-0.3694073510968935,9
0.1,0.75,0.6623992294064142,0.08760077059358584,0
0.1,0.75,0.26303652729247295,-0.2130365272924729,7
0.1,0.75,0.6623992294064142,-0.11239922940641417,2
0.1,0.75,0.6623992294064142,-0.012399229406414164,1
0.1,0.75,0.4694541344903692,-0.11945413449036923,4
0.1,0.75,0.5860822545816282,-0.23608225458162824,4
0.1,0.75,0.6086948858179753,-0.15869488581797525,3
0.1,0.75,0.5860822545816282,0.06391774541837178,1
0.1,0.75,0.5422684587046469,-0.2922684587046469,5
0.1,0.75,0.37624468341594786,-0.22624468341594783,6
0.1,0.75,0.6623992294064142,-0.012399229406414164,1
0.1,0.75,0.26187931623708605,-0.011879316237086046,5
0.1,0.75,0.5468475106079831,0.0031524893920168995,2
0.1,0.75,0.0,-0.15000000000000002,9
0.1,0.75,0.24175913958548945,-0.2917591395854895,8
0.1,0.75,0.6623992294064142,-0.11239922940641417,2
0.1,0.75,0.6623992294064142,-0.012399229406414164,1
0.1,0.75,0.44440927545847886,-0.5944092754584789,9
0.1,0.75,0.5860822545816282,-0.1360822545816282,3
0.1,0.75,0.5860822545816282,-0.4360822545816282,6
0.1,0.75,0.6623992294064142,-0.21239922940641415,3
0.1,0.75,0.4694541344903692,-0.0194541344903692,3
0.1,0.75,0.14559895790530974,-0.29559895790530977,9
0.1,0.75,0.6623992294064142,0.08760077059358584,0
0.1,0.75,0.5860822545816282,0.06391774541837178,1
0.1,0.75,0.6623992294064142,-0.11239922940641417,2
0.1,0.75,0.6623992294064142,-0.012399229406414164,1
0.1,0.75,0.3592419527878562,-0.20924195278785618,6
0.1,0.75,0.14559895790530974,-0.29559895790530977,9
0.1,0.75,0.4694541344903692,-0.2194541344903692,5
0.1,0.75,0.26303652729247295,-0.013036527292472955,5
0.1,0.75,0.2902622119955647,-0.24026221199556463,7
0.1,0.75,0.5422684587046469,0.007731541295353084,2
0.1,0.75,0.385599188513301,-0.535599188513301,9
0.1,0.75,0.6086948858179753,-0.15869488581797525,3
0.1,0.75,0.6623992294064142,-0.012399229406414164,1
0.1,0.75,0.385599188513301,-0.135599188513301,5
0.1,0.75,0.6623992294064142,0.08760077059358584,0
0.1,0.75,0.261836400724347,-0.31183640072434704,8
0.1,0.75,0.5422684587046469,-0.0922684587046469,3
0.1,0.75,0.6623992294064142,-0.21239922940641415,3
0.1,0.75,0.6623992294064142,-0.012399229406414164,1
0.1,0.75,0.24175913958548945,-0.2917591395854895,8
0.1,0.75,0.5422684587046469,0.007731541295353084,2
0.1,0.75,0.6623992294064142,0.08760077059358584,0
0.1,0.75,0.5422684587046469,0.007731541295353084,2
0.1,0.75,0.44440927545847886,-0.29440927545847884,6
0.1,0.75,0.385599188513301,-0.33559918851330095,7
0.1,0.75,0.5206608604337979,-0.1706608604337979,4
0.1,0.75,0.6086948858179753,-0.15869488581797525,3
0.1,0.75,0.1455166996776397,-0.19551669967763974,8
0.1,0.75,0.6086948858179753,-0.35869488581797526,5
0.1,0.75,0.21940735109689347,-0.06940735109689344,6
0.1,0.75,0.3592419527878562,-0.40924195278785624,8
0.1,0.75,0.26303652729247295,-0.2130365272924729,7
0.1,0.75,0.5860822545816282,0.06391774541837178,1
0.1,0.75,0.44440927545847886,-0.5944092754584789,9
0.1,0.75,0.5468475106079831,-0.1968475106079831,4
0.1,0.75,0.5860822545816282,-0.23608225458162824,4
0.1,0.75,0.44440927545847886,-0.3944092754584788,7
0.1,0.75,0.0,-0.15000000000000002,9
0.1,0.75,0.6623992294064142,0.08760077059358584,0
0.1,0.75,0.5422684587046469,-0.19226845870464693,4
0.1,0.75,0.261836400724347,-0.21183640072434695,7
0.1,0.75,0.21940735109689347,0.030592648903106534,5
0.1,0.75,0.6090400455538584,-0.15904004555385837,3
0.1,0.75,0.24315756576632586,-0.1931575657663258,7
0.1,0.75,0.26303652729247295,0.08696347270752702,4
0.1,0.75,0.37624468341594786,0.07375531658405216,3
0.1,0.75,0.5860822545816282,-0.3360822545816282,5
0.1,0.75,0.44440927545847886,-0.29440927545847884,6
0.1,0.75,0.6086948858179753,-0.05869488581797527,2
0.1,0.75,0.6090400455538584,0.040959954446141617,1
0.1,0.75,0.5422684587046469,0.007731541295353084,2
0.1,0.75,0.24175913958548945,-0.2917591395854895,8
0.1,0.75,0.44440927545847886,-0.5944092754584789,9
0.1,0.75,0.5202376749670268,-0.2702376749670268,5
0.1,0.75,0.261836400724347,-0.21183640072434695,7
0.1,0.75,0.24315756576632586,-0.2931575657663259,8
0.1,0.75,0.2902622119955647,-0.4402622119955647,9
0.1,0.75,0.4694541344903692,-0.11945413449036923,4
0.1,0.75,0.6623992294064142,-0.11239922940641417,2
0.1,0.75,0.0002521225070323263,-0.15025212250703235,9
0.1,0.75,0.24175913958548945,-0.2917591395854895,8
0.1,0.75,0.261836400724347,-0.21183640072434695,7
0.1,0.75,0.3166049127277152,-0.3666049127277152,8
0.1,0.75,0.49122554744404323,0.25877445255595677,0
0.1,0.75,0.3157255653536597,-0.23239223202032633,8
0.1,0.75,0.49122554744404323,0.25877445255595677,0
0.1,0.75,0.053846216177959594,-0.053846216177959594,9
0.1,0.75,0.2214569310296154,0.2785430689703846,3
0.1,0.75,0.012573565763789873,0.15409310090287676,7
0.1,0.75,0.06065155781239562,-0.06065155781239562,9
0.1,0.75,0.3543596213772078,0.14564037862279222,3
0.1,0.75,0.43979746399322894,0.22686920267343774,1
0.1,0.75,0.0035473236271421626,-0.0035473236271421626,9
0.1,0.75,0.49122554744404323,0.09210778588929011,2
0.1,0.75,0.07111116870811207,0.012222164625221299,8
0.1,0.75,0.4315654865181012,0.06843451348189877,3
0.1,0.75,0.017386272926731006,-0.017386272926731006,9
0.1,0.75,0.4837492874056374,-0.0670826207389707,4
0.1,0.75,0.3020170857550578,0.11464958091160887,4
0.1,0.75,0.06920201742288268,-0.06920201742288268,9
0.1,0.75,0.36290951598413357,0.13709048401586643,3
0.1,0.75,0.007426165546169039,-0.007426165546169039,9
0.1,0.75,0.34116054571160237,0.07550612095506432,4
0.1,0.75,0.04616327610662618,-0.04616327610662618,9
0.1,0.75,0.010186995097072549,0.07314633823626082,8
0.1,0.75,0.06668396149951616,0.016649371833817206,8
0.1,0.75,0.49122554744404323,0.25877445255595677,0
0.1,0.75,0.1513492986487286,0.3486507013512714,3
0.1,0.75,0.3514304689713095,-0.10143046897130947,6
0.1,0.75,0.43187055559681353,-0.09853722226348022,5
0.1,0.75,0.3505949339866429,-0.01726160065330956,5
0.1,0.75,0.11254423583660778,0.13745576416339222,6
0.1,0.75,0.1513492986487286,0.2653173680179381,4
0.1,0.75,0.25517513903367595,-0.005175139033675946,6
0.1,0.75,0.0774344949388257,0.08923217172784093,7
0.1,0.75,0.08099673306275634,0.16900326693724366,6
0.1,0.75,0.43979746399322894,0.22686920267343774,1
0.1,0.75,0.054102170577392084,-0.054102170577392084,9
0.1,0.75,0.35051889418506144,0.06614777248160525,4
0.1,0.75,0.17232769257305858,0.3276723074269414,3
0.1,0.75,0.0017196176160243493,-0.0017196176160243493,9
0.1,0.75,0.4837492874056374,0.1829173792610293,1
0.1,0.75,0.49122554744404323,0.25877445255595677,0
0.1,0.75,0.04616327610662618,-0.04616327610662618,9
0.1,0.75,0.02243035191528453,-0.02243035191528453,9
0.1,0.75,0.05994953627075106,-0.05994953627075106,9
0.1,0.75,0.2217268972245542,0.028273102775445813,6
0.1,0.75,0.49122554744404323,0.09210778588929011,2
0.1,0.75,0.22566106897398241,0.1076722643593509,5
0.1,0.75,0.16194444704879107,0.17138888628454224,5
0.1,0.75,0.0009256355697232488,-0.0009256355697232488,9
0.1,0.75,0.43979746399322894,0.22686920267343774,1
0.1,0.75,0.35763214708170477,-0.2742988137483714,8
0.1,0.75,0.4837492874056374,-0.0670826207389707,4
0.1,0.75,0.31172716035270176,-0.06172716035270176,6
0.1,0.75,0.06296199010796566,-0.06296199010796566,9
0.1,0.75,0.04874361899993562,0.117923047666731,7
0.1,0.75,0.07855769788271605,0.08810896878395058,7
0.1,0.75,0.06739558725422323,0.015937746079110138,8
0.1,0.75,0.0008845071879897137,-0.0008845071879897137,9
0.1,0.75,0.35439230347354134,-0.021058970140208022,5
0.1,0.75,0.12169232869671387,0.37830767130328613,3
0.1,0.75,0.0311726745564207,-0.0311726745564207,9
0.1,0.75,0.06430022445206718,0.26903310888126614,5
0.1,0.75,0.49122554744404323,0.17544111922262345,1
0.1,0.75,0.20331554478980718,0.04668445521019282,6
0.1,0.75,0.08099673306275634,0.41900326693724366,3
0.1,0.75,0.3814006228815784,0.20193271045175495,2
0.1,0.75,0.06590522876458327,-0.06590522876458327,9
0.1,0.75,0.06065155781239562,-0.06065155781239562,9
0.1,0.75,0.49122554744404323,0.25877445255595677,0
0.1,0.75,0.057685338454133706,-0.057685338454133706,9
0.1,0.75,0.0,0.0,9
0.1,0.75,0.053846216177959594,-0.053846216177959594,9
0.1,0.75,0.0711500521859848,-0.0711500521859848,9
0.1,0.75,0.36374189061071316,0.052924776055953526,4
0.1,0.75,0.16016534172028907,0.2565013249463776,4
0.1,0.75,0.49122554744404323,0.25877445255595677,0
0.1,0.75,0.4837492874056374,0.09958404592769596,2
0.1,0.75,0.43187055559681353,-0.015203888930146847,4
0.1,0.75,0.49122554744404323,0.25877445255595677,0
0.1,0.75,0.2739804817099949,-0.023980481709994894,6
0.1,0.75,0.312446696913254,-0.062446696913253996,6
0.1,0.75,0.3878268224287339,0.1121731775712661,3
0.1,0.75,0.362877846433482,-0.19621117976681535,7
0.1,0.75,0.49122554744404323,0.25877445255595677,0
0.1,0.75,0.05544825654912722,-0.05544825654912722,9
0.1,0.75,0.49122554744404323,0.09210778588929011,2
0.1,0.75,0.18321345455038252,0.1501198787829508,5
0.1,0.75,0.02123648136471823,-0.02123648136471823,9
0.1,0.75,0.009476153973720702,-0.009476153973720702,9
0.1,0.75,0.07111755185219637,-0.07111755185219637,9
0.1,0.75,0.2776253562934289,0.3890413103732378,1
0.1,0.75,0.06443486756484917,0.018898465768484196,8
0.1,0.75,0.059946524989337835,-0.059946524989337835,9
0.1,0.75,0.07153923200392931,-0.07153923200392931,9
0.1,0.75,0.053846216177959594,-0.053846216177959594,9
0.1,0.75,0.35051889418506144,-0.10051889418506144,6
0.1,0.75,0.16016534172028907,0.2565013249463776,4
0.1,0.75,0.4837492874056374,0.1829173792610293,1
0.1,0.75,0.02081924993057771,-0.02081924993057771,9
0.1,0.75,0.36729045602441623,0.04937621064225045,4
0.1,0.75,0.0015386816054189234,-0.0015386816054189234,9
0.1,0.75,0.08907123541814055,-0.1852250815719867,11
0.1,0.75,0.9826408586840785,-0.46153846153846156,6
0.1,0.75,0.7615997542394806,-0.23076923076923078,3
0.1,0.75,0.9680567115073361,-0.3076923076923077,4
0.1,0.75,0.18282774557006898,-0.2789815917239151,11
0.1,0.75,0.9680567115073361,-0.07692307692307693,1
0.1,0.75,0.9826408586840785,-0.3076923076923077,4
0.1,0.75,0.9680567115073361,-0.6923076923076923,9
0.1,0.75,0.8846850956852224,-0.8461538461538461,11
0.1,0.75,0.9680567115073361,-0.46153846153846156,6
0.1,0.75,0.8846850956852224,-0.8461538461538461,11
0.1,0.75,0.24980936013667854,0.0386521783248599,6
0.1,0.75,0.7835724119593105,-0.6153846153846154,8
0.1,0.75,0.9680567115073361,-0.8461538461538461,11
0.1,0.75,0.9826408586840785,-0.07692307692307693,1
0.1,0.75,0.9826408586840785,0.0,0
0.1,0.75,0.9680567115073361,-0.5384615384615384,7
0.1,0.75,0.14621142152444744,-0.08851911383213973,9
0.1,0.75,0.9680567115073361,-0.46153846153846156,6
0.1,0.75,0.8846850956852224,-0.6923076923076923,9
0.1,0.75,0.8846850956852224,-0.6923076923076923,9
0.1,0.75,0.9826408586840785,-0.07692307692307693,1
0.1,0.75,0.08907123541814055,-0.10830200464890982,10
0.1,0.75,0.7637041577312637,-0.5384615384615384,7
0.1,0.75,0.9680567115073361,-0.3076923076923077,4
0.1,0.75,0.9680567115073361,-0.7692307692307693,10
0.1,0.75,0.7637041577312637,-0.15384615384615385,2
0.1,0.75,0.9680567115073361,-0.38461538461538464,5
0.1,0.75,0.9826408586840785,-0.46153846153846156,6
0.1,0.75,0.11650065212924676,-0.2126544982830929,11
0.1,0.75,0.08907123541814055,-0.1852250815719867,11
0.1,0.75,0.9826408586840785,-0.23076923076923078,3
0.1,0.75,0.9826408586840785,0.0,0
0.1,0.75,0.9826408586840785,0.0,0
0.1,0.75,0.14621142152444744,-0.24236526767829358,11
0.1,0.75,0.9826408586840785,0.0,0
0.1,0.75,0.07643638233696237,-0.09566715156773165,10
0.1,0.75,0.2455785165522859,-0.11096313193690133,8
0.1,0.75,0.14621142152444744,-0.1654421907552167,10
0.1,0.75,0.1689864093151694,0.04255205222329217,7
0.1,0.75,0.7637041577312637,-0.07692307692307693,1
0.1,0.75,0.18094116044347042,-0.12324885275116271,9
0.1,0.75,0.9826408586840785,-0.6153846153846154,8
0.1,0.75,0.14621142152444744,-0.1654421907552167,10
0.1,0.75,0.9826408586840785,-0.3076923076923077,4
0.1,0.75,0.9826408586840785,-0.15384615384615385,2
0.1,0.75,0.8846850956852224,-0.7692307692307693,10
0.1,0.75,0.08907123541814055,-0.1852250815719867,11
0.1,0.75,0.9680567115073361,-0.15384615384615385,2
0.1,0.75,0.1689864093151694,0.2733212829925229,4
0.1,0.75,0.1222736628243225,-0.0645813551320148,9
0.1,0.75,0.7637041577312637,-0.6153846153846154,8
0.1,0.75,0.9826408586840785,0.0,0
0.1,0.75,0.10449109917159038,-0.20064494532543653,11
0.1,0.75,0.9826408586840785,-0.23076923076923078,3
0.1,0.75,0.9680567115073361,-0.8461538461538461,11
0.1,0.75,0.7637041577312637,-0.23076923076923078,3
0.1,0.75,0.7835724119593105,-0.6923076923076923,9
0.1,0.75,0.14621142152444744,-0.24236526767829358,11
0.1,0.75,0.9826408586840785,-0.15384615384615385,2
0.1,0.75,0.9826408586840785,-0.07692307692307693,1
0.1,0.75,0.24980936013667854,-0.11519397552129396,8
0.1,0.75,0.13860775127558567,0.0729307102628759,7
0.1,0.75,0.9680567115073361,-0.6153846153846154,8
0.1,0.75,0.8846850956852224,-0.7692307692307693,10
0.1,0.75,0.9826408586840785,-0.15384615384615385,2
0.1,0.75,0.9826408586840785,-0.6153846153846154,8
0.1,0.75,0.9826408586840785,-0.7692307692307693,10
0.1,0.75,0.7637041577312637,-0.6153846153846154,8
0.1,0.75,0.8846850956852224,-0.8461538461538461,11
0.1,0.75,0.8846850956852224,-0.5384615384615384,7
0.1,0.75,0.9680567115073361,-0.6923076923076923,9
0.1,0.75,0.8846850956852224,-0.7692307692307693,10
0.1,0.75,0.9826408586840785,-0.07692307692307693,1
0.1,0.75,0.9826408586840785,-0.07692307692307693,1
0.1,0.75,0.12535612051410105,-0.2215099666679472,11
0.1,0.75,0.14621142152444744,-0.1654421907552167,10
0.1,0.75,0.10449109917159038,-0.20064494532543653,11
0.1,0.75,0.9680567115073361,-0.8461538461538461,11
0.1,0.75,0.7615997542394806,-0.38461538461538464,5
0.1,0.75,0.7835724119593105,-0.6923076923076923,9
0.1,0.75,0.7637041577312637,-0.15384615384615385,2
0.1,0.75,0.10449109917159038,-0.20064494532543653,11
0.1,0.75,0.9826408586840785,-0.38461538461538464,5
0.1,0.75,0.08907123541814055,-0.1852250815719867,11
0.1,0.75,0.7835724119593105,-0.46153846153846156,6
0.1,0.75,0.9826408586840785,-0.3076923076923077,4
0.1,0.75,0.9826408586840785,-0.07692307692307693,1
0.1,0.75,0.8846850956852224,-0.6153846153846154,8
0.1,0.75,0.9680567115073361,-0.6923076923076923,9
0.1,0.75,0.24980936013667854,-0.3459632062905247,11
0.1,0.75,0.7637041577312637,-0.15384615384615385,2
0.1,0.75,0.14621142152444744,-0.24236526767829358,11
0.1,0.75,0.7615997542394806,-0.6923076923076923,9
0.1,0.75,0.9680567115073361,-0.15384615384615385,2
0.1,0.75,0.14210089823029137,-0.007485513614906791,8
0.1,0.75,0.1253569663148515,-0.22151081246869764,11
0.1,0.75,0.9826408586840785,-0.15384615384615385,2
0.1,0.75,0.9680567115073361,-0.23076923076923078,3
0.1,0.75,0.9680567115073361,-0.8461538461538461,11
0.1,0.75,0.5548418449270073,0.19515815507299272,0
0.1,0.75,0.0,-0.25,3
0.1,0.75,0.5548418449270073,-0.4715085115936739,2
0.1,0.75,0.5548418449270073,-0.1381751782603406,1
0.1,0.75,0.5548418449270073,-0.1381751782603406,1
0.1,0.75,0.5548418449270073,0.19515815507299272,0
0.1,0.75,0.0,-0.25,3
0.1,0.75,0.5548418449270073,-0.1381751782603406,1
0.1,0.75,0.5548418449270073,-0.4715085115936739,2
0.1,0.75,0.5548418449270073,0.19515815507299272,0
0.1,0.75,0.0,-0.25,3
0.1,0.75,0.5548418449270073,-0.1381751782603406,1
0.1,0.75,0.3057912208405609,0.11087544582610581,1
0.1,0.75,0.0,-0.25,3
0.1,0.75,0.5548418449270073,0.19515815507299272,0
0.1,0.75,0.0,-0.25,3
0.1,0.75,0.0,-0.25,3
0.1,0.75,0.5548418449270073,0.19515815507299272,0
0.1,0.75,0.5548418449270073,0.19515815507299272,0
0.1,0.75,0.0,-0.25,3
0.1,0.75,0.5548418449270073,-0.1381751782603406,1
0.1,0.75,0.3057912208405609,0.11087544582610581,1
0.1,0.75,0.5548418449270073,0.19515815507299272,0
0.1,0.75,0.5548418449270073,-0.4715085115936739,2
0.1,0.75,0.3057912208405609,-0.2224578875072275,2
0.1,0.75,0.5548418449270073,0.19515815507299272,0
0.1,0.75,0.5548418449270073,-0.1381751782603406,1
0.1,0.75,0.3057912208405609,0.11087544582610581,1
0.1,0.75,0.0,-0.25,3
0.1,0.75,0.5548418449270073,0.19515815507299272,0
0.1,0.75,0.5548418449270073,0.19515815507299272,0
0.1,0.75,0.3057912208405609,0.11087544582610581,1
0.1,0.75,0.5548418449270073,0.19515815507299272,0
0.1,0.75,0.0,-0.25,3
0.1,0.75,0.2290091161470067,-0.14567578281367333,2
0.1,0.75,0.2290091161470067,-0.14567578281367333,2
0.1,0.75,0.3057912208405609,0.11087544582610581,1
0.1,0.75,0.5548418449270073,0.19515815507299272,0
0.1,0.75,0.0,-0.25,3
0.1,0.75,0.0,-0.25,3
0.1,0.75,0.0,-0.25,3
0.1,0.75,0.5548418449270073,0.19515815507299272,0
0.1,0.75,0.5548418449270073,-0.1381751782603406,1
0.1,0.75,0.0,-0.25,3
0.1,0.75,0.0,-0.25,3
0.1,0.75,0.0,-0.25,3
0.1,0.75,0.0,-0.25,3
0.1,0.75,0.0,-0.25,3
0.1,0.75,0.0,-0.25,3
0.1,0.75,0.5548418449270073,-0.1381751782603406,1
0.1,0.75,0.5548418449270073,0.19515815507299272,0
0.1,0.75,0.3057912208405609,-0.2224578875072275,2
0.1,0.75,0.5548418449270073,-0.1381751782603406,1
0.1,0.75,0.0,-0.25,3
0.1,0.75,0.5548418449270073,-0.1381751782603406,1
0.1,0.75,0.3057912208405609,0.11087544582610581,1
0.1,0.75,0.5548418449270073,-0.1381751782603406,1
0.1,0.75,0.3057912208405609,-0.2224578875072275,2
0.1,0.75,0.2290091161470067,-0.14567578281367333,2
0.1,0.75,0.5548418449270073,0.19515815507299272,0
0.1,0.75,0.5548418449270073,0.19515815507299272,0
0.1,0.75,0.5548418449270073,0.19515815507299272,0
0.1,0.75,0.5548418449270073,0.19515815507299272,0
0.1,0.75,0.5548418449270073,-0.1381751782603406,1
0.1,0.75,0.5548418449270073,-0.1381751782603406,1
0.1,0.75,0.0,-0.25,3
0.1,0.75,0.5548418449270073,0.19515815507299272,0
0.1,0.75,0.0,-0.25,3
0.1,0.75,0.5548418449270073,0.19515815507299272,0
0.1,0.75,0.5548418449270073,-0.1381751782603406,1
0.1,0.75,0.2290091161470067,-0.14567578281367333,2
0.1,0.75,0.5548418449270073,0.19515815507299272,0
0.1,0.75,0.0,-0.25,3
0.1,0.75,0.5548418449270073,0.19515815507299272,0
0.1,0.75,0.5548418449270073,0.19515815507299272,0
0.1,0.75,0.0,-0.25,3
0.1,0.75,0.2290091161470067,-0.14567578281367333,2
0.1,0.75,0.5548418449270073,0.19515815507299272,0
0.1,0.75,0.5548418449270073,-0.1381751782603406,1
0.1,0.75,0.5548418449270073,0.19515815507299272,0
0.1,0.75,0.5548418449270073,0.19515815507299272,0
0.1,0.75,0.5548418449270073,-0.1381751782603406,1
0.1,0.75,0.5548418449270073,-0.4715085115936739,2
0.1,0.75,0.5548418449270073,-0.4715085115936739,2
0.1,0.75,0.5548418449270073,-0.1381751782603406,1
0.1,0.75,0.0,-0.25,3
0.1,0.75,0.5548418449270073,-0.1381751782603406,1
0.1,0.75,0.5548418449270073,-0.1381751782603406,1
0.1,0.75,0.2290091161470067,-0.14567578281367333,2
0.1,0.75,0.0,-0.25,3
0.1,0.75,0.3057912208405609,-0.2224578875072275,2
0.1,0.75,0.5548418449270073,0.19515815507299272,0
0.1,0.75,0.5548418449270073,-0.1381751782603406,1
0.1,0.75,0.5548418449270073,0.19515815507299272,0
0.1,0.75,0.0,-0.25,3
0.1,0.75,0.0,-0.25,3
0.1,0.75,0.5548418449270073,-0.1381751782603406,1
0.1,0.75,0.0,-0.25,3
0.1,0.75,0.0,-0.25,3
0.1,0.75,0.5548418449270073,0.19515815507299272,0
