epsilon,L0,leakage,utility,mask_size
0.1,0.25,0.051126318247808444,-0.30112631824780844,3
0.1,0.25,0.003609042830710618,-0.586942376164044,5
0.1,0.25,0.015768127809462573,-0.5991014611427959,5
0.1,0.25,0.0008907266304110095,-0.5842240599637444,5
0.1,0.25,0.22337399647872114,0.026626003521278863,0
0.1,0.25,0.03592524660768637,0.047408086725646975,1
0.1,0.25,0.015768127809462573,-0.5991014611427959,5
0.1,0.25,0.06016840572859605,-0.4768350723952627,4
0.1,0.25,0.22337399647872114,-0.1400406631453878,1
0.1,0.25,0.03592524660768637,0.047408086725646975,1
0.1,0.25,0.22337399647872114,-0.1400406631453878,1
0.1,0.25,0.013132038880604324,-0.2631320388806043,3
0.1,0.25,0.06016840572859605,-0.4768350723952627,4
0.1,0.25,0.22337399647872114,-0.47337399647872114,3
0.1,0.25,0.003609042830710618,-0.586942376164044,5
0.1,0.25,0.015768127809462573,-0.5991014611427959,5
0.1,0.25,0.05010955345870127,-0.3001095534587013,3
0.1,0.25,0.22337399647872114,-0.1400406631453878,1
0.1,0.25,0.015768127809462573,-0.5991014611427959,5
0.1,0.25,0.0008907266304110095,-0.5842240599637444,5
0.1,0.25,0.013132038880604324,-0.42979870554727095,4
0.1,0.25,0.22337399647872114,-0.1400406631453878,1
0.1,0.25,0.05010955345870127,-0.3001095534587013,3
0.1,0.25,0.0,-0.41666666666666663,4
0.1,0.25,0.0,-0.5833333333333334,5
0.1,0.25,0.22337399647872114,0.026626003521278863,0
0.1,0.25,0.03592524660768637,-0.452591913274353,4
0.1,0.25,0.009414806213275395,-0.426081472879942,4
0.1,0.25,0.0008907266304110095,-0.5842240599637444,5
0.1,0.25,0.22337399647872114,0.026626003521278863,0
0.1,0.25,0.22337399647872114,-0.47337399647872114,3
0.1,0.25,0.008222647309668152,-0.4248893139763348,4
0.1,0.25,0.22337399647872114,-0.30670732981205445,2
0.1,0.25,0.22337399647872114,-0.30670732981205445,2
0.1,0.25,0.03592524660768637,-0.452591913274353,4
0.1,0.25,0.22337399647872114,-0.1400406631453878,1
0.1,0.25,0.22337399647872114,-0.1400406631453878,1
0.1,0.25,0.03592524660768637,-0.452591913274353,4
0.1,0.25,0.003306804705818678,-0.586640138039152,5
0.1,0.25,0.06016840572859605,-0.4768350723952627,4
0.1,0.25,0.03592524660768637,-0.11925857994101968,2
0.1,0.25,0.0,-0.5833333333333334,5
0.1,0.25,0.0,-0.5833333333333334,5
0.1,0.25,0.013132038880604324,-0.2631320388806043,3
0.1,0.25,0.05010955345870127,-0.4667762201253679,4
0.1,0.25,0.22337399647872114,-0.1400406631453878,1
0.1,0.25,0.22337399647872114,-0.30670732981205445,2
0.1,0.25,0.22337399647872114,-0.30670732981205445,2
0.1,0.25,0.22337399647872114,0.026626003521278863,0
0.1,0.25,0.22337399647872114,0.026626003521278863,0
0.1,0.25,0.05010955345870127,-0.1334428867920346,2
0.1,0.25,0.015768127809462573,-0.5991014611427959,5
0.1,0.25,0.015768127809462573,-0.5991014611427959,5
0.1,0.25,0.22337399647872114,-0.6400406631453878,4
0.1,0.25,0.22337399647872114,-0.1400406631453878,1
0.1,0.25,0.22337399647872114,0.026626003521278863,0
0.1,0.25,0.03592524660768637,-0.11925857994101968,2
0.1,0.25,0.015768127809462573,-0.5991014611427959,5
0.1,0.25,0.003609042830710618,-0.586942376164044,5
0.1,0.25,0.22337399647872114,-0.47337399647872114,3
0.1,0.25,0.003306804705818678,-0.586640138039152,5
0.1,0.25,0.0008907266304110095,-0.5842240599637444,5
0.1,0.25,0.0,-0.5833333333333334,5
0.1,0.25,0.013132038880604324,-0.2631320388806043,3
0.1,0.25,0.03592524660768637,0.047408086725646975,1
0.1,0.25,0.008222647309668152,-0.4248893139763348,4
0.1,0.25,0.015768127809462573,-0.5991014611427959,5
0.1,0.25,0.013132038880604324,-0.2631320388806043,3
0.1,0.25,0.05010955345870127,-0.3001095534587013,3
0.1,0.25,0.22337399647872114,-0.1400406631453878,1
0.1,0.25,0.22337399647872114,-0.30670732981205445,2
0.1,0.25,0.22337399647872114,0.026626003521278863,0
0.1,0.25,0.003306804705818678,-0.586640138039152,5
0.1,0.25,0.22337399647872114,0.026626003521278863,0
0.1,0.25,0.03592524660768637,0.047408086725646975,1
0.1,0.25,0.011469181810646378,-0.2614691818106464,3
0.1,0.25,0.03592524660768637,0.047408086725646975,1
0.1,0.25,0.22337399647872114,0.026626003521278863,0
0.1,0.25,0.0008907266304110095,-0.5842240599637444,5
0.1,0.25,0.011469181810646378,-0.428135848477313,4
0.1,0.25,0.03592524660768637,-0.452591913274353,4
0.1,0.25,0.05010955345870127,-0.3001095534587013,3
0.1,0.25,0.05010955345870127,-0.4667762201253679,4
0.1,0.25,0.22337399647872114,0.026626003521278863,0
0.1,0.25,0.0008907266304110095,-0.5842240599637444,5
0.1,0.25,0.22337399647872114,-0.1400406631453878,1
0.1,0.25,0.015768127809462573,-0.5991014611427959,5
0.1,0.25,0.05010955345870127,-0.4667762201253679,4
0.1,0.25,0.013132038880604324,-0.09646537221393764,2
0.1,0.25,0.015768127809462573,-0.5991014611427959,5
0.1,0.25,0.05010955345870127,-0.4667762201253679,4
0.1,0.25,0.03592524660768637,-0.11925857994101968,2
0.1,0.25,0.051126318247808444,-0.30112631824780844,3
0.1,0.25,0.0008907266304110095,-0.5842240599637444,5
0.1,0.25,0.22337399647872114,0.026626003521278863,0
0.1,0.25,0.03592524660768637,-0.452591913274353,4
0.1,0.25,0.003609042830710618,-0.586942376164044,5
0.1,0.25,0.03592524660768637,0.047408086725646975,1
0.1,0.25,0.22337399647872114,0.026626003521278863,0
0.1,0.25,0.22337399647872114,-0.1400406631453878,1
0.1,0.25,0.6090400455538584,-0.2,2
0.1,0.25,0.24175913958548945,-0.6917591395854894,7
0.1,0.25,0.0002521225070323263,-0.6502521225070323,9
0.1,0.25,0.6090400455538584,-0.6,6
0.1,0.25,0.5468475106079831,-0.6,6
0.1,0.25,0.37624468341594786,-0.3,3
0.1,0.25,0.44440927545847886,-0.7,7
0.1,0.25,0.6623992294064142,0.0,0
0.1,0.25,0.44440927545847886,-0.8,8
0.1,0.25,0.3166049127277152,-0.8,8
0.1,0.25,0.6623992294064142,0.0,0
0.1,0.25,0.0002521225070323263,-0.6502521225070323,9
0.1,0.25,0.6090400455538584,-0.5,5
0.1,0.25,0.14559895790530974,-0.7955989579053098,9
0.1,0.25,0.4694541344903692,-0.4,4
0.1,0.25,0.5860822545816282,-0.4,4
0.1,0.25,0.14559895790530974,-0.7955989579053098,9
0.1,0.25,0.44440927545847886,-0.9,9
0.1,0.25,0.3592419527878562,-0.8,8
0.1,0.25,0.6623992294064142,0.0,0
0.1,0.25,0.5422684587046469,-0.1,1
0.1,0.25,0.46992211475481305,-0.3,3
0.1,0.25,0.5422684587046469,-0.4,4
0.1,0.25,0.5468475106079831,-0.3,3
0.1,0.25,0.21945273335876703,-0.669452733358767,7
0.1,0.25,0.5206608604337979,-0.7,7
0.1,0.25,0.21940735109689347,-0.8694073510968935,9
0.1,0.25,0.46992211475481305,-0.6,6
0.1,0.25,0.6623992294064142,-0.1,1
0.1,0.25,0.5202376749670268,-0.8,8
0.1,0.25,0.385599188513301,-0.9,9
0.1,0.25,0.5468475106079831,-0.3,3
0.1,0.25,0.6623992294064142,0.0,0
0.1,0.25,0.24175913958548945,-0.8917591395854895,9
0.1,0.25,0.37624468341594786,-0.3,3
0.1,0.25,0.26303652729247295,-0.5,5
0.1,0.25,0.6623992294064142,0.0,0
0.1,0.25,0.6090400455538584,-0.2,2
0.1,0.25,0.6090400455538584,-0.2,2
0.1,0.25,0.5468475106079831,-0.5,5
0.1,0.25,0.4694541344903692,-0.7,7
0.1,0.25,0.5202376749670268,-0.4,4
0.1,0.25,0.46992211475481305,-0.7,7
0.1,0.25,0.6086948858179753,-0.1,1
0.1,0.25,0.6090400455538584,-0.2,2
0.1,0.25,0.4694541344903692,-0.4,4
0.1,0.25,0.5206608604337979,-0.5,5
0.1,0.25,0.385599188513301,-0.9,9
0.1,0.25,0.6623992294064142,0.0,0
0.1,0.25,0.21940735109689347,-0.8694073510968935,9
0.1,0.25,0.21940735109689347,-0.5694073510968934,6
0.1,0.25,0.6623992294064142,0.0,0
0.1,0.25,0.6086948858179753,-0.1,1
0.1,0.25,0.3166049127277152,-0.8,8
0.1,0.25,0.385599188513301,-0.7,7
0.1,0.25,0.6623992294064142,-0.3,3
0.1,0.25,0.37620841728789634,-0.6,6
0.1,0.25,0.5202376749670268,-0.6,6
0.1,0.25,0.5860822545816282,-0.6,6
0.1,0.25,0.6090400455538584,-0.4,4
0.1,0.25,0.46992211475481305,-0.3,3
0.1,0.25,0.44440927545847886,-0.9,9
0.1,0.25,0.44440927545847886,-0.7,7
0.1,0.25,0.5206608604337979,-0.5,5
0.1,0.25,0.6623992294064142,0.0,0
0.1,0.25,0.5468475106079831,-0.6,6
0.1,0.25,0.5468475106079831,-0.6,6
0.1,0.25,0.6623992294064142,-0.2,2
0.1,0.25,0.26303652729247295,-0.3,3
0.1,0.25,0.5422684587046469,-0.1,1
0.1,0.25,0.5468475106079831,-0.5,5
0.1,0.25,0.6623992294064142,0.0,0
0.1,0.25,0.6623992294064142,-0.2,2
0.1,0.25,0.5860822545816282,-0.2,2
0.1,0.25,0.44440927545847886,-0.9,9
0.1,0.25,0.26187931623708605,-0.5,5
0.1,0.25,0.6623992294064142,-0.1,1
0.1,0.25,0.261836400724347,-0.6,6
0.1,0.25,0.385599188513301,-0.8,8
0.1,0.25,0.385599188513301,-0.8,8
0.1,0.25,0.5422684587046469,-0.1,1
0.1,0.25,0.261836400724347,-0.7,7
0.1,0.25,0.21940735109689347,-0.5694073510968934,6
0.1,0.25,0.26187931623708605,-0.6,6
0.1,0.25,0.46992211475481305,-0.7,7
0.1,0.25,0.14559895790530974,-0.7955989579053098,9
0.1,0.25,0.5202376749670268,-0.4,4
0.1,0.25,0.6623992294064142,-0.1,1
0.1,0.25,0.44440927545847886,-0.6,6
0.1,0.25,0.21940735109689347,-0.7694073510968935,8
0.1,0.25,0.46992211475481305,-0.6,6
0.1,0.25,0.6090400455538584,-0.1,1
0.1,0.25,0.37624468341594786,-0.2,2
0.1,0.25,0.37620841728789634,-0.4,4
0.1,0.25,0.6086948858179753,-0.3,3
0.1,0.25,0.24175913958548945,-0.7917591395854895,8
0.1,0.25,0.2902622119955647,-0.9,9
0.1,0.25,0.5202376749670268,-0.4,4
0.1,0.25,0.24315756576632586,-0.6931575657663258,7
0.1,0.25,0.6623992294064142,0.0,0
0.1,0.25,0.14038865255933075,-0.5570553192259974,8
0.1,0.25,0.061251603619355666,-0.5612516036193557,9
0.1,0.25,0.22177558150041854,-0.3884422481670852,5
0.1,0.25,0.38294606298546985,-0.25,3
0.1,0.25,0.3878268224287339,-0.3333333333333333,4
0.1,0.25,0.14037043634018354,-0.4737037696735169,7
0.1,0.25,0.029100223273661907,-0.5291002232736619,9
0.1,0.25,0.06578743380869467,-0.5657874338086947,9
0.1,0.25,0.31622004290945926,-0.4166666666666667,5
0.1,0.25,0.0731717923512486,-0.40650512568458197,7
0.1,0.25,0.0035473236271421626,-0.5035473236271422,9
0.1,0.25,0.4837492874056374,-0.08333333333333333,1
0.1,0.25,0.017400680567157045,-0.517400680567157,9
0.1,0.25,0.07111116870811207,-0.5711111687081121,9
0.1,0.25,0.0,-0.5,9
0.1,0.25,0.06157125463846791,-0.5615712546384679,9
0.1,0.25,0.07153923200392931,-0.5715392320039293,9
0.1,0.25,0.3814006228815784,-0.16666666666666666,2
0.1,0.25,0.06739558725422323,-0.4007289205875566,7
0.1,0.25,0.06091550579675509,-0.5609155057967551,9
0.1,0.25,0.38294606298546985,-0.3333333333333333,4
0.1,0.25,0.49122554744404323,-0.16666666666666666,2
0.1,0.25,0.0007657060564544294,-0.5007657060564544,9
0.1,0.25,0.3878268224287339,-0.16666666666666666,2
0.1,0.25,0.016780905492167597,-0.5167809054921676,9
0.1,0.25,0.001801390322358487,-0.5018013903223585,9
0.1,0.25,0.43979746399322894,-0.08333333333333333,1
0.1,0.25,0.4837492874056374,-0.16666666666666666,2
0.1,0.25,0.07452758384010849,-0.3245275838401085,6
0.1,0.25,0.49122554744404323,0.0,0
0.1,0.25,0.49122554744404323,0.0,0
0.1,0.25,0.17302752316792758,-0.4230275231679276,6
0.1,0.25,0.059946524989337835,-0.5599465249893378,9
0.1,0.25,0.26596157323668135,-0.16666666666666666,2
0.1,0.25,0.39669221622365947,-0.16666666666666666,2
0.1,0.25,0.05994953627075106,-0.5599495362707511,9
0.1,0.25,0.36374189061071316,-0.16666666666666666,2
0.1,0.25,0.0009256355697232488,-0.5009256355697232,9
0.1,0.25,0.07111116870811207,-0.5711111687081121,9
0.1,0.25,0.49122554744404323,-0.08333333333333333,1
0.1,0.25,0.06485300277393968,-0.5648530027739397,9
0.1,0.25,0.2776253562934289,-0.08333333333333333,1
0.1,0.25,0.1513492986487286,-0.4013492986487286,6
0.1,0.25,0.15184283489576045,-0.23517616822909376,4
0.1,0.25,0.36729045602441623,-0.3333333333333333,4
0.1,0.25,0.3814006228815784,-0.08333333333333333,1
0.1,0.25,0.062202036660743865,-0.39553536999407723,7
0.1,0.25,0.08000430165431949,-0.5800043016543195,9
0.1,0.25,0.20331554478980718,-0.5366488781231405,7
0.1,0.25,0.39669221622365947,-0.16666666666666666,2
0.1,0.25,0.053562459187714184,-0.38689579252104755,7
0.1,0.25,0.11202783203166178,-0.27869449869832846,5
0.1,0.25,0.17232769257305858,-0.4223276925730586,6
0.1,0.25,0.26701031724347346,-0.25,3
0.1,0.25,0.07469547222294637,-0.5746954722229464,9
0.1,0.25,0.057685338454133706,-0.5576853384541337,9
0.1,0.25,0.07163201537789421,-0.5716320153778942,9
0.1,0.25,0.38294606298546985,-0.16666666666666666,2
0.1,0.25,0.06273930368890557,-0.39607263702223894,7
0.1,0.25,0.06443486756484917,-0.5644348675648492,9
0.1,0.25,0.0017196176160243493,-0.5017196176160243,9
0.1,0.25,0.27259063618302604,-0.3333333333333333,4
0.1,0.25,0.49122554744404323,0.0,0
0.1,0.25,0.0011771657566717053,-0.41784383242333833,8
0.1,0.25,0.10974047757548977,-0.44307381090882314,7
0.1,0.25,0.43979746399322894,-0.08333333333333333,1
0.1,0.25,0.12596805783301201,-0.12596805783301201,3
0.1,0.25,0.0717902134289824,-0.5717902134289824,9
0.1,0.25,0.3024230005412476,-0.08333333333333333,1
0.1,0.25,0.49122554744404323,0.0,0
0.1,0.25,0.061251603619355666,-0.5612516036193557,9
0.1,0.25,0.054635175434495475,-0.5546351754344955,9
0.1,0.25,0.3814006228815784,-0.08333333333333333,1
0.1,0.25,0.3409788878823009,-0.3333333333333333,4
0.1,0.25,0.10165825130765349,-0.1849915846409868,4
0.1,0.25,0.12957285053823875,-0.12957285053823875,3
0.1,0.25,0.29176047451397824,-0.3333333333333333,4
0.1,0.25,0.0964208842218286,-0.1797542175551619,4
0.1,0.25,0.38294606298546985,-0.3333333333333333,4
0.1,0.25,0.14340383413236968,-0.3934038341323697,6
0.1,0.25,0.2776253562934289,-0.16666666666666666,2
0.1,0.25,0.24774524565692913,-0.33107857899026244,4
0.1,0.25,0.05418616400540388,-0.5541861640054039,9
0.1,0.25,0.13483119273983069,-0.30149785940649737,5
0.1,0.25,0.06661595204968085,-0.31661595204968085,6
0.1,0.25,0.4837492874056374,-0.08333333333333333,1
0.1,0.25,0.49122554744404323,0.0,0
0.1,0.25,0.02012837930902467,-0.27012837930902467,6
0.1,0.25,0.2593405625734815,-0.3333333333333333,4
0.1,0.25,0.49122554744404323,0.0,0
0.1,0.25,0.07111116870811207,-0.4877778353747787,8
0.1,0.25,0.0039926715069840135,-0.503992671506984,9
0.1,0.25,0.4598035770969229,-0.25,3
0.1,0.25,0.49122554744404323,0.0,0
0.1,0.25,0.11252786678133886,-0.5291945334480055,8
0.1,0.25,0.38294606298546985,-0.25,3
0.1,0.25,0.07913972185099061,-0.3291397218509906,6
0.1,0.25,0.2776253562934289,-0.3333333333333333,4
0.1,0.25,0.05263501930316106,-0.30263501930316106,6
0.1,0.25,0.06935986502276403,-0.569359865022764,9
0.1,0.25,0.8846850956852224,-0.8461538461538461,11
0.1,0.25,0.9680567115073361,-0.6923076923076923,9
0.1,0.25,0.9826408586840785,-0.8461538461538461,11
0.1,0.25,0.9826408586840785,-0.15384615384615385,2
0.1,0.25,0.9826408586840785,-0.6923076923076923,9
0.1,0.25,0.08907123541814055,-0.6852250815719867,11
0.1,0.25,0.12535612051410105,-0.7215099666679472,11
0.1,0.25,0.9826408586840785,-0.23076923076923078,3
0.1,0.25,0.08907123541814055,-0.6852250815719867,11
0.1,0.25,0.9680567115073361,-0.46153846153846156,6
0.1,0.25,0.8846850956852224,-0.8461538461538461,11
0.1,0.25,0.14621142152444744,-0.7423652676782936,11
0.1,0.25,0.9680567115073361,-0.6153846153846154,8
0.1,0.25,0.08907123541814055,-0.6852250815719867,11
0.1,0.25,0.9826408586840785,-0.15384615384615385,2
0.1,0.25,0.12227457575795886,-0.718428421911805,11
0.1,0.25,0.9826408586840785,0.0,0
0.1,0.25,0.9826408586840785,-0.5384615384615384,7
0.1,0.25,0.14621142152444744,-0.7423652676782936,11
0.1,0.25,0.9826408586840785,-0.15384615384615385,2
0.1,0.25,0.12227451160588043,-0.7184283577597266,11
0.1,0.25,0.9826408586840785,-0.3076923076923077,4
0.1,0.25,0.7637041577312637,-0.46153846153846156,6
0.1,0.25,0.8846850956852224,-0.8461538461538461,11
0.1,0.25,0.9826408586840785,-0.15384615384615385,2
0.1,0.25,0.9826408586840785,-0.15384615384615385,2
0.1,0.25,0.14621142152444744,-0.5885191138321397,9
0.1,0.25,0.7615997542394806,-0.3076923076923077,4
0.1,0.25,0.9680567115073361,-0.6153846153846154,8
0.1,0.25,0.7835724119593105,-0.5384615384615384,7
0.1,0.25,0.9680567115073361,-0.23076923076923078,3
0.1,0.25,0.9826408586840785,-0.15384615384615385,2
0.1,0.25,0.9826408586840785,-0.07692307692307693,1
0.1,0.25,0.14621142152444744,-0.7423652676782936,11
0.1,0.25,0.9826408586840785,-0.15384615384615385,2
0.1,0.25,0.9826408586840785,-0.23076923076923078,3
0.1,0.25,0.2455785165522859,-0.38019390116767054,5
0.1,0.25,0.9826408586840785,-0.38461538461538464,5
0.1,0.25,0.9826408586840785,-0.5384615384615384,7
0.1,0.25,0.9826408586840785,-0.3076923076923077,4
0.1,0.25,0.7835724119593105,-0.6153846153846154,8
0.1,0.25,0.9826408586840785,-0.15384615384615385,2
0.1,0.25,0.9680567115073361,-0.38461538461538464,5
0.1,0.25,0.08545657269601781,-0.681610418849864,11
0.1,0.25,0.7835724119593105,-0.38461538461538464,5
0.1,0.25,0.9826408586840785,0.0,0
0.1,0.25,0.12535612051410105,-0.6445868897448703,10
0.1,0.25,0.7615997542394806,-0.6923076923076923,9
0.1,0.25,0.9826408586840785,-0.38461538461538464,5
0.1,0.25,0.08907123541814055,-0.6852250815719867,11
0.1,0.25,0.9826408586840785,-0.07692307692307693,1
0.1,0.25,0.9826408586840785,0.0,0
0.1,0.25,0.1222736628243225,-0.6415044320550918,10
0.1,0.25,0.08907123541814055,-0.6852250815719867,11
0.1,0.25,0.7637041577312637,-0.5384615384615384,7
0.1,0.25,0.12535612051410105,-0.7215099666679472,11
0.1,0.25,0.08545657269601781,-0.681610418849864,11
0.1,0.25,0.0,-0.5961538461538461,11
0.1,0.25,0.7637041577312637,-0.15384615384615385,2
0.1,0.25,0.08907123541814055,-0.6852250815719867,11
0.1,0.25,0.8846850956852224,-0.6153846153846154,8
0.1,0.25,0.7615997542394806,-0.23076923076923078,3
0.1,0.25,0.13860775127558567,-0.7347615974294318,11
0.1,0.25,0.7615997542394806,-0.3076923076923077,4
0.1,0.25,0.9826408586840785,-0.23076923076923078,3
0.1,0.25,0.7637041577312637,-0.15384615384615385,2
0.1,0.25,0.9826408586840785,-0.15384615384615385,2
0.1,0.25,0.9680567115073361,-0.7692307692307693,10
0.1,0.25,0.1689864093151694,-0.30360179393055403,5
0.1,0.25,0.9826408586840785,-0.23076923076923078,3
0.1,0.25,0.9826408586840785,-0.15384615384615385,2
0.1,0.25,0.7615997542394806,-0.38461538461538464,5
0.1,0.25,0.9680567115073361,-0.23076923076923078,3
0.1,0.25,0.9680567115073361,-0.46153846153846156,6
0.1,0.25,0.17632192147614734,-0.4647834599376858,7
0.1,0.25,0.12535612051410105,-0.7215099666679472,11
0.1,0.25,0.9680567115073361,-0.46153846153846156,6
0.1,0.25,0.18282774557006898,-0.7789815917239151,11
0.1,0.25,0.9826408586840785,-0.15384615384615385,2
0.1,0.25,0.08907123541814055,-0.6852250815719867,11
0.1,0.25,0.14621142152444744,-0.7423652676782936,11
0.1,0.25,0.0854565231401131,-0.6816103692939592,11
0.1,0.25,0.10449109917159038,-0.7006449453254365,11
0.1,0.25,0.9826408586840785,-0.6923076923076923,9
0.1,0.25,0.14626212769916158,-0.6654928969299309,10
0.1,0.25,0.9826408586840785,-0.15384615384615385,2
0.1,0.25,0.9826408586840785,-0.15384615384615385,2
0.1,0.25,0.7615997542394806,-0.46153846153846156,6
0.1,0.25,0.9826408586840785,-0.23076923076923078,3
0.1,0.25,0.9826408586840785,-0.23076923076923078,3
0.1,0.25,0.9680567115073361,-0.38461538461538464,5
0.1,0.25,0.7637041577312637,-0.5384615384615384,7
0.1,0.25,0.9826408586840785,-0.07692307692307693,1
0.1,0.25,0.9826408586840785,0.0,0
0.1,0.25,0.9826408586840785,-0.07692307692307693,1
0.1,0.25,0.9826408586840785,-0.23076923076923078,3
0.1,0.25,0.9826408586840785,-0.07692307692307693,1
0.1,0.25,0.9680567115073361,-0.6923076923076923,9
0.1,0.25,0.9680567115073361,-0.46153846153846156,6
0.1,0.25,0.9826408586840785,-0.3076923076923077,4
0.1,0.25,0.5548418449270073,0.0,0
0.1,0.25,0.2290091161470067,-0.6456757828136733,2
0.1,0.25,0.0,-0.75,3
0.1,0.25,0.0,-0.75,3
0.1,0.25,0.0,-0.75,3
0.1,0.25,0.5548418449270073,-0.3333333333333333,1
0.1,0.25,0.0,-0.75,3
0.1,0.25,0.3057912208405609,-0.3333333333333333,1
0.1,0.25,0.5548418449270073,0.0,0
0.1,0.25,0.0,-0.75,3
0.1,0.25,0.0,-0.75,3
0.1,0.25,0.5548418449270073,0.0,0
0.1,0.25,0.5548418449270073,0.0,0
0.1,0.25,0.0,-0.75,3
0.1,0.25,0.5548418449270073,-0.3333333333333333,1
0.1,0.25,0.5548418449270073,-0.6666666666666666,2
0.1,0.25,0.5548418449270073,-0.3333333333333333,1
0.1,0.25,0.0,-0.75,3
0.1,0.25,0.3057912208405609,-0.6666666666666666,2
0.1,0.25,0.0,-0.75,3
0.1,0.25,0.0,-0.75,3
0.1,0.25,0.5548418449270073,0.0,0
0.1,0.25,0.5548418449270073,-0.3333333333333333,1
0.1,0.25,0.3057912208405609,-0.6666666666666666,2
0.1,0.25,0.2290091161470067,-0.6456757828136733,2
0.1,0.25,0.5548418449270073,-0.3333333333333333,1
0.1,0.25,0.0,-0.75,3
0.1,0.25,0.5548418449270073,0.0,0
0.1,0.25,0.5548418449270073,-0.3333333333333333,1
0.1,0.25,0.3057912208405609,-0.6666666666666666,2
0.1,0.25,0.0,-0.75,3
0.1,0.25,0.5548418449270073,-0.3333333333333333,1
0.1,0.25,0.3057912208405609,-0.6666666666666666,2
0.1,0.25,0.5548418449270073,0.0,0
0.1,0.25,0.5548418449270073,0.0,0
0.1,0.25,0.5548418449270073,-0.6666666666666666,2
0.1,0.25,0.5548418449270073,0.0,0
0.1,0.25,0.2290091161470067,-0.6456757828136733,2
0.1,0.25,0.3057912208405609,-0.6666666666666666,2
0.1,0.25,0.5548418449270073,0.0,0
0.1,0.25,0.0,-0.75,3
0.1,0.25,0.3057912208405609,-0.3333333333333333,1
0.1,0.25,0.0,-0.75,3
0.1,0.25,0.5548418449270073,-0.3333333333333333,1
0.1,0.25,0.5548418449270073,-0.3333333333333333,1
0.1,0.25,0.5548418449270073,0.0,0
0.1,0.25,0.0,-0.75,3
0.1,0.25,0.3057912208405609,-0.3333333333333333,1
0.1,0.25,0.2290091161470067,-0.6456757828136733,2
0.1,0.25,0.2290091161470067,-0.6456757828136733,2
0.1,0.25,0.5548418449270073,-0.3333333333333333,1
0.1,0.25,0.0,-0.75,3
0.1,0.25,0.0,-0.75,3
0.1,0.25,0.5548418449270073,0.0,0
0.1,0.25,0.5548418449270073,-0.3333333333333333,1
0.1,0.25,0.0,-0.75,3
0.1,0.25,0.5548418449270073,-0.6666666666666666,2
0.1,0.25,0.3057912208405609,-0.6666666666666666,2
0.1,0.25,0.5548418449270073,-0.3333333333333333,1
0.1,0.25,0.0,-0.75,3
0.1,0.25,0.2290091161470067,-0.6456757828136733,2
0.1,0.25,0.5548418449270073,-0.3333333333333333,1
0.1,0.25,0.5548418449270073,-0.3333333333333333,1
0.1,0.25,0.3057912208405609,-0.3333333333333333,1
0.1,0.25,0.5548418449270073,0.0,0
0.1,0.25,0.0,-0.75,3
0.1,0.25,0.0,-0.75,3
0.1,0.25,0.5548418449270073,-0.3333333333333333,1
0.1,0.25,0.5548418449270073,-0.6666666666666666,2
0.1,0.25,0.2290091161470067,-0.6456757828136733,2
0.1,0.25,0.5548418449270073,-0.3333333333333333,1
0.1,0.25,0.0,-0.75,3
0.1,0.25,0.0,-0.75,3
0.1,0.25,0.0,-0.75,3
0.1,0.25,0.3057912208405609,-0.6666666666666666,2
0.1,0.25,0.5548418449270073,0.0,0
0.1,0.25,0.0,-0.75,3
0.1,0.25,0.0,-0.75,3
0.1,0.25,0.5548418449270073,-0.3333333333333333,1
0.1,0.25,0.5548418449270073,-0.3333333333333333,1
0.1,0.25,0.5548418449270073,0.0,0
0.1,0.25,0.3057912208405609,-0.6666666666666666,2
0.1,0.25,0.5548418449270073,0.0,0
0.1,0.25,0.5548418449270073,0.0,0
0.1,0.25,0.3057912208405609,-0.6666666666666666,2
0.1,0.25,0.5548418449270073,-0.3333333333333333,1
0.1,0.25,0.5548418449270073,-0.3333333333333333,1
0.1,0.25,0.5548418449270073,-0.6666666666666666,2
0.1,0.25,0.0,-0.75,3
0.1,0.25,0.3057912208405609,-0.3333333333333333,1
0.1,0.25,0.0,-0.75,3
0.1,0.25,0.5548418449270073,-0.6666666666666666,2
0.1,0.25,0.3057912208405609,-0.6666666666666666,2
0.1,0.25,0.3057912208405609,-0.6666666666666666,2
0.1,0.25,0.5548418449270073,0.0,0
0.1,0.25,0.5548418449270073,0.0,0
0.1,0.25,0.2290091161470067,-0.6456757828136733,2
0.1,0.25,0.5548418449270073,0.0,0
0.1,0.25,0.5548418449270073,-0.3333333333333333,1
0.1,0.25,0.5548418449270073,-0.3333333333333333,1
