epsilon,L0,leakage,utility,mask_size
10,0.75,0.0,-0.08333333333333337,5
10,0.75,0.0,-0.08333333333333337,5
10,0.75,0.05010955345870127,0.19989044654129873,3
10,0.75,0.05010955345870127,0.19989044654129873,3
10,0.75,0.003609042830710618,-0.08694237616404399,5
10,0.75,0.011469181810646378,0.07186415152268699,4
10,0.75,0.003306804705818678,-0.08664013803915205,5
10,0.75,0.03592524660768637,0.547408086725647,1
10,0.75,0.03592524660768637,0.3807414200589803,2
10,0.75,0.22337399647872114,0.35995933685461223,1
10,0.75,0.003609042830710618,-0.08694237616404399,5
10,0.75,0.22337399647872114,0.35995933685461223,1
10,0.75,0.03592524660768637,0.547408086725647,1
10,0.75,0.22337399647872114,0.35995933685461223,1
10,0.75,0.03592524660768637,0.3807414200589803,2
10,0.75,0.22337399647872114,0.35995933685461223,1
10,0.75,0.03592524660768637,0.21407475339231363,3
10,0.75,0.22337399647872114,0.5266260035212789,0
10,0.75,0.004612425044516089,0.07872090828881728,4
10,0.75,0.22337399647872114,0.35995933685461223,1
10,0.75,0.22337399647872114,0.026626003521278863,3
10,0.75,0.03592524660768637,0.547408086725647,1
10,0.75,0.03592524660768637,0.3807414200589803,2
10,0.75,0.22337399647872114,0.5266260035212789,0
10,0.75,0.009414806213275395,0.2405851937867246,3
10,0.75,0.22337399647872114,0.5266260035212789,0
10,0.75,0.03592524660768637,0.3807414200589803,2
10,0.75,0.003306804705818678,-0.08664013803915205,5
10,0.75,0.003609042830710618,-0.08694237616404399,5
10,0.75,0.22337399647872114,0.5266260035212789,0
10,0.75,0.22337399647872114,0.35995933685461223,1
10,0.75,0.013132038880604324,0.40353462778606236,2
10,0.75,0.015768127809462573,-0.09910146114279594,5
10,0.75,0.011469181810646378,0.07186415152268699,4
10,0.75,0.0008907266304110095,-0.08422405996374438,5
10,0.75,0.22337399647872114,0.5266260035212789,0
10,0.75,0.22337399647872114,0.5266260035212789,0
10,0.75,0.03592524660768637,0.047408086725647,4
10,0.75,0.0,-0.08333333333333337,5
10,0.75,0.013132038880604324,0.40353462778606236,2
10,0.75,0.22337399647872114,0.35995933685461223,1
10,0.75,0.03592524660768637,0.3807414200589803,2
10,0.75,0.015768127809462573,-0.09910146114279594,5
10,0.75,0.22337399647872114,0.5266260035212789,0
10,0.75,0.22337399647872114,0.5266260035212789,0
10,0.75,0.22337399647872114,0.5266260035212789,0
10,0.75,0.06016840572859605,0.023164927604737318,4
10,0.75,0.05010955345870127,0.3665571132079654,2
10,0.75,0.015768127809462573,-0.09910146114279594,5
10,0.75,0.003306804705818678,-0.08664013803915205,5
10,0.75,0.22337399647872114,0.35995933685461223,1
10,0.75,0.003609042830710618,-0.08694237616404399,5
10,0.75,0.003609042830710618,-0.08694237616404399,5
10,0.75,0.0008907266304110095,-0.08422405996374438,5
10,0.75,0.003609042830710618,-0.08694237616404399,5
10,0.75,0.22337399647872114,0.35995933685461223,1
10,0.75,0.22337399647872114,0.35995933685461223,1
10,0.75,0.03592524660768637,0.21407475339231363,3
10,0.75,0.03592524660768637,0.547408086725647,1
10,0.75,0.22337399647872114,0.5266260035212789,0
10,0.75,0.004612425044516089,0.07872090828881728,4
10,0.75,0.05010955345870127,0.3665571132079654,2
10,0.75,0.22337399647872114,-0.14004066314538777,4
10,0.75,0.03592524660768637,0.3807414200589803,2
10,0.75,0.003609042830710618,-0.08694237616404399,5
10,0.75,0.22337399647872114,0.19329267018794555,2
10,0.75,0.05010955345870127,0.0332237798746321,4
10,0.75,0.051126318247808444,0.19887368175219156,3
10,0.75,0.22337399647872114,0.19329267018794555,2
10,0.75,0.013132038880604324,0.07020129445272905,4
10,0.75,0.015768127809462573,-0.09910146114279594,5
10,0.75,0.003609042830710618,-0.08694237616404399,5
10,0.75,0.009414806213275395,0.07391852712005798,4
10,0.75,0.22337399647872114,0.35995933685461223,1
10,0.75,0.03592524660768637,0.3807414200589803,2
10,0.75,0.22337399647872114,0.5266260035212789,0
10,0.75,0.003306804705818678,-0.08664013803915205,5
10,0.75,0.22337399647872114,0.026626003521278863,3
10,0.75,0.0,-0.08333333333333337,5
10,0.75,0.015768127809462573,0.0675652055238708,4
10,0.75,0.015768127809462573,-0.09910146114279594,5
10,0.75,0.011469181810646378,0.07186415152268699,4
10,0.75,0.22337399647872114,0.35995933685461223,1
10,0.75,0.22337399647872114,0.19329267018794555,2
10,0.75,0.22337399647872114,0.35995933685461223,1
10,0.75,0.22337399647872114,0.5266260035212789,0
10,0.75,0.22337399647872114,0.5266260035212789,0
10,0.75,0.008222647309668152,0.07511068602366522,4
10,0.75,0.003306804705818678,-0.08664013803915205,5
10,0.75,0.22337399647872114,0.5266260035212789,0
10,0.75,0.03592524660768637,0.21407475339231363,3
10,0.75,0.03592524660768637,0.547408086725647,1
10,0.75,0.0008907266304110095,-0.08422405996374438,5
10,0.75,0.011469181810646378,0.23853081818935362,3
10,0.75,0.0008907266304110095,-0.08422405996374438,5
10,0.75,0.05010955345870127,0.19989044654129873,3
10,0.75,0.22337399647872114,0.5266260035212789,0
10,0.75,0.22337399647872114,0.5266260035212789,0
10,0.75,0.03592524660768637,0.3807414200589803,2
10,0.75,0.22337399647872114,0.19329267018794555,2
10,0.75,0.24175913958548945,-0.39175913958548947,9
10,0.75,0.5202376749670268,-0.2702376749670268,5
10,0.75,0.6623992294064142,-0.21239922940641415,3
10,0.75,0.6623992294064142,-0.012399229406414164,1
10,0.75,0.5468475106079831,-0.2968475106079831,5
10,0.75,0.5468475106079831,-0.39684751060798307,6
10,0.75,0.6623992294064142,-0.012399229406414164,1
10,0.75,0.6623992294064142,-0.11239922940641417,2
10,0.75,0.46992211475481305,-0.019922114754813036,3
10,0.75,0.6086948858179753,-0.35869488581797526,5
10,0.75,0.2902622119955647,-0.4402622119955647,9
10,0.75,0.6086948858179753,-0.15869488581797525,3
10,0.75,0.6090400455538584,-0.15904004555385837,3
10,0.75,0.6623992294064142,-0.3123992294064142,4
10,0.75,0.44440927545847886,-0.5944092754584789,9
10,0.75,0.1455166996776397,-0.19551669967763974,8
10,0.75,0.46992211475481305,-0.019922114754813036,3
10,0.75,0.44440927545847886,-0.5944092754584789,9
10,0.75,0.385599188513301,-0.535599188513301,9
10,0.75,0.385599188513301,-0.535599188513301,9
10,0.75,0.6090400455538584,-0.2590400455538584,4
10,0.75,0.0,-0.15000000000000002,9
10,0.75,0.14540885463656628,-0.19540885463656632,8
10,0.75,0.6623992294064142,-0.012399229406414164,1
10,0.75,0.5202376749670268,-0.47023767496702673,7
10,0.75,0.24175913958548945,-0.09175913958548942,6
10,0.75,0.6623992294064142,-0.012399229406414164,1
10,0.75,0.21940735109689347,-0.3694073510968935,9
10,0.75,0.5422684587046469,0.007731541295353084,2
10,0.75,0.44440927545847886,-0.29440927545847884,6
10,0.75,0.6623992294064142,0.08760077059358584,0
10,0.75,0.6623992294064142,0.08760077059358584,0
10,0.75,0.6623992294064142,0.08760077059358584,0
10,0.75,0.4694541344903692,-0.2194541344903692,5
10,0.75,0.6623992294064142,0.08760077059358584,0
10,0.75,0.385599188513301,-0.23559918851330097,6
10,0.75,0.6623992294064142,0.08760077059358584,0
10,0.75,0.5206608604337979,-0.37066086043379787,6
10,0.75,0.46992211475481305,-0.21992211475481305,5
10,0.75,0.385599188513301,-0.23559918851330097,6
10,0.75,0.44440927545847886,-0.09440927545847888,4
10,0.75,0.5860822545816282,-0.1360822545816282,3
10,0.75,0.2902622119955647,-0.4402622119955647,9
10,0.75,0.0,-0.15000000000000002,9
10,0.75,0.44440927545847886,-0.5944092754584789,9
10,0.75,0.2902622119955647,-0.4402622119955647,9
10,0.75,0.4694541344903692,-0.41945413449036917,7
10,0.75,0.5860822545816282,-0.3360822545816282,5
10,0.75,0.5860822545816282,-0.23608225458162824,4
10,0.75,0.385599188513301,-0.23559918851330097,6
10,0.75,0.5206608604337979,-0.5706608604337979,8
10,0.75,0.4694541344903692,-0.2194541344903692,5
10,0.75,0.6086948858179753,-0.15869488581797525,3
10,0.75,0.6623992294064142,0.08760077059358584,0
10,0.75,0.6623992294064142,-0.11239922940641417,2
10,0.75,0.21940735109689347,-0.3694073510968935,9
10,0.75,0.26303652729247295,-0.313036527292473,8
10,0.75,0.6623992294064142,-0.21239922940641415,3
10,0.75,0.44440927545847886,-0.5944092754584789,9
10,0.75,0.6623992294064142,-0.012399229406414164,1
10,0.75,0.5422684587046469,0.10773154129535309,1
10,0.75,0.6623992294064142,-0.11239922940641417,2
10,0.75,0.385599188513301,-0.535599188513301,9
10,0.75,0.6623992294064142,-0.012399229406414164,1
10,0.75,0.24315756576632586,-0.3931575657663259,9
10,0.75,0.21940735109689347,-0.3694073510968935,9
10,0.75,0.5468475106079831,-0.2968475106079831,5
10,0.75,0.6623992294064142,0.08760077059358584,0
10,0.75,0.5422684587046469,-0.0922684587046469,3
10,0.75,0.5860822545816282,-0.036082254581628226,2
10,0.75,0.6086948858179753,-0.35869488581797526,5
10,0.75,0.6623992294064142,-0.012399229406414164,1
10,0.75,0.6623992294064142,-0.012399229406414164,1
10,0.75,0.385599188513301,-0.33559918851330095,7
10,0.75,0.385599188513301,-0.43559918851330104,8
10,0.75,0.6086948858179753,-0.05869488581797527,2
10,0.75,0.46992211475481305,-0.419922114754813,7
10,0.75,0.46992211475481305,-0.11992211475481307,4
10,0.75,0.21945273335876703,-0.069452733358767,6
10,0.75,0.5860822545816282,-0.036082254581628226,2
10,0.75,0.6623992294064142,0.08760077059358584,0
10,0.75,0.5422684587046469,0.10773154129535309,1
10,0.75,0.6086948858179753,-0.2586948858179753,4
10,0.75,0.5202376749670268,-0.1702376749670268,4
10,0.75,0.6090400455538584,-0.2590400455538584,4
10,0.75,0.6623992294064142,0.08760077059358584,0
10,0.75,0.24175913958548945,-0.39175913958548947,9
10,0.75,0.6090400455538584,-0.3590400455538584,5
10,0.75,0.6623992294064142,0.08760077059358584,0
10,0.75,0.6623992294064142,0.08760077059358584,0
10,0.75,0.3166049127277152,-0.26660491272771514,7
10,0.75,0.24175913958548945,-0.39175913958548947,9
10,0.75,0.0002521225070323263,-0.15025212250703235,9
10,0.75,0.5468475106079831,-0.2968475106079831,5
10,0.75,0.5860822545816282,0.06391774541837178,1
10,0.75,0.6623992294064142,0.08760077059358584,0
10,0.75,0.0002521225070323263,-0.15025212250703235,9
10,0.75,0.0002521225070323263,-0.15025212250703235,9
10,0.75,0.6623992294064142,-0.21239922940641415,3
10,0.75,0.385599188513301,-0.43559918851330104,8
10,0.75,0.01996644962976013,-0.01996644962976013,9
10,0.75,0.39669221622365947,0.18664111710967388,2
10,0.75,0.08370467084281608,0.24962866249051724,5
10,0.75,0.49122554744404323,0.008774452555956769,3
10,0.75,0.0,0.0,9
10,0.75,0.2589095784421014,0.24109042155789862,3
10,0.75,0.008839927559450844,-0.008839927559450844,9
10,0.75,0.4598035770969229,0.04019642290307712,3
10,0.75,0.26596157323668135,0.06737176009665197,5
10,0.75,0.2776253562934289,0.3890413103732378,1
10,0.75,0.1349928904622334,0.031673776204433235,7
10,0.75,0.054635175434495475,-0.054635175434495475,9
10,0.75,0.2599857977892185,0.1566808688774482,4
10,0.75,0.3946407982419219,-0.06130746490858857,5
10,0.75,0.49122554744404323,0.25877445255595677,0
10,0.75,0.36729045602441623,0.04937621064225045,4
10,0.75,0.3020170857550578,0.0313162475782755,5
10,0.75,0.3527383773688254,0.1472616226311746,3
10,0.75,0.005503147537636699,0.16116351912902993,7
10,0.75,0.07111116870811207,0.09555549795855456,7
10,0.75,0.06615809659152339,0.3505085700751433,4
10,0.75,0.02081924993057771,-0.02081924993057771,9
10,0.75,0.49122554744404323,0.25877445255595677,0
10,0.75,0.0032165142876398045,-0.0032165142876398045,9
10,0.75,0.31218280661360687,-0.31218280661360687,9
10,0.75,0.009476153973720702,-0.009476153973720702,9
10,0.75,0.029100223273661907,-0.029100223273661907,9
10,0.75,0.12574869819850432,0.040917968468162313,7
10,0.75,0.49122554744404323,0.25877445255595677,0
10,0.75,0.3814006228815784,0.20193271045175495,2
10,0.75,0.062302274444177685,-0.062302274444177685,9
10,0.75,0.062180243068847285,0.10448642359781934,7
10,0.75,0.059946524989337835,-0.059946524989337835,9
10,0.75,0.02243035191528453,-0.02243035191528453,9
10,0.75,0.49122554744404323,0.25877445255595677,0
10,0.75,0.3024230005412476,0.28091033279208577,2
10,0.75,0.05418616400540388,-0.05418616400540388,9
10,0.75,0.08116816185028863,-0.08116816185028863,9
10,0.75,0.4400981151104615,0.059901884889538515,3
10,0.75,0.49122554744404323,0.25877445255595677,0
10,0.75,0.016678704474620276,-0.016678704474620276,9
10,0.75,0.054102170577392084,-0.054102170577392084,9
10,0.75,0.062180243068847285,0.021153090264486085,8
10,0.75,0.05977918813314009,-0.05977918813314009,9
10,0.75,0.49122554744404323,0.25877445255595677,0
10,0.75,0.35051889418506144,-0.1838522275183948,7
10,0.75,0.15346947347685924,0.17986385985647407,5
10,0.75,0.11023352473050418,-0.026900191397170814,8
10,0.75,0.17232769257305858,0.3276723074269414,3
10,0.75,0.310148610028673,-0.310148610028673,9
10,0.75,0.22077437718297643,-0.054107710516309804,7
10,0.75,0.4837492874056374,-0.0670826207389707,4
10,0.75,0.024887054296857114,0.058446279036476256,8
10,0.75,0.02081924993057771,-0.02081924993057771,9
10,0.75,0.49122554744404323,0.25877445255595677,0
10,0.75,0.49122554744404323,0.25877445255595677,0
10,0.75,0.16016534172028907,0.33983465827971093,3
10,0.75,0.20503295207568573,0.2949670479243143,3
10,0.75,0.06578743380869467,-0.06578743380869467,9
10,0.75,0.005978229278813085,-0.005978229278813085,9
10,0.75,0.16194444704879107,0.17138888628454224,5
10,0.75,0.07111116870811207,-0.07111116870811207,9
10,0.75,0.0532330542024666,0.11343361246420003,7
10,0.75,0.0731717923512486,0.010161540982084771,8
10,0.75,0.08715322492161803,0.16284677507838197,6
10,0.75,0.49122554744404323,0.17544111922262345,1
10,0.75,0.012900894980091282,-0.012900894980091282,9
10,0.75,0.49122554744404323,0.25877445255595677,0
10,0.75,0.021805880989585025,-0.021805880989585025,9
10,0.75,0.062202036660743865,0.18779796333925614,6
10,0.75,0.07111755185219637,-0.07111755185219637,9
10,0.75,0.49122554744404323,0.25877445255595677,0
10,0.75,0.0015386816054189234,-0.0015386816054189234,9
10,0.75,0.00025115948719256487,-0.00025115948719256487,9
10,0.75,0.0034582910227277663,-0.0034582910227277663,9
10,0.75,0.07203745732189093,-0.07203745732189093,9
10,0.75,0.36290951598413357,0.13709048401586643,3
10,0.75,0.05480839002461946,0.11185827664204717,7
10,0.75,0.005978229278813085,-0.005978229278813085,9
10,0.75,0.07338161860482328,0.17661838139517672,6
10,0.75,0.15184283489576045,0.4314904984375729,2
10,0.75,0.001801390322358487,-0.001801390322358487,9
10,0.75,0.3020170857550578,-0.05201708575505781,6
10,0.75,0.08462347795830771,0.1653765220416923,6
10,0.75,0.0311726745564207,0.05216065877691267,8
10,0.75,0.3024230005412476,0.3642436661254191,1
10,0.75,0.27070256480352073,0.14596410186314596,4
10,0.75,0.26701031724347346,0.14965634942319322,4
10,0.75,0.35802046232383233,-0.1913537956571657,7
10,0.75,0.037430867567454285,0.045902465765879086,8
10,0.75,0.0774344949388257,0.1725655050611743,6
10,0.75,0.06494594038142054,-0.06494594038142054,9
10,0.75,0.0712854626843189,-0.0712854626843189,9
10,0.75,0.07411747475512365,0.25921585857820967,5
10,0.75,0.07153923200392931,-0.07153923200392931,9
10,0.75,0.006618546744515452,-0.006618546744515452,9
10,0.75,0.005978229278813085,-0.005978229278813085,9
10,0.75,0.06361853925066419,0.10304812741600244,7
10,0.75,0.3020170857550578,0.28131624757827556,2
10,0.75,0.2092100230801126,-0.042543356413445976,7
10,0.75,0.17632192147614734,0.18906269390846803,5
10,0.75,0.1222736628243225,-0.21842750897816865,11
10,0.75,0.9680567115073361,-0.15384615384615385,2
10,0.75,0.9826408586840785,-0.8461538461538461,11
10,0.75,0.14621142152444744,-0.08851911383213973,9
10,0.75,0.9826408586840785,-0.15384615384615385,2
10,0.75,0.14210089823029137,-0.007485513614906791,8
10,0.75,0.8846850956852224,-0.8461538461538461,11
10,0.75,0.7806898343893851,-0.6923076923076923,9
10,0.75,0.8846850956852224,-0.8461538461538461,11
10,0.75,0.18282774557006898,-0.20205851480083825,10
10,0.75,0.12227457575795886,-0.218428421911805,11
10,0.75,0.7615997542394806,-0.38461538461538464,5
10,0.75,0.9826408586840785,-0.15384615384615385,2
10,0.75,0.9826408586840785,-0.07692307692307693,1
10,0.75,0.9680567115073361,-0.8461538461538461,11
10,0.75,0.10448995667162086,-0.12372072590239014,10
10,0.75,0.17364678630049102,0.037891675237970546,7
10,0.75,0.9680567115073361,-0.8461538461538461,11
10,0.75,0.9826408586840785,0.0,0
10,0.75,0.9826408586840785,-0.07692307692307693,1
10,0.75,0.2455785165522859,-0.11096313193690133,8
10,0.75,0.9826408586840785,-0.15384615384615385,2
10,0.75,0.9826408586840785,-0.3076923076923077,4
10,0.75,0.14621142152444744,0.142250116937091,6
10,0.75,0.9680567115073361,-0.8461538461538461,11
10,0.75,0.7835724119593105,-0.6153846153846154,8
10,0.75,0.08907123541814055,-0.1852250815719867,11
10,0.75,0.08907123541814055,-0.1852250815719867,11
10,0.75,0.9826408586840785,-0.15384615384615385,2
10,0.75,0.16828933816592273,-0.2644431843197689,11
10,0.75,0.24980936013667854,-0.3459632062905247,11
10,0.75,0.16828933816592273,-0.2644431843197689,11
10,0.75,0.13860775127558567,-0.08091544358327796,9
10,0.75,0.7637041577312637,-0.07692307692307693,1
10,0.75,0.14621142152444744,-0.1654421907552167,10
10,0.75,0.9826408586840785,-0.23076923076923078,3
10,0.75,0.9826408586840785,-0.15384615384615385,2
10,0.75,0.2455785165522859,-0.11096313193690133,8
10,0.75,0.9680567115073361,-0.8461538461538461,11
10,0.75,0.16828933816592273,-0.2644431843197689,11
10,0.75,0.9826408586840785,-0.07692307692307693,1
10,0.75,0.7637041577312637,-0.6153846153846154,8
10,0.75,0.8846850956852224,-0.6923076923076923,9
10,0.75,0.8846850956852224,-0.6923076923076923,9
10,0.75,0.9826408586840785,-0.46153846153846156,6
10,0.75,0.7637041577312637,-0.6923076923076923,9
10,0.75,0.9826408586840785,-0.15384615384615385,2
10,0.75,0.9826408586840785,0.0,0
10,0.75,0.13860775127558567,0.0729307102628759,7
10,0.75,0.16828933816592273,-0.2644431843197689,11
10,0.75,0.9826408586840785,-0.3076923076923077,4
10,0.75,0.9826408586840785,-0.07692307692307693,1
10,0.75,0.9826408586840785,-0.23076923076923078,3
10,0.75,0.14626212769916158,0.21912248768545378,5
10,0.75,0.9680567115073361,-0.23076923076923078,3
10,0.75,0.9826408586840785,0.0,0
10,0.75,0.9826408586840785,0.0,0
10,0.75,0.7615997542394806,-0.38461538461538464,5
10,0.75,0.9826408586840785,-0.6153846153846154,8
10,0.75,0.9826408586840785,0.0,0
10,0.75,0.7637041577312637,-0.07692307692307693,1
10,0.75,0.1222736628243225,-0.14150443205509178,10
10,0.75,0.9826408586840785,0.0,0
10,0.75,0.9680567115073361,-0.5384615384615384,7
10,0.75,0.1222736628243225,-0.0645813551320148,9
10,0.75,0.9826408586840785,0.0,0
10,0.75,0.1689864093151694,0.19639820606944597,5
10,0.75,0.9680567115073361,-0.46153846153846156,6
10,0.75,0.9680567115073361,-0.38461538461538464,5
10,0.75,0.9680567115073361,-0.6153846153846154,8
10,0.75,0.24980936013667854,-0.11519397552129396,8
10,0.75,0.9680567115073361,-0.8461538461538461,11
10,0.75,0.9826408586840785,-0.15384615384615385,2
10,0.75,0.9680567115073361,-0.3076923076923077,4
10,0.75,0.9826408586840785,0.0,0
10,0.75,0.7615997542394806,-0.38461538461538464,5
10,0.75,0.9826408586840785,-0.15384615384615385,2
10,0.75,0.9680567115073361,-0.7692307692307693,10
10,0.75,0.0854565231401131,-0.18161036929395924,11
10,0.75,0.2455785165522859,-0.1878862088599782,9
10,0.75,0.9826408586840785,-0.07692307692307693,1
10,0.75,0.14621142152444744,-0.24236526767829358,11
10,0.75,0.9826408586840785,-0.07692307692307693,1
10,0.75,0.18282774557006898,-0.2789815917239151,11
10,0.75,0.7835724119593105,-0.5384615384615384,7
10,0.75,0.8846850956852224,-0.8461538461538461,11
10,0.75,0.2455785165522859,-0.34173236270613205,11
10,0.75,0.24980936013667854,-0.3459632062905247,11
10,0.75,0.14621142152444744,0.06532704001401413,7
10,0.75,0.9826408586840785,0.0,0
10,0.75,0.7615997542394806,-0.38461538461538464,5
10,0.75,0.9680567115073361,-0.6153846153846154,8
10,0.75,0.16828933816592273,-0.2644431843197689,11
10,0.75,0.9826408586840785,0.0,0
10,0.75,0.9680567115073361,-0.5384615384615384,7
10,0.75,0.9826408586840785,-0.5384615384615384,7
10,0.75,0.9826408586840785,-0.3076923076923077,4
10,0.75,0.9826408586840785,-0.15384615384615385,2
10,0.75,0.18282774557006898,-0.20205851480083825,10
10,0.75,0.2290091161470067,-0.14567578281367333,2
10,0.75,0.0,-0.25,3
10,0.75,0.0,-0.25,3
10,0.75,0.3057912208405609,0.11087544582610581,1
10,0.75,0.3057912208405609,0.11087544582610581,1
10,0.75,0.0,-0.25,3
10,0.75,0.3057912208405609,0.11087544582610581,1
10,0.75,0.5548418449270073,0.19515815507299272,0
10,0.75,0.5548418449270073,0.19515815507299272,0
10,0.75,0.2290091161470067,-0.14567578281367333,2
10,0.75,0.5548418449270073,0.19515815507299272,0
10,0.75,0.5548418449270073,0.19515815507299272,0
10,0.75,0.3057912208405609,0.11087544582610581,1
10,0.75,0.2290091161470067,-0.14567578281367333,2
10,0.75,0.5548418449270073,-0.1381751782603406,1
10,0.75,0.5548418449270073,-0.1381751782603406,1
10,0.75,0.5548418449270073,-0.4715085115936739,2
10,0.75,0.5548418449270073,0.19515815507299272,0
10,0.75,0.5548418449270073,-0.1381751782603406,1
10,0.75,0.3057912208405609,0.11087544582610581,1
10,0.75,0.5548418449270073,0.19515815507299272,0
10,0.75,0.2290091161470067,-0.14567578281367333,2
10,0.75,0.5548418449270073,0.19515815507299272,0
10,0.75,0.3057912208405609,0.11087544582610581,1
10,0.75,0.0,-0.25,3
10,0.75,0.5548418449270073,-0.4715085115936739,2
10,0.75,0.5548418449270073,0.19515815507299272,0
10,0.75,0.0,-0.25,3
10,0.75,0.5548418449270073,-0.1381751782603406,1
10,0.75,0.3057912208405609,0.11087544582610581,1
10,0.75,0.5548418449270073,-0.1381751782603406,1
10,0.75,0.5548418449270073,0.19515815507299272,0
10,0.75,0.5548418449270073,-0.1381751782603406,1
10,0.75,0.5548418449270073,0.19515815507299272,0
10,0.75,0.5548418449270073,0.19515815507299272,0
10,0.75,0.5548418449270073,0.19515815507299272,0
10,0.75,0.3057912208405609,-0.2224578875072275,2
10,0.75,0.0,-0.25,3
10,0.75,0.3057912208405609,0.11087544582610581,1
10,0.75,0.2290091161470067,-0.14567578281367333,2
10,0.75,0.0,-0.25,3
10,0.75,0.0,-0.25,3
10,0.75,0.5548418449270073,-0.1381751782603406,1
10,0.75,0.5548418449270073,-0.1381751782603406,1
10,0.75,0.2290091161470067,-0.14567578281367333,2
10,0.75,0.3057912208405609,0.11087544582610581,1
10,0.75,0.3057912208405609,0.11087544582610581,1
10,0.75,0.3057912208405609,0.11087544582610581,1
10,0.75,0.3057912208405609,0.11087544582610581,1
10,0.75,0.3057912208405609,-0.2224578875072275,2
10,0.75,0.2290091161470067,-0.14567578281367333,2
10,0.75,0.5548418449270073,0.19515815507299272,0
10,0.75,0.2290091161470067,-0.14567578281367333,2
10,0.75,0.5548418449270073,0.19515815507299272,0
10,0.75,0.3057912208405609,0.11087544582610581,1
10,0.75,0.5548418449270073,0.19515815507299272,0
10,0.75,0.3057912208405609,0.11087544582610581,1
10,0.75,0.3057912208405609,0.11087544582610581,1
10,0.75,0.0,-0.25,3
10,0.75,0.5548418449270073,-0.1381751782603406,1
10,0.75,0.5548418449270073,0.19515815507299272,0
10,0.75,0.3057912208405609,0.11087544582610581,1
10,0.75,0.3057912208405609,0.11087544582610581,1
10,0.75,0.2290091161470067,-0.14567578281367333,2
10,0.75,0.2290091161470067,-0.14567578281367333,2
10,0.75,0.3057912208405609,0.11087544582610581,1
10,0.75,0.3057912208405609,-0.2224578875072275,2
10,0.75,0.3057912208405609,0.11087544582610581,1
10,0.75,0.5548418449270073,-0.1381751782603406,1
10,0.75,0.3057912208405609,-0.2224578875072275,2
10,0.75,0.5548418449270073,0.19515815507299272,0
10,0.75,0.2290091161470067,-0.14567578281367333,2
10,0.75,0.3057912208405609,0.11087544582610581,1
10,0.75,0.2290091161470067,-0.14567578281367333,2
10,0.75,0.3057912208405609,0.11087544582610581,1
10,0.75,0.3057912208405609,-0.2224578875072275,2
10,0.75,0.2290091161470067,-0.14567578281367333,2
10,0.75,0.0,-0.25,3
10,0.75,0.3057912208405609,0.11087544582610581,1
10,0.75,0.0,-0.25,3
10,0.75,0.0,-0.25,3
10,0.75,0.3057912208405609,-0.2224578875072275,2
10,0.75,0.0,-0.25,3
10,0.75,0.2290091161470067,-0.14567578281367333,2
10,0.75,0.5548418449270073,0.19515815507299272,0
10,0.75,0.3057912208405609,0.11087544582610581,1
10,0.75,0.3057912208405609,-0.2224578875072275,2
10,0.75,0.5548418449270073,-0.1381751782603406,1
10,0.75,0.3057912208405609,-0.2224578875072275,2
10,0.75,0.3057912208405609,-0.2224578875072275,2
10,0.75,0.5548418449270073,0.19515815507299272,0
10,0.75,0.3057912208405609,0.11087544582610581,1
10,0.75,0.0,-0.25,3
10,0.75,0.2290091161470067,-0.14567578281367333,2
10,0.75,0.0,-0.25,3
10,0.75,0.5548418449270073,0.19515815507299272,0
10,0.75,0.5548418449270073,0.19515815507299272,0
10,0.75,0.5548418449270073,0.19515815507299272,0
10,0.75,0.5548418449270073,-0.1381751782603406,1
10,0.75,0.5548418449270073,0.19515815507299272,0
