epsilon,L0,leakage,utility,mask_size
10,0.25,0.003306804705818678,-0.586640138039152,5
10,0.25,0.0008907266304110095,-0.5842240599637444,5
10,0.25,0.015768127809462573,-0.5991014611427959,5
10,0.25,0.03592524660768637,0.047408086725646975,1
10,0.25,0.03592524660768637,-0.11925857994101968,2
10,0.25,0.015768127809462573,-0.5991014611427959,5
10,0.25,0.009414806213275395,-0.426081472879942,4
10,0.25,0.009414806213275395,-0.426081472879942,4
10,0.25,0.03592524660768637,0.047408086725646975,1
10,0.25,0.051126318247808444,-0.4677929849144751,4
10,0.25,0.05010955345870127,-0.1334428867920346,2
10,0.25,0.03592524660768637,-0.11925857994101968,2
10,0.25,0.03592524660768637,-0.11925857994101968,2
10,0.25,0.22337399647872114,-0.1400406631453878,1
10,0.25,0.051126318247808444,-0.4677929849144751,4
10,0.25,0.22337399647872114,-0.6400406631453878,4
10,0.25,0.22337399647872114,0.026626003521278863,0
10,0.25,0.22337399647872114,-0.1400406631453878,1
10,0.25,0.015768127809462573,-0.5991014611427959,5
10,0.25,0.22337399647872114,0.026626003521278863,0
10,0.25,0.05010955345870127,-0.3001095534587013,3
10,0.25,0.22337399647872114,-0.1400406631453878,1
10,0.25,0.05853885744745513,-0.30853885744745513,3
10,0.25,0.0008907266304110095,-0.5842240599637444,5
10,0.25,0.011469181810646378,-0.428135848477313,4
10,0.25,0.22337399647872114,-0.1400406631453878,1
10,0.25,0.008222647309668152,-0.4248893139763348,4
10,0.25,0.22337399647872114,-0.30670732981205445,2
10,0.25,0.0,-0.5833333333333334,5
10,0.25,0.015768127809462573,-0.5991014611427959,5
10,0.25,0.03592524660768637,0.047408086725646975,1
10,0.25,0.03592524660768637,-0.452591913274353,4
10,0.25,0.22337399647872114,0.026626003521278863,0
10,0.25,0.22337399647872114,0.026626003521278863,0
10,0.25,0.22337399647872114,0.026626003521278863,0
10,0.25,0.22337399647872114,0.026626003521278863,0
10,0.25,0.03592524660768637,0.047408086725646975,1
10,0.25,0.22337399647872114,-0.1400406631453878,1
10,0.25,0.22337399647872114,0.026626003521278863,0
10,0.25,0.22337399647872114,-0.1400406631453878,1
10,0.25,0.22337399647872114,-0.1400406631453878,1
10,0.25,0.009414806213275395,-0.2594148062132754,3
10,0.25,0.03592524660768637,0.047408086725646975,1
10,0.25,0.015768127809462573,-0.5991014611427959,5
10,0.25,0.22337399647872114,0.026626003521278863,0
10,0.25,0.22337399647872114,-0.1400406631453878,1
10,0.25,0.22337399647872114,0.026626003521278863,0
10,0.25,0.03592524660768637,-0.28592524660768637,3
10,0.25,0.003306804705818678,-0.586640138039152,5
10,0.25,0.22337399647872114,0.026626003521278863,0
10,0.25,0.015768127809462573,-0.5991014611427959,5
10,0.25,0.22337399647872114,0.026626003521278863,0
10,0.25,0.03592524660768637,-0.28592524660768637,3
10,0.25,0.22337399647872114,-0.1400406631453878,1
10,0.25,0.22337399647872114,0.026626003521278863,0
10,0.25,0.22337399647872114,0.026626003521278863,0
10,0.25,0.009414806213275395,-0.2594148062132754,3
10,0.25,0.03592524660768637,0.047408086725646975,1
10,0.25,0.003306804705818678,-0.586640138039152,5
10,0.25,0.003609042830710618,-0.586942376164044,5
10,0.25,0.22337399647872114,0.026626003521278863,0
10,0.25,0.05010955345870127,-0.4667762201253679,4
10,0.25,0.0008907266304110095,-0.5842240599637444,5
10,0.25,0.05010955345870127,-0.1334428867920346,2
10,0.25,0.22337399647872114,0.026626003521278863,0
10,0.25,0.015768127809462573,-0.4324347944761292,4
10,0.25,0.03592524660768637,-0.11925857994101968,2
10,0.25,0.003306804705818678,-0.586640138039152,5
10,0.25,0.22337399647872114,0.026626003521278863,0
10,0.25,0.003306804705818678,-0.586640138039152,5
10,0.25,0.03592524660768637,0.047408086725646975,1
10,0.25,0.0,-0.5833333333333334,5
10,0.25,0.22337399647872114,-0.47337399647872114,3
10,0.25,0.05853885744745513,-0.47520552411412176,4
10,0.25,0.22337399647872114,0.026626003521278863,0
10,0.25,0.22337399647872114,-0.1400406631453878,1
10,0.25,0.03592524660768637,0.047408086725646975,1
10,0.25,0.0008907266304110095,-0.5842240599637444,5
10,0.25,0.22337399647872114,-0.47337399647872114,3
10,0.25,0.03592524660768637,-0.28592524660768637,3
10,0.25,0.03592524660768637,-0.11925857994101968,2
10,0.25,0.003609042830710618,-0.586942376164044,5
10,0.25,0.003306804705818678,-0.586640138039152,5
10,0.25,0.051126318247808444,-0.30112631824780844,3
10,0.25,0.22337399647872114,0.026626003521278863,0
10,0.25,0.22337399647872114,0.026626003521278863,0
10,0.25,0.051126318247808444,-0.30112631824780844,3
10,0.25,0.0,-0.41666666666666663,4
10,0.25,0.03592524660768637,-0.11925857994101968,2
10,0.25,0.013132038880604324,-0.2631320388806043,3
10,0.25,0.03592524660768637,-0.11925857994101968,2
10,0.25,0.015768127809462573,-0.5991014611427959,5
10,0.25,0.03592524660768637,-0.11925857994101968,2
10,0.25,0.22337399647872114,0.026626003521278863,0
10,0.25,0.05010955345870127,-0.1334428867920346,2
10,0.25,0.03592524660768637,-0.452591913274353,4
10,0.25,0.22337399647872114,0.026626003521278863,0
10,0.25,0.05010955345870127,-0.3001095534587013,3
10,0.25,0.03592524660768637,-0.28592524660768637,3
10,0.25,0.05010955345870127,-0.3001095534587013,3
10,0.25,0.5468475106079831,-0.3,3
10,0.25,0.37624468341594786,-0.3,3
10,0.25,0.6086948858179753,-0.4,4
10,0.25,0.46992211475481305,-0.6,6
10,0.25,0.0,-0.65,9
10,0.25,0.5422684587046469,-0.5,5
10,0.25,0.3166049127277152,-0.7,7
10,0.25,0.385599188513301,-0.8,8
10,0.25,0.2629936790618288,-0.7,7
10,0.25,0.46992211475481305,-0.6,6
10,0.25,0.44440927545847886,-0.9,9
10,0.25,0.385599188513301,-0.7,7
10,0.25,0.0002521225070323263,-0.6502521225070323,9
10,0.25,0.5422684587046469,-0.3,3
10,0.25,0.5202376749670268,-0.6,6
10,0.25,0.6090400455538584,-0.2,2
10,0.25,0.6623992294064142,-0.1,1
10,0.25,0.24315756576632586,-0.7931575657663259,8
10,0.25,0.24175913958548945,-0.8917591395854895,9
10,0.25,0.44440927545847886,-0.7,7
10,0.25,0.6623992294064142,0.0,0
10,0.25,0.6623992294064142,-0.2,2
10,0.25,0.261836400724347,-0.6,6
10,0.25,0.5468475106079831,-0.3,3
10,0.25,0.24315756576632586,-0.8931575657663259,9
10,0.25,0.6090400455538584,-0.1,1
10,0.25,0.21940735109689347,-0.8694073510968935,9
10,0.25,0.0002521225070323263,-0.6502521225070323,9
10,0.25,0.5422684587046469,-0.2,2
10,0.25,0.261836400724347,-0.8,8
10,0.25,0.5422684587046469,-0.1,1
10,0.25,0.21945273335876703,-0.569452733358767,6
10,0.25,0.0002521225070323263,-0.6502521225070323,9
10,0.25,0.5468475106079831,-0.3,3
10,0.25,0.6086948858179753,-0.4,4
10,0.25,0.24315756576632586,-0.8931575657663259,9
10,0.25,0.44440927545847886,-0.6,6
10,0.25,0.24315756576632586,-0.49315756576632586,5
10,0.25,0.21940735109689347,-0.8694073510968935,9
10,0.25,0.5468475106079831,-0.7,7
10,0.25,0.5860822545816282,-0.3,3
10,0.25,0.385599188513301,-0.7,7
10,0.25,0.261836400724347,-0.7,7
10,0.25,0.5422684587046469,-0.2,2
10,0.25,0.2902622119955647,-0.7,7
10,0.25,0.5422684587046469,-0.1,1
10,0.25,0.0002521225070323263,-0.6502521225070323,9
10,0.25,0.37624468341594786,-0.4,4
10,0.25,0.21945273335876703,-0.7694527333587671,8
10,0.25,0.5860822545816282,-0.5,5
10,0.25,0.6623992294064142,0.0,0
10,0.25,0.5422684587046469,-0.5,5
10,0.25,0.24175913958548945,-0.5917591395854894,6
10,0.25,0.6623992294064142,-0.1,1
10,0.25,0.5202376749670268,-0.8,8
10,0.25,0.6623992294064142,-0.1,1
10,0.25,0.5422684587046469,-0.5,5
10,0.25,0.6623992294064142,-0.2,2
10,0.25,0.6086948858179753,-0.4,4
10,0.25,0.6623992294064142,-0.1,1
10,0.25,0.3592419527878562,-0.7,7
10,0.25,0.3166049127277152,-0.6,6
10,0.25,0.0002521225070323263,-0.6502521225070323,9
10,0.25,0.5202376749670268,-0.7,7
10,0.25,0.6090400455538584,-0.1,1
10,0.25,0.5860822545816282,-0.4,4
10,0.25,0.44440927545847886,-0.8,8
10,0.25,0.0,-0.65,9
10,0.25,0.2629936790618288,-0.5,5
10,0.25,0.6623992294064142,-0.2,2
10,0.25,0.46992211475481305,-0.3,3
10,0.25,0.24315756576632586,-0.8931575657663259,9
10,0.25,0.385599188513301,-0.8,8
10,0.25,0.6090400455538584,-0.1,1
10,0.25,0.26187931623708605,-0.6,6
10,0.25,0.5206608604337979,-0.6,6
10,0.25,0.6086948858179753,-0.5,5
10,0.25,0.5860822545816282,-0.3,3
10,0.25,0.385599188513301,-0.9,9
10,0.25,0.6623992294064142,-0.4,4
10,0.25,0.44440927545847886,-0.8,8
10,0.25,0.6623992294064142,0.0,0
10,0.25,0.44440927545847886,-0.6,6
10,0.25,0.5468475106079831,-0.7,7
10,0.25,0.5202376749670268,-0.7,7
10,0.25,0.44440927545847886,-0.9,9
10,0.25,0.385599188513301,-0.7,7
10,0.25,0.2902622119955647,-0.9,9
10,0.25,0.5422684587046469,-0.3,3
10,0.25,0.5468475106079831,-0.2,2
10,0.25,0.6086948858179753,-0.3,3
10,0.25,0.46992211475481305,-0.5,5
10,0.25,0.261836400724347,-0.6,6
10,0.25,0.6090400455538584,-0.4,4
10,0.25,0.37620841728789634,-0.5,5
10,0.25,0.21940735109689347,-0.8694073510968935,9
10,0.25,0.4694541344903692,-0.4,4
10,0.25,0.14581437163805366,-0.6958143716380537,8
10,0.25,0.6090400455538584,-0.4,4
10,0.25,0.6623992294064142,-0.1,1
10,0.25,0.45189008786881846,-0.3333333333333333,4
10,0.25,0.16194444704879107,-0.49527778038212444,7
10,0.25,0.1272808561207297,-0.46061418945406307,7
10,0.25,0.2776253562934289,-0.25,3
10,0.25,0.054635175434495475,-0.5546351754344955,9
10,0.25,0.1221178441278874,-0.6221178441278874,9
10,0.25,0.021819413594319048,-0.521819413594319,9
10,0.25,0.4598035770969229,-0.16666666666666666,2
10,0.25,0.49122554744404323,0.0,0
10,0.25,0.49122554744404323,-0.08333333333333333,1
10,0.25,0.060532446949075225,-0.5605324469490752,9
10,0.25,0.189147475748339,-0.439147475748339,6
10,0.25,0.4516656596995132,-0.3333333333333333,4
10,0.25,0.06065155781239562,-0.5606515578123956,9
10,0.25,0.060532446949075225,-0.5605324469490752,9
10,0.25,0.0035473236271421626,-0.5035473236271422,9
10,0.25,0.07111755185219637,-0.5711175518521964,9
10,0.25,0.05977918813314009,-0.5597791881331401,9
10,0.25,0.06296199010796566,-0.5629619901079657,9
10,0.25,0.4837492874056374,-0.16666666666666666,2
10,0.25,0.19406315926759576,-0.5273964926009291,7
10,0.25,0.062180243068847285,-0.4788469097355139,8
10,0.25,0.29176047451397824,-0.3333333333333333,4
10,0.25,0.36290951598413357,-0.5,6
10,0.25,0.004139329714880069,-0.5041393297148801,9
10,0.25,0.13970384419931137,-0.6397038441993114,9
10,0.25,0.07375548568242318,-0.4904221523490898,8
10,0.25,0.3534235948150932,-0.4166666666666667,5
10,0.25,0.49122554744404323,-0.16666666666666666,2
10,0.25,0.0717902134289824,-0.5717902134289824,9
10,0.25,0.1030099373101242,-0.5196766039767908,8
10,0.25,0.005352765148951,-0.505352765148951,9
10,0.25,0.49122554744404323,-0.08333333333333333,1
10,0.25,0.12169232869671387,-0.12169232869671387,3
10,0.25,0.15184283489576045,-0.31850950156242713,5
10,0.25,0.22062727320740227,-0.3039606065407356,4
10,0.25,0.014728222626579801,-0.5147282226265798,9
10,0.25,0.00025115948719256487,-0.5002511594871926,9
10,0.25,0.0019216440431841786,-0.5019216440431842,9
10,0.25,0.006459554604498985,-0.506459554604499,9
10,0.25,0.49122554744404323,0.0,0
10,0.25,0.4400981151104615,-0.25,3
10,0.25,0.11252786678133886,-0.44586120011467223,7
10,0.25,0.02942972412329048,-0.1127630574566238,4
10,0.25,0.08099673306275634,-0.08099673306275634,3
10,0.25,0.3254611976649975,-0.4166666666666667,5
10,0.25,0.49122554744404323,0.0,0
10,0.25,0.12957285053823875,-0.21290618387157206,4
10,0.25,0.49122554744404323,0.0,0
10,0.25,0.4837492874056374,-0.25,3
10,0.25,0.0744644746040094,-0.5744644746040094,9
10,0.25,0.3020170857550578,-0.16666666666666666,2
10,0.25,0.055684588438029925,-0.3056845884380299,6
10,0.25,0.3020170857550578,-0.3333333333333333,4
10,0.25,0.3503334421753367,-0.5833333333333334,7
10,0.25,0.057685338454133706,-0.5576853384541337,9
10,0.25,0.4315654865181012,-0.25,3
10,0.25,0.00025115948719256487,-0.5002511594871926,9
10,0.25,0.06427110124881297,-0.564271101248813,9
10,0.25,0.3024230005412476,-0.25,3
10,0.25,0.3814006228815784,-0.16666666666666666,2
10,0.25,0.13081645744363246,-0.21414979077696578,4
10,0.25,0.49122554744404323,0.0,0
10,0.25,0.06668396149951616,-0.5666839614995162,9
10,0.25,0.49122554744404323,0.0,0
10,0.25,0.3527383773688254,-0.25,3
10,0.25,0.49122554744404323,-0.08333333333333333,1
10,0.25,0.18551207205948583,-0.43551207205948583,6
10,0.25,0.29176047451397824,-0.4166666666666667,5
10,0.25,0.2703959767814541,-0.4166666666666667,5
10,0.25,0.23301141288485505,-0.23301141288485505,3
10,0.25,0.49122554744404323,0.0,0
10,0.25,0.06494594038142054,-0.5649459403814205,9
10,0.25,0.08370467084281608,-0.25037133750948276,5
10,0.25,0.11202783203166178,-0.3620278320316618,6
10,0.25,0.14340383413236968,-0.060070500799036336,2
10,0.25,0.11099609170820968,-0.27766275837487636,5
10,0.25,0.2323225451073777,-0.315655878440711,4
10,0.25,0.08761913683384737,-0.504285803500514,8
10,0.25,0.1129678754391773,-0.279634542105844,5
10,0.25,0.016780905492167597,-0.5167809054921676,9
10,0.25,0.0035473236271421626,-0.5035473236271422,9
10,0.25,0.0693127386994904,-0.485979405366157,8
10,0.25,0.006459554604498985,-0.506459554604499,9
10,0.25,0.009814936355965309,-0.5098149363559653,9
10,0.25,0.49122554744404323,0.0,0
10,0.25,0.005352765148951,-0.505352765148951,9
10,0.25,0.06361853925066419,-0.5636185392506642,9
10,0.25,0.06935986502276403,-0.569359865022764,9
10,0.25,0.49122554744404323,0.0,0
10,0.25,0.1185714612084886,-0.451904794541822,7
10,0.25,0.07987552887745841,-0.5798755288774584,9
10,0.25,0.3878268224287339,-0.16666666666666666,2
10,0.25,0.4837492874056374,-0.25,3
10,0.25,0.49122554744404323,0.0,0
10,0.25,0.02243035191528453,-0.5224303519152845,9
10,0.25,0.22062727320740227,-0.38729393987406896,5
10,0.25,0.2776253562934289,-0.25,3
10,0.25,0.08761250721237823,-0.33761250721237823,6
10,0.25,0.14340383413236968,-0.14340383413236968,3
10,0.25,0.9826408586840785,0.0,0
10,0.25,0.9826408586840785,-0.07692307692307693,1
10,0.25,0.9826408586840785,-0.38461538461538464,5
10,0.25,0.0854565231401131,-0.6816103692939592,11
10,0.25,0.9680567115073361,-0.3076923076923077,4
10,0.25,0.9680567115073361,-0.7692307692307693,10
10,0.25,0.9826408586840785,-0.07692307692307693,1
10,0.25,0.11650065212924676,-0.7126544982830929,11
10,0.25,0.9826408586840785,-0.15384615384615385,2
10,0.25,0.9826408586840785,-0.15384615384615385,2
10,0.25,0.9826408586840785,-0.6923076923076923,9
10,0.25,0.9826408586840785,-0.23076923076923078,3
10,0.25,0.9680567115073361,-0.46153846153846156,6
10,0.25,0.14626212769916158,-0.4347236661607,7
10,0.25,0.8846850956852224,-0.8461538461538461,11
10,0.25,0.9826408586840785,-0.15384615384615385,2
10,0.25,0.9826408586840785,0.0,0
10,0.25,0.9680567115073361,-0.6923076923076923,9
10,0.25,0.9826408586840785,-0.07692307692307693,1
10,0.25,0.1222736628243225,-0.7184275089781686,11
10,0.25,0.8846850956852224,-0.7692307692307693,10
10,0.25,0.9826408586840785,-0.15384615384615385,2
10,0.25,0.1222736628243225,-0.7184275089781686,11
10,0.25,0.9826408586840785,-0.07692307692307693,1
10,0.25,0.7637041577312637,-0.38461538461538464,5
10,0.25,0.9826408586840785,-0.7692307692307693,10
10,0.25,0.10449109917159038,-0.7006449453254365,11
10,0.25,0.10474597691629739,-0.7008998230701435,11
10,0.25,0.1689864093151694,-0.30360179393055403,5
10,0.25,0.9826408586840785,-0.5384615384615384,7
10,0.25,0.9826408586840785,0.0,0
10,0.25,0.9826408586840785,-0.23076923076923078,3
10,0.25,0.7637041577312637,-0.38461538461538464,5
10,0.25,0.9680567115073361,-0.46153846153846156,6
10,0.25,0.9826408586840785,0.0,0
10,0.25,0.7637041577312637,-0.6923076923076923,9
10,0.25,0.9826408586840785,-0.6923076923076923,9
10,0.25,0.9826408586840785,-0.23076923076923078,3
10,0.25,0.9826408586840785,0.0,0
10,0.25,0.14621142152444744,-0.4346729599859859,7
10,0.25,0.9826408586840785,-0.5384615384615384,7
10,0.25,0.8846850956852224,-0.6923076923076923,9
10,0.25,0.9680567115073361,-0.38461538461538464,5
10,0.25,0.12535612051410105,-0.7215099666679472,11
10,0.25,0.8846850956852224,-0.7692307692307693,10
10,0.25,0.08907123541814055,-0.6852250815719867,11
10,0.25,0.9826408586840785,-0.38461538461538464,5
10,0.25,0.9826408586840785,-0.07692307692307693,1
10,0.25,0.8846850956852224,-0.7692307692307693,10
10,0.25,0.7637041577312637,-0.15384615384615385,2
10,0.25,0.9826408586840785,-0.07692307692307693,1
10,0.25,0.9680567115073361,-0.8461538461538461,11
10,0.25,0.9680567115073361,-0.3076923076923077,4
10,0.25,0.9826408586840785,-0.15384615384615385,2
10,0.25,0.9680567115073361,-0.38461538461538464,5
10,0.25,0.9826408586840785,-0.15384615384615385,2
10,0.25,0.9826408586840785,0.0,0
10,0.25,0.2455785165522859,-0.5340400550138243,7
10,0.25,0.11650065212924676,-0.558808344436939,9
10,0.25,0.7637041577312637,-0.38461538461538464,5
10,0.25,0.7615997542394806,-0.23076923076923078,3
10,0.25,0.24980936013667854,-0.8459632062905247,11
10,0.25,0.08545657269601781,-0.681610418849864,11
10,0.25,0.9680567115073361,-0.07692307692307693,1
10,0.25,0.9680567115073361,-0.3076923076923077,4
10,0.25,0.7615997542394806,-0.3076923076923077,4
10,0.25,0.9826408586840785,-0.46153846153846156,6
10,0.25,0.9680567115073361,-0.5384615384615384,7
10,0.25,0.9826408586840785,0.0,0
10,0.25,0.9826408586840785,-0.23076923076923078,3
10,0.25,0.9826408586840785,0.0,0
10,0.25,0.9826408586840785,-0.3076923076923077,4
10,0.25,0.12227451160588043,-0.7184283577597266,11
10,0.25,0.9826408586840785,0.0,0
10,0.25,0.9826408586840785,0.0,0
10,0.25,0.0854565231401131,-0.6816103692939592,11
10,0.25,0.8846850956852224,-0.8461538461538461,11
10,0.25,0.9680567115073361,-0.46153846153846156,6
10,0.25,0.7615997542394806,-0.5384615384615384,7
10,0.25,0.9680567115073361,-0.46153846153846156,6
10,0.25,0.9680567115073361,-0.6153846153846154,8
10,0.25,0.9826408586840785,-0.15384615384615385,2
10,0.25,0.9826408586840785,-0.23076923076923078,3
10,0.25,0.9826408586840785,-0.07692307692307693,1
10,0.25,0.9826408586840785,-0.07692307692307693,1
10,0.25,0.08907123541814055,-0.6852250815719867,11
10,0.25,0.24980936013667854,-0.7690401293674478,10
10,0.25,0.23553045167227926,-0.6778381439799716,9
10,0.25,0.9680567115073361,-0.38461538461538464,5
10,0.25,0.9680567115073361,-0.8461538461538461,11
10,0.25,0.9826408586840785,0.0,0
10,0.25,0.9826408586840785,-0.5384615384615384,7
10,0.25,0.0854565231401131,-0.6816103692939592,11
10,0.25,0.9680567115073361,-0.38461538461538464,5
10,0.25,0.7835724119593105,-0.46153846153846156,6
10,0.25,0.9826408586840785,0.0,0
10,0.25,0.9826408586840785,-0.15384615384615385,2
10,0.25,0.9826408586840785,-0.07692307692307693,1
10,0.25,0.9680567115073361,-0.3076923076923077,4
10,0.25,0.9826408586840785,-0.3076923076923077,4
10,0.25,0.3057912208405609,-0.6666666666666666,2
10,0.25,0.5548418449270073,0.0,0
10,0.25,0.3057912208405609,-0.3333333333333333,1
10,0.25,0.5548418449270073,0.0,0
10,0.25,0.5548418449270073,0.0,0
10,0.25,0.0,-0.75,3
10,0.25,0.3057912208405609,-0.6666666666666666,2
10,0.25,0.5548418449270073,-0.3333333333333333,1
10,0.25,0.5548418449270073,-0.6666666666666666,2
10,0.25,0.3057912208405609,-0.6666666666666666,2
10,0.25,0.0,-0.75,3
10,0.25,0.5548418449270073,0.0,0
10,0.25,0.5548418449270073,0.0,0
10,0.25,0.0,-0.75,3
10,0.25,0.3057912208405609,-0.3333333333333333,1
10,0.25,0.0,-0.75,3
10,0.25,0.5548418449270073,-0.3333333333333333,1
10,0.25,0.5548418449270073,-0.3333333333333333,1
10,0.25,0.0,-0.75,3
10,0.25,0.0,-0.75,3
10,0.25,0.3057912208405609,-0.3333333333333333,1
10,0.25,0.5548418449270073,0.0,0
10,0.25,0.5548418449270073,0.0,0
10,0.25,0.5548418449270073,-0.3333333333333333,1
10,0.25,0.5548418449270073,0.0,0
10,0.25,0.5548418449270073,-0.3333333333333333,1
10,0.25,0.5548418449270073,-0.3333333333333333,1
10,0.25,0.5548418449270073,0.0,0
10,0.25,0.5548418449270073,0.0,0
10,0.25,0.5548418449270073,-0.3333333333333333,1
10,0.25,0.5548418449270073,0.0,0
10,0.25,0.5548418449270073,-0.3333333333333333,1
10,0.25,0.3057912208405609,-0.3333333333333333,1
10,0.25,0.5548418449270073,-0.6666666666666666,2
10,0.25,0.0,-0.75,3
10,0.25,0.2290091161470067,-0.6456757828136733,2
10,0.25,0.5548418449270073,0.0,0
10,0.25,0.5548418449270073,0.0,0
10,0.25,0.5548418449270073,0.0,0
10,0.25,0.5548418449270073,-0.3333333333333333,1
10,0.25,0.3057912208405609,-0.6666666666666666,2
10,0.25,0.3057912208405609,-0.6666666666666666,2
10,0.25,0.3057912208405609,-0.6666666666666666,2
10,0.25,0.5548418449270073,-0.3333333333333333,1
10,0.25,0.3057912208405609,-0.6666666666666666,2
10,0.25,0.3057912208405609,-0.3333333333333333,1
10,0.25,0.5548418449270073,0.0,0
10,0.25,0.5548418449270073,0.0,0
10,0.25,0.5548418449270073,0.0,0
10,0.25,0.5548418449270073,0.0,0
10,0.25,0.2290091161470067,-0.6456757828136733,2
10,0.25,0.0,-0.75,3
10,0.25,0.5548418449270073,0.0,0
10,0.25,0.0,-0.75,3
10,0.25,0.3057912208405609,-0.3333333333333333,1
10,0.25,0.5548418449270073,-0.3333333333333333,1
10,0.25,0.5548418449270073,-0.3333333333333333,1
10,0.25,0.5548418449270073,0.0,0
10,0.25,0.0,-0.75,3
10,0.25,0.5548418449270073,-0.3333333333333333,1
10,0.25,0.5548418449270073,-0.3333333333333333,1
10,0.25,0.0,-0.75,3
10,0.25,0.5548418449270073,0.0,0
10,0.25,0.3057912208405609,-0.6666666666666666,2
10,0.25,0.5548418449270073,0.0,0
10,0.25,0.5548418449270073,0.0,0
10,0.25,0.2290091161470067,-0.6456757828136733,2
10,0.25,0.0,-0.75,3
10,0.25,0.5548418449270073,-0.6666666666666666,2
10,0.25,0.3057912208405609,-0.6666666666666666,2
10,0.25,0.5548418449270073,0.0,0
10,0.25,0.3057912208405609,-0.3333333333333333,1
10,0.25,0.5548418449270073,0.0,0
10,0.25,0.5548418449270073,-0.3333333333333333,1
10,0.25,0.3057912208405609,-0.3333333333333333,1
10,0.25,0.5548418449270073,-0.3333333333333333,1
10,0.25,0.3057912208405609,-0.3333333333333333,1
10,0.25,0.3057912208405609,-0.6666666666666666,2
10,0.25,0.3057912208405609,-0.6666666666666666,2
10,0.25,0.5548418449270073,0.0,0
10,0.25,0.3057912208405609,-0.6666666666666666,2
10,0.25,0.2290091161470067,-0.6456757828136733,2
10,0.25,0.5548418449270073,-0.3333333333333333,1
10,0.25,0.5548418449270073,-0.3333333333333333,1
10,0.25,0.2290091161470067,-0.6456757828136733,2
10,0.25,0.0,-0.75,3
10,0.25,0.5548418449270073,-0.6666666666666666,2
10,0.25,0.5548418449270073,-0.3333333333333333,1
10,0.25,0.5548418449270073,0.0,0
10,0.25,0.5548418449270073,0.0,0
10,0.25,0.5548418449270073,-0.6666666666666666,2
10,0.25,0.5548418449270073,-0.6666666666666666,2
10,0.25,0.0,-0.75,3
10,0.25,0.5548418449270073,-0.6666666666666666,2
10,0.25,0.5548418449270073,0.0,0
10,0.25,0.5548418449270073,-0.3333333333333333,1
10,0.25,0.3057912208405609,-0.6666666666666666,2
10,0.25,0.3057912208405609,-0.6666666666666666,2
10,0.25,0.3057912208405609,-0.6666666666666666,2
10,0.25,0.3057912208405609,-0.3333333333333333,1
