epsilon,L0,leakage,utility,mask_size
1,0.25,0.22337399647872114,0.026626003521278863,0
1,0.25,0.22337399647872114,0.026626003521278863,0
1,0.25,0.22337399647872114,0.026626003521278863,0
1,0.25,0.003306804705818678,-0.586640138039152,5
1,0.25,0.03592524660768637,-0.28592524660768637,3
1,0.25,0.0,-0.5833333333333334,5
1,0.25,0.003609042830710618,-0.586942376164044,5
1,0.25,0.05010955345870127,-0.3001095534587013,3
1,0.25,0.05010955345870127,-0.1334428867920346,2
1,0.25,0.003609042830710618,-0.586942376164044,5
1,0.25,0.03592524660768637,0.047408086725646975,1
1,0.25,0.003306804705818678,-0.586640138039152,5
1,0.25,0.22337399647872114,-0.30670732981205445,2
1,0.25,0.009414806213275395,-0.426081472879942,4
1,0.25,0.0008907266304110095,-0.5842240599637444,5
1,0.25,0.22337399647872114,-0.47337399647872114,3
1,0.25,0.22337399647872114,-0.1400406631453878,1
1,0.25,0.03592524660768637,0.047408086725646975,1
1,0.25,0.015768127809462573,-0.5991014611427959,5
1,0.25,0.0008907266304110095,-0.5842240599637444,5
1,0.25,0.22337399647872114,-0.1400406631453878,1
1,0.25,0.22337399647872114,-0.30670732981205445,2
1,0.25,0.011469181810646378,-0.428135848477313,4
1,0.25,0.22337399647872114,-0.1400406631453878,1
1,0.25,0.22337399647872114,0.026626003521278863,0
1,0.25,0.0,-0.5833333333333334,5
1,0.25,0.003609042830710618,-0.586942376164044,5
1,0.25,0.03592524660768637,-0.28592524660768637,3
1,0.25,0.003609042830710618,-0.586942376164044,5
1,0.25,0.22337399647872114,0.026626003521278863,0
1,0.25,0.0,-0.5833333333333334,5
1,0.25,0.03592524660768637,-0.11925857994101968,2
1,0.25,0.22337399647872114,-0.47337399647872114,3
1,0.25,0.22337399647872114,0.026626003521278863,0
1,0.25,0.03592524660768637,-0.11925857994101968,2
1,0.25,0.03592524660768637,0.047408086725646975,1
1,0.25,0.05010955345870127,-0.3001095534587013,3
1,0.25,0.003306804705818678,-0.586640138039152,5
1,0.25,0.03592524660768637,-0.11925857994101968,2
1,0.25,0.03592524660768637,-0.28592524660768637,3
1,0.25,0.0,-0.41666666666666663,4
1,0.25,0.05010955345870127,-0.3001095534587013,3
1,0.25,0.0,-0.41666666666666663,4
1,0.25,0.05010955345870127,-0.1334428867920346,2
1,0.25,0.015768127809462573,-0.5991014611427959,5
1,0.25,0.03592524660768637,0.047408086725646975,1
1,0.25,0.22337399647872114,0.026626003521278863,0
1,0.25,0.22337399647872114,0.026626003521278863,0
1,0.25,0.03592524660768637,-0.28592524660768637,3
1,0.25,0.22337399647872114,-0.1400406631453878,1
1,0.25,0.05010955345870127,-0.4667762201253679,4
1,0.25,0.22337399647872114,-0.1400406631453878,1
1,0.25,0.03592524660768637,-0.11925857994101968,2
1,0.25,0.22337399647872114,-0.1400406631453878,1
1,0.25,0.0008907266304110095,-0.5842240599637444,5
1,0.25,0.03592524660768637,0.047408086725646975,1
1,0.25,0.22337399647872114,0.026626003521278863,0
1,0.25,0.003306804705818678,-0.586640138039152,5
1,0.25,0.22337399647872114,-0.6400406631453878,4
1,0.25,0.03592524660768637,-0.11925857994101968,2
1,0.25,0.0008907266304110095,-0.5842240599637444,5
1,0.25,0.0,-0.5833333333333334,5
1,0.25,0.03592524660768637,-0.11925857994101968,2
1,0.25,0.015768127809462573,-0.5991014611427959,5
1,0.25,0.051126318247808444,-0.30112631824780844,3
1,0.25,0.22337399647872114,0.026626003521278863,0
1,0.25,0.22337399647872114,-0.6400406631453878,4
1,0.25,0.22337399647872114,-0.1400406631453878,1
1,0.25,0.22337399647872114,-0.30670732981205445,2
1,0.25,0.03592524660768637,-0.28592524660768637,3
1,0.25,0.03592524660768637,0.047408086725646975,1
1,0.25,0.015768127809462573,-0.5991014611427959,5
1,0.25,0.03592524660768637,-0.11925857994101968,2
1,0.25,0.22337399647872114,-0.1400406631453878,1
1,0.25,0.015768127809462573,-0.5991014611427959,5
1,0.25,0.0,-0.5833333333333334,5
1,0.25,0.22337399647872114,-0.30670732981205445,2
1,0.25,0.22337399647872114,-0.1400406631453878,1
1,0.25,0.05010955345870127,-0.1334428867920346,2
1,0.25,0.03592524660768637,-0.11925857994101968,2
1,0.25,0.22337399647872114,-0.1400406631453878,1
1,0.25,0.03592524660768637,-0.28592524660768637,3
1,0.25,0.03592524660768637,0.047408086725646975,1
1,0.25,0.015768127809462573,-0.5991014611427959,5
1,0.25,0.051126318247808444,-0.4677929849144751,4
1,0.25,0.013132038880604324,-0.2631320388806043,3
1,0.25,0.03592524660768637,0.047408086725646975,1
1,0.25,0.22337399647872114,-0.30670732981205445,2
1,0.25,0.0008907266304110095,-0.5842240599637444,5
1,0.25,0.03592524660768637,-0.452591913274353,4
1,0.25,0.015768127809462573,-0.5991014611427959,5
1,0.25,0.004612425044516089,-0.4212790917111827,4
1,0.25,0.003609042830710618,-0.586942376164044,5
1,0.25,0.009414806213275395,-0.2594148062132754,3
1,0.25,0.003306804705818678,-0.586640138039152,5
1,0.25,0.0,-0.5833333333333334,5
1,0.25,0.05010955345870127,-0.3001095534587013,3
1,0.25,0.22337399647872114,-0.1400406631453878,1
1,0.25,0.03592524660768637,-0.28592524660768637,3
1,0.25,0.03592524660768637,-0.452591913274353,4
1,0.25,0.2902622119955647,-0.9,9
1,0.25,0.44440927545847886,-0.6,6
1,0.25,0.5202376749670268,-0.5,5
1,0.25,0.46992211475481305,-0.6,6
1,0.25,0.6623992294064142,0.0,0
1,0.25,0.6623992294064142,0.0,0
1,0.25,0.24175913958548945,-0.8917591395854895,9
1,0.25,0.5202376749670268,-0.4,4
1,0.25,0.5422684587046469,-0.3,3
1,0.25,0.385599188513301,-0.8,8
1,0.25,0.46992211475481305,-0.4,4
1,0.25,0.4694541344903692,-0.3,3
1,0.25,0.6623992294064142,-0.1,1
1,0.25,0.385599188513301,-0.5,5
1,0.25,0.6090400455538584,-0.3,3
1,0.25,0.3166049127277152,-0.7,7
1,0.25,0.261836400724347,-0.8,8
1,0.25,0.6623992294064142,-0.1,1
1,0.25,0.5468475106079831,-0.6,6
1,0.25,0.5422684587046469,-0.7,7
1,0.25,0.5422684587046469,-0.5,5
1,0.25,0.44440927545847886,-0.7,7
1,0.25,0.385599188513301,-0.9,9
1,0.25,0.385599188513301,-0.9,9
1,0.25,0.0002521225070323263,-0.6502521225070323,9
1,0.25,0.6090400455538584,-0.2,2
1,0.25,0.26187931623708605,-0.5,5
1,0.25,0.5202376749670268,-0.2,2
1,0.25,0.5468475106079831,-0.4,4
1,0.25,0.6623992294064142,-0.1,1
1,0.25,0.44440927545847886,-0.9,9
1,0.25,0.5202376749670268,-0.5,5
1,0.25,0.385599188513301,-0.6,6
1,0.25,0.44440927545847886,-0.6,6
1,0.25,0.6623992294064142,0.0,0
1,0.25,0.6623992294064142,0.0,0
1,0.25,0.3166049127277152,-0.5,5
1,0.25,0.6623992294064142,0.0,0
1,0.25,0.5468475106079831,-0.3,3
1,0.25,0.5422684587046469,-0.2,2
1,0.25,0.21940735109689347,-0.8694073510968935,9
1,0.25,0.385599188513301,-0.9,9
1,0.25,0.6086948858179753,-0.2,2
1,0.25,0.3166049127277152,-0.6,6
1,0.25,0.0002521225070323263,-0.6502521225070323,9
1,0.25,0.4694541344903692,-0.2,2
1,0.25,0.24175913958548945,-0.8917591395854895,9
1,0.25,0.6623992294064142,0.0,0
1,0.25,0.14559895790530974,-0.7955989579053098,9
1,0.25,0.6623992294064142,-0.2,2
1,0.25,0.2902622119955647,-0.8,8
1,0.25,0.6623992294064142,-0.3,3
1,0.25,0.6086948858179753,-0.3,3
1,0.25,0.6623992294064142,0.0,0
1,0.25,0.5860822545816282,-0.1,1
1,0.25,0.21940735109689347,-0.8694073510968935,9
1,0.25,0.5202376749670268,-0.4,4
1,0.25,0.6623992294064142,0.0,0
1,0.25,0.46992211475481305,-0.8,8
1,0.25,0.21940735109689347,-0.8694073510968935,9
1,0.25,0.26303652729247295,-0.4,4
1,0.25,0.6623992294064142,-0.3,3
1,0.25,0.24175913958548945,-0.8917591395854895,9
1,0.25,0.37620841728789634,-0.5,5
1,0.25,0.6090400455538584,-0.3,3
1,0.25,0.6623992294064142,-0.1,1
1,0.25,0.21940735109689347,-0.8694073510968935,9
1,0.25,0.46992211475481305,-0.5,5
1,0.25,0.6623992294064142,-0.1,1
1,0.25,0.6623992294064142,0.0,0
1,0.25,0.6623992294064142,0.0,0
1,0.25,0.24175913958548945,-0.8917591395854895,9
1,0.25,0.385599188513301,-0.9,9
1,0.25,0.5468475106079831,-0.4,4
1,0.25,0.5422684587046469,-0.5,5
1,0.25,0.24315756576632586,-0.5931575657663258,6
1,0.25,0.5202376749670268,-0.6,6
1,0.25,0.6623992294064142,0.0,0
1,0.25,0.6086948858179753,-0.1,1
1,0.25,0.1455166996776397,-0.6955166996776397,8
1,0.25,0.6086948858179753,-0.4,4
1,0.25,0.5206608604337979,-0.3,3
1,0.25,0.6086948858179753,-0.3,3
1,0.25,0.6623992294064142,0.0,0
1,0.25,0.0002521225070323263,-0.6502521225070323,9
1,0.25,0.0,-0.65,9
1,0.25,0.0002521225070323263,-0.6502521225070323,9
1,0.25,0.5206608604337979,-0.7,7
1,0.25,0.0002521225070323263,-0.6502521225070323,9
1,0.25,0.5202376749670268,-0.6,6
1,0.25,0.6623992294064142,0.0,0
1,0.25,0.5202376749670268,-0.5,5
1,0.25,0.5202376749670268,-0.3,3
1,0.25,0.5860822545816282,-0.1,1
1,0.25,0.6623992294064142,-0.4,4
1,0.25,0.46992211475481305,-0.3,3
1,0.25,0.019231040185319626,-0.5692310401853197,8
1,0.25,0.385599188513301,-0.9,9
1,0.25,0.5860822545816282,-0.2,2
1,0.25,0.6623992294064142,-0.1,1
1,0.25,0.06443486756484917,-0.5644348675648492,9
1,0.25,0.14340383413236968,-0.14340383413236968,3
1,0.25,0.2589095784421014,-0.4166666666666667,5
1,0.25,0.0703398184744698,-0.40367315180780317,7
1,0.25,0.4598035770969229,-0.08333333333333333,1
1,0.25,0.39669221622365947,-0.08333333333333333,1
1,0.25,0.49122554744404323,-0.08333333333333333,1
1,0.25,0.3553620079404467,-0.5,6
1,0.25,0.12688410677337847,-0.6268841067733785,9
1,0.25,0.39669221622365947,-0.16666666666666666,2
1,0.25,0.49122554744404323,-0.08333333333333333,1
1,0.25,0.01239916718484746,-0.5123991671848475,9
1,0.25,0.005503147537636699,-0.42216981420430333,8
1,0.25,0.3127050815561151,-0.5,6
1,0.25,0.04616327610662618,-0.5461632761066262,9
1,0.25,0.002596326839013008,-0.502596326839013,9
1,0.25,0.2214569310296154,-0.3047902643629487,4
1,0.25,0.05977918813314009,-0.5597791881331401,9
1,0.25,0.40007302012169177,-0.5,6
1,0.25,0.08570084578056025,-0.5857008457805603,9
1,0.25,0.05994953627075106,-0.5599495362707511,9
1,0.25,0.49122554744404323,0.0,0
1,0.25,0.04616327610662618,-0.5461632761066262,9
1,0.25,0.06590522876458327,-0.5659052287645833,9
1,0.25,0.4400981151104615,-0.16666666666666666,2
1,0.25,0.05206069019624504,-0.552060690196245,9
1,0.25,0.07153923200392931,-0.48820589867059594,8
1,0.25,0.022662624511418872,-0.5226626245114189,9
1,0.25,0.024683879641559492,-0.5246838796415595,9
1,0.25,0.06443486756484917,-0.5644348675648492,9
1,0.25,0.02385252830691087,-0.35718586164024424,7
1,0.25,0.39669221622365947,-0.16666666666666666,2
1,0.25,0.06033751381858343,-0.31033751381858343,6
1,0.25,0.010070937494248366,-0.426737604160915,8
1,0.25,0.38294606298546985,-0.25,3
1,0.25,0.04088153160590102,-0.45754819827256765,8
1,0.25,0.06590522876458327,-0.5659052287645833,9
1,0.25,0.05977918813314009,-0.5597791881331401,9
1,0.25,0.006707805661255728,-0.3400411389945891,7
1,0.25,0.07784947480333171,-0.49451614146999834,8
1,0.25,0.020981614942659488,-0.2709816149426595,6
1,0.25,0.00020847497522136216,-0.5002084749752214,9
1,0.25,0.38294606298546985,-0.25,3
1,0.25,0.014765309724505515,-0.5147653097245055,9
1,0.25,0.11304793775815403,-0.2797146044248207,5
1,0.25,0.49122554744404323,0.0,0
1,0.25,0.49122554744404323,-0.08333333333333333,1
1,0.25,0.020597056640320965,-0.4372637233069876,8
1,0.25,0.32444651454395557,-0.25,3
1,0.25,0.09211006499624186,-0.42544339832957523,7
1,0.25,0.16032308439162912,-0.4103230843916291,6
1,0.25,0.3158528728505817,-0.3333333333333333,4
1,0.25,0.0039926715069840135,-0.503992671506984,9
1,0.25,0.3814006228815784,-0.25,3
1,0.25,0.06714669956426,-0.4004800328975934,7
1,0.25,0.06661595204968085,-0.31661595204968085,6
1,0.25,0.006459554604498985,-0.506459554604499,9
1,0.25,0.014728222626579801,-0.5147282226265798,9
1,0.25,0.06443486756484917,-0.5644348675648492,9
1,0.25,0.06427110124881297,-0.4809377679154796,8
1,0.25,0.4051992891313526,-0.25,3
1,0.25,0.14401198888757627,-0.6440119888875763,9
1,0.25,0.05425711188419935,-0.5542571118841993,9
1,0.25,0.11252786678133886,-0.6125278667813389,9
1,0.25,0.39669221622365947,-0.08333333333333333,1
1,0.25,0.053841926184199806,-0.5538419261841998,9
1,0.25,0.0018757367873272202,-0.5018757367873272,9
1,0.25,0.35051889418506144,-0.5833333333333334,7
1,0.25,0.49122554744404323,-0.08333333333333333,1
1,0.25,0.07111755185219637,-0.5711175518521964,9
1,0.25,0.3164043770588604,-0.4166666666666667,5
1,0.25,0.49122554744404323,0.0,0
1,0.25,0.2776253562934289,-0.25,3
1,0.25,0.49122554744404323,0.0,0
1,0.25,0.27259063618302604,-0.3333333333333333,4
1,0.25,0.49122554744404323,0.0,0
1,0.25,0.008839927559450844,-0.5088399275594508,9
1,0.25,0.34116054571160237,-0.25,3
1,0.25,0.008031918744145772,-0.4246985854108124,8
1,0.25,0.49122554744404323,0.0,0
1,0.25,0.013758463735374593,-0.34709179706870796,7
1,0.25,0.053841926184199806,-0.5538419261841998,9
1,0.25,0.022357120470564373,-0.5223571204705644,9
1,0.25,0.06982737197958666,-0.23649403864625335,5
1,0.25,0.4837492874056374,-0.08333333333333333,1
1,0.25,0.22330025496510864,-0.47330025496510864,6
1,0.25,0.4598035770969229,-0.3333333333333333,4
1,0.25,0.49122554744404323,-0.16666666666666666,2
1,0.25,0.35439230347354134,-0.3333333333333333,4
1,0.25,0.49122554744404323,0.0,0
1,0.25,0.35439230347354134,-0.3333333333333333,4
1,0.25,0.08329862844495006,-0.08329862844495006,3
1,0.25,0.35464560040552584,-0.25,3
1,0.25,0.01645987618650635,-0.5164598761865064,9
1,0.25,0.17276835175556493,-0.5061016850888983,7
1,0.25,0.02502299289530574,-0.5250229928953057,9
1,0.25,0.49122554744404323,0.0,0
1,0.25,0.4400981151104615,-0.25,3
1,0.25,0.0035473236271421626,-0.5035473236271422,9
1,0.25,0.3814006228815784,-0.16666666666666666,2
1,0.25,0.9826408586840785,0.0,0
1,0.25,0.1222736628243225,-0.4876582782089379,8
1,0.25,0.9826408586840785,-0.15384615384615385,2
1,0.25,0.9680567115073361,-0.7692307692307693,10
1,0.25,0.9680567115073361,-0.15384615384615385,2
1,0.25,0.9826408586840785,-0.07692307692307693,1
1,0.25,0.14626212769916158,-0.5885698200068539,9
1,0.25,0.8846850956852224,-0.7692307692307693,10
1,0.25,0.9826408586840785,-0.07692307692307693,1
1,0.25,0.14210089823029137,-0.6613316674610606,10
1,0.25,0.9680567115073361,-0.15384615384615385,2
1,0.25,0.9826408586840785,-0.46153846153846156,6
1,0.25,0.08907123541814055,-0.6852250815719867,11
1,0.25,0.7615997542394806,-0.38461538461538464,5
1,0.25,0.13860775127558567,-0.7347615974294318,11
1,0.25,0.9680567115073361,-0.7692307692307693,10
1,0.25,0.9680567115073361,-0.5384615384615384,7
1,0.25,0.7637041577312637,-0.23076923076923078,3
1,0.25,0.9680567115073361,-0.8461538461538461,11
1,0.25,0.7615997542394806,-0.46153846153846156,6
1,0.25,0.7637041577312637,-0.15384615384615385,2
1,0.25,0.9826408586840785,-0.07692307692307693,1
1,0.25,0.08907123541814055,-0.6852250815719867,11
1,0.25,0.9680567115073361,-0.8461538461538461,11
1,0.25,0.9826408586840785,-0.46153846153846156,6
1,0.25,0.9680567115073361,-0.46153846153846156,6
1,0.25,0.9826408586840785,-0.07692307692307693,1
1,0.25,0.9680567115073361,-0.3076923076923077,4
1,0.25,0.9826408586840785,-0.07692307692307693,1
1,0.25,0.7637041577312637,-0.6923076923076923,9
1,0.25,0.08545666250838424,-0.6816105086622304,11
1,0.25,0.14621142152444744,-0.7423652676782936,11
1,0.25,0.7615997542394806,-0.23076923076923078,3
1,0.25,0.1689864093151694,-0.30360179393055403,5
1,0.25,0.9826408586840785,-0.23076923076923078,3
1,0.25,0.9680567115073361,-0.15384615384615385,2
1,0.25,0.12535612051410105,-0.7215099666679472,11
1,0.25,0.9680567115073361,-0.7692307692307693,10
1,0.25,0.7835724119593105,-0.38461538461538464,5
1,0.25,0.9826408586840785,0.0,0
1,0.25,0.9826408586840785,-0.5384615384615384,7
1,0.25,0.7615997542394806,-0.38461538461538464,5
1,0.25,0.7637041577312637,-0.07692307692307693,1
1,0.25,0.9826408586840785,-0.6153846153846154,8
1,0.25,0.9826408586840785,-0.15384615384615385,2
1,0.25,0.9680567115073361,-0.5384615384615384,7
1,0.25,0.8846850956852224,-0.7692307692307693,10
1,0.25,0.1253569663148515,-0.7215108124686976,11
1,0.25,0.10454892525710613,-0.6237796944878754,10
1,0.25,0.8846850956852224,-0.8461538461538461,11
1,0.25,0.12227451160588043,-0.7184283577597266,11
1,0.25,0.7637041577312637,-0.07692307692307693,1
1,0.25,0.8846850956852224,-0.7692307692307693,10
1,0.25,0.9826408586840785,0.0,0
1,0.25,0.2455785165522859,-0.841732362706132,11
1,0.25,0.1689864093151694,-0.38052487085363096,6
1,0.25,0.1253569663148515,-0.7215108124686976,11
1,0.25,0.9680567115073361,-0.3076923076923077,4
1,0.25,0.9680567115073361,-0.6923076923076923,9
1,0.25,0.9826408586840785,-0.15384615384615385,2
1,0.25,0.7615997542394806,-0.15384615384615385,2
1,0.25,0.9680567115073361,-0.38461538461538464,5
1,0.25,0.16828933816592273,-0.7644431843197689,11
1,0.25,0.14967373381862104,-0.6689045030493903,10
1,0.25,0.7637041577312637,-0.5384615384615384,7
1,0.25,0.9826408586840785,0.0,0
1,0.25,0.9826408586840785,-0.15384615384615385,2
1,0.25,0.10448995667162086,-0.700643802825467,11
1,0.25,0.7637041577312637,-0.6153846153846154,8
1,0.25,0.9826408586840785,-0.07692307692307693,1
1,0.25,0.24980936013667854,-0.8459632062905247,11
1,0.25,0.8846850956852224,-0.8461538461538461,11
1,0.25,0.9826408586840785,-0.8461538461538461,11
1,0.25,0.8846850956852224,-0.6153846153846154,8
1,0.25,0.9826408586840785,-0.07692307692307693,1
1,0.25,0.14621142152444744,-0.357749883062909,6
1,0.25,0.9826408586840785,0.0,0
1,0.25,0.9826408586840785,0.0,0
1,0.25,0.18282774557006898,-0.7789815917239151,11
1,0.25,0.9826408586840785,0.0,0
1,0.25,0.9680567115073361,-0.8461538461538461,11
1,0.25,0.9680567115073361,-0.46153846153846156,6
1,0.25,0.8846850956852224,-0.8461538461538461,11
1,0.25,0.9826408586840785,0.0,0
1,0.25,0.08545657269601781,-0.681610418849864,11
1,0.25,0.12535612051410105,-0.7215099666679472,11
1,0.25,0.9826408586840785,-0.38461538461538464,5
1,0.25,0.13860775127558567,-0.580915443583278,9
1,0.25,0.9826408586840785,-0.07692307692307693,1
1,0.25,0.8846850956852224,-0.46153846153846156,6
1,0.25,0.9826408586840785,0.0,0
1,0.25,0.08907123541814055,-0.6852250815719867,11
1,0.25,0.9680567115073361,-0.6153846153846154,8
1,0.25,0.8846850956852224,-0.8461538461538461,11
1,0.25,0.08941260736401113,-0.37787414582554957,7
1,0.25,0.9826408586840785,-0.3076923076923077,4
1,0.25,0.9680567115073361,-0.38461538461538464,5
1,0.25,0.8846850956852224,-0.8461538461538461,11
1,0.25,0.14626212769916158,-0.4347236661607,7
1,0.25,0.2455785165522859,-0.7648092857830552,10
1,0.25,0.0,-0.75,3
1,0.25,0.5548418449270073,0.0,0
1,0.25,0.0,-0.75,3
1,0.25,0.2290091161470067,-0.6456757828136733,2
1,0.25,0.5548418449270073,-0.6666666666666666,2
1,0.25,0.3057912208405609,-0.6666666666666666,2
1,0.25,0.0,-0.75,3
1,0.25,0.0,-0.75,3
1,0.25,0.2290091161470067,-0.6456757828136733,2
1,0.25,0.0,-0.75,3
1,0.25,0.0,-0.75,3
1,0.25,0.5548418449270073,0.0,0
1,0.25,0.5548418449270073,0.0,0
1,0.25,0.5548418449270073,-0.3333333333333333,1
1,0.25,0.5548418449270073,0.0,0
1,0.25,0.0,-0.75,3
1,0.25,0.5548418449270073,0.0,0
1,0.25,0.5548418449270073,-0.3333333333333333,1
1,0.25,0.3057912208405609,-0.6666666666666666,2
1,0.25,0.0,-0.75,3
1,0.25,0.5548418449270073,0.0,0
1,0.25,0.5548418449270073,-0.6666666666666666,2
1,0.25,0.0,-0.75,3
1,0.25,0.5548418449270073,-0.3333333333333333,1
1,0.25,0.5548418449270073,-0.6666666666666666,2
1,0.25,0.0,-0.75,3
1,0.25,0.5548418449270073,0.0,0
1,0.25,0.5548418449270073,0.0,0
1,0.25,0.5548418449270073,0.0,0
1,0.25,0.2290091161470067,-0.6456757828136733,2
1,0.25,0.5548418449270073,0.0,0
1,0.25,0.5548418449270073,-0.3333333333333333,1
1,0.25,0.5548418449270073,0.0,0
1,0.25,0.3057912208405609,-0.6666666666666666,2
1,0.25,0.5548418449270073,0.0,0
1,0.25,0.0,-0.75,3
1,0.25,0.5548418449270073,0.0,0
1,0.25,0.3057912208405609,-0.3333333333333333,1
1,0.25,0.5548418449270073,-0.3333333333333333,1
1,0.25,0.5548418449270073,-0.6666666666666666,2
1,0.25,0.5548418449270073,0.0,0
1,0.25,0.0,-0.75,3
1,0.25,0.2290091161470067,-0.6456757828136733,2
1,0.25,0.2290091161470067,-0.6456757828136733,2
1,0.25,0.2290091161470067,-0.6456757828136733,2
1,0.25,0.5548418449270073,-0.3333333333333333,1
1,0.25,0.5548418449270073,-0.3333333333333333,1
1,0.25,0.5548418449270073,0.0,0
1,0.25,0.3057912208405609,-0.6666666666666666,2
1,0.25,0.5548418449270073,-0.3333333333333333,1
1,0.25,0.5548418449270073,0.0,0
1,0.25,0.5548418449270073,0.0,0
1,0.25,0.3057912208405609,-0.3333333333333333,1
1,0.25,0.2290091161470067,-0.6456757828136733,2
1,0.25,0.5548418449270073,0.0,0
1,0.25,0.5548418449270073,0.0,0
1,0.25,0.0,-0.75,3
1,0.25,0.3057912208405609,-0.3333333333333333,1
1,0.25,0.5548418449270073,-0.3333333333333333,1
1,0.25,0.0,-0.75,3
1,0.25,0.3057912208405609,-0.6666666666666666,2
1,0.25,0.0,-0.75,3
1,0.25,0.0,-0.75,3
1,0.25,0.5548418449270073,0.0,0
1,0.25,0.5548418449270073,-0.3333333333333333,1
1,0.25,0.0,-0.75,3
1,0.25,0.0,-0.75,3
1,0.25,0.2290091161470067,-0.6456757828136733,2
1,0.25,0.0,-0.75,3
1,0.25,0.5548418449270073,-0.3333333333333333,1
1,0.25,0.3057912208405609,-0.6666666666666666,2
1,0.25,0.5548418449270073,0.0,0
1,0.25,0.3057912208405609,-0.6666666666666666,2
1,0.25,0.2290091161470067,-0.6456757828136733,2
1,0.25,0.3057912208405609,-0.3333333333333333,1
1,0.25,0.3057912208405609,-0.6666666666666666,2
1,0.25,0.5548418449270073,-0.3333333333333333,1
1,0.25,0.5548418449270073,-0.3333333333333333,1
1,0.25,0.2290091161470067,-0.6456757828136733,2
1,0.25,0.0,-0.75,3
1,0.25,0.0,-0.75,3
1,0.25,0.5548418449270073,0.0,0
1,0.25,0.0,-0.75,3
1,0.25,0.2290091161470067,-0.6456757828136733,2
1,0.25,0.3057912208405609,-0.3333333333333333,1
1,0.25,0.3057912208405609,-0.3333333333333333,1
1,0.25,0.5548418449270073,-0.3333333333333333,1
1,0.25,0.2290091161470067,-0.6456757828136733,2
1,0.25,0.5548418449270073,-0.6666666666666666,2
1,0.25,0.0,-0.75,3
1,0.25,0.5548418449270073,0.0,0
1,0.25,0.5548418449270073,0.0,0
1,0.25,0.5548418449270073,0.0,0
1,0.25,0.3057912208405609,-0.3333333333333333,1
1,0.25,0.5548418449270073,0.0,0
1,0.25,0.5548418449270073,0.0,0
1,0.25,0.5548418449270073,-0.3333333333333333,1
1,0.25,0.0,-0.75,3
1,0.25,0.5548418449270073,-0.6666666666666666,2
1,0.25,0.5548418449270073,0.0,0
