dataset,epsilon,leakage,utility,mask_size
airport,1000,0.03592524660768637,-0.3333333333333333,2
airport,1000,0.22337399647872114,-0.3333333333333333,2
airport,1000,0.22337399647872114,-0.16666666666666666,1
airport,1000,0.0008907266304110095,-0.8333333333333334,5
airport,1000,0.0,-0.8333333333333334,5
airport,1000,0.003306804705818678,-0.8333333333333334,5
airport,1000,0.22337399647872114,-0.3333333333333333,2
airport,1000,0.22337399647872114,-0.3333333333333333,2
airport,1000,0.008222647309668152,-0.6666666666666666,4
airport,1000,0.22337399647872114,-0.0,0
airport,1000,0.22337399647872114,-0.16666666666666666,1
airport,1000,0.22337399647872114,-0.16666666666666666,1
airport,1000,0.05010955345870127,-0.6666666666666666,4
airport,1000,0.03592524660768637,-0.6666666666666666,4
airport,1000,0.06016840572859605,-0.6666666666666666,4
airport,1000,0.22337399647872114,-0.0,0
airport,1000,0.0008907266304110095,-0.8333333333333334,5
airport,1000,0.22337399647872114,-0.0,0
airport,1000,0.22337399647872114,-0.0,0
airport,1000,0.03592524660768637,-0.3333333333333333,2
airport,1000,0.22337399647872114,-0.0,0
airport,1000,0.0008907266304110095,-0.8333333333333334,5
airport,1000,0.03592524660768637,-0.16666666666666666,1
airport,1000,0.06016840572859605,-0.3333333333333333,2
airport,1000,0.22337399647872114,-0.0,0
airport,1000,0.22337399647872114,-0.3333333333333333,2
airport,1000,0.22337399647872114,-0.0,0
airport,1000,0.013497595919447658,-0.6666666666666666,4
airport,1000,0.03592524660768637,-0.6666666666666666,4
airport,1000,0.22337399647872114,-0.6666666666666666,4
airport,1000,0.003306804705818678,-0.8333333333333334,5
airport,1000,0.003609042830710618,-0.8333333333333334,5
airport,1000,0.0,-0.6666666666666666,4
airport,1000,0.015768127809462573,-0.8333333333333334,5
airport,1000,0.003609042830710618,-0.8333333333333334,5
airport,1000,0.03592524660768637,-0.6666666666666666,4
airport,1000,0.004612425044516089,-0.6666666666666666,4
airport,1000,0.0008907266304110095,-0.8333333333333334,5
airport,1000,0.0008907266304110095,-0.8333333333333334,5
airport,1000,0.22337399647872114,-0.0,0
airport,1000,0.0096768865126029,-0.6666666666666666,4
airport,1000,0.22337399647872114,-0.0,0
airport,1000,0.22337399647872114,-0.0,0
airport,1000,0.05853885744745513,-0.5,3
airport,1000,0.004612425044516089,-0.6666666666666666,4
airport,1000,0.051126318247808444,-0.3333333333333333,2
airport,1000,0.015768127809462573,-0.8333333333333334,5
airport,1000,0.008222647309668152,-0.6666666666666666,4
airport,1000,0.22337399647872114,-0.6666666666666666,4
airport,1000,0.22337399647872114,-0.0,0
airport,1000,0.051126318247808444,-0.16666666666666666,1
airport,1000,0.22337399647872114,-0.0,0
airport,1000,0.015768127809462573,-0.8333333333333334,5
airport,1000,0.06016840572859605,-0.6666666666666666,4
airport,1000,0.22337399647872114,-0.0,0
airport,1000,0.22337399647872114,-0.0,0
airport,1000,0.22337399647872114,-0.0,0
airport,1000,0.22337399647872114,-0.0,0
airport,1000,0.051126318247808444,-0.16666666666666666,1
airport,1000,0.015768127809462573,-0.8333333333333334,5
airport,1000,0.0008907266304110095,-0.8333333333333334,5
airport,1000,0.015768127809462573,-0.8333333333333334,5
airport,1000,0.003306804705818678,-0.8333333333333334,5
airport,1000,0.22337399647872114,-0.0,0
airport,1000,0.0,-0.8333333333333334,5
airport,1000,0.06016840572859605,-0.5,3
airport,1000,0.22337399647872114,-0.0,0
airport,1000,0.008222647309668152,-0.5,3
airport,1000,0.22337399647872114,-0.0,0
airport,1000,0.003609042830710618,-0.8333333333333334,5
airport,1000,0.22337399647872114,-0.3333333333333333,2
airport,1000,0.22337399647872114,-0.3333333333333333,2
airport,1000,0.0008907266304110095,-0.8333333333333334,5
airport,1000,0.015768127809462573,-0.6666666666666666,4
airport,1000,0.03592524660768637,-0.16666666666666666,1
airport,1000,0.22337399647872114,-0.16666666666666666,1
airport,1000,0.003306804705818678,-0.8333333333333334,5
airport,1000,0.011469181810646378,-0.6666666666666666,4
airport,1000,0.22337399647872114,-0.0,0
airport,1000,0.051126318247808444,-0.3333333333333333,2
airport,1000,0.011469181810646378,-0.5,3
airport,1000,0.003609042830710618,-0.8333333333333334,5
airport,1000,0.22337399647872114,-0.0,0
airport,1000,0.22337399647872114,-0.0,0
airport,1000,0.015768127809462573,-0.8333333333333334,5
airport,1000,0.0,-0.8333333333333334,5
airport,1000,0.03592524660768637,-0.16666666666666666,1
airport,1000,0.22337399647872114,-0.16666666666666666,1
airport,1000,0.22337399647872114,-0.16666666666666666,1
airport,1000,0.22337399647872114,-0.5,3
airport,1000,0.22337399647872114,-0.16666666666666666,1
airport,1000,0.015768127809462573,-0.8333333333333334,5
airport,1000,0.22337399647872114,-0.0,0
airport,1000,0.015768127809462573,-0.8333333333333334,5
airport,1000,0.22337399647872114,-0.3333333333333333,2
airport,1000,0.004612425044516089,-0.6666666666666666,4
airport,1000,0.22337399647872114,-0.0,0
airport,1000,0.0,-0.8333333333333334,5
airport,1000,0.03592524660768637,-0.5,3
airport,1000,0.22337399647872114,-0.0,0
hospital,1000,0.24175913958548945,-0.6,6
hospital,1000,0.35966634913433626,-100.2,2
hospital,1000,0.0,-0.9,9
hospital,1000,0.0001443939775050973,-0.9,9
hospital,1000,0.16715725920573166,-0.7,7
hospital,1000,0.2902622119955647,-0.9,9
hospital,1000,0.6009727293422886,-100.3,3
hospital,1000,0.6009727293422886,-100.3,3
hospital,1000,0.3166049127277152,-100.8,8
hospital,1000,0.24175913958548945,-0.8,8
hospital,1000,0.6623992294064142,-100.4,4
hospital,1000,0.6623992294064142,-100.1,1
hospital,1000,0.24175913958548945,-0.9,9
hospital,1000,0.0,-0.9,9
hospital,1000,0.21945273335876703,-0.5,5
hospital,1000,0.6623992294064142,-100.3,3
hospital,1000,0.24175913958548945,-0.9,9
hospital,1000,0.6623992294064142,-100.0,0
hospital,1000,0.24315756576632586,-0.6,6
hospital,1000,0.35966634913433626,-100.2,2
hospital,1000,0.24175913958548945,-0.8,8
hospital,1000,0.6623992294064142,-100.1,1
hospital,1000,0.6623992294064142,-100.2,2
hospital,1000,0.26187931623708605,-0.6,6
hospital,1000,0.261836400724347,-0.6,6
hospital,1000,0.14540885463656628,-0.9,9
hospital,1000,0.0,-0.9,9
hospital,1000,0.35966634913433626,-100.5,5
hospital,1000,0.26187931623708605,-0.6,6
hospital,1000,0.0001443939775050973,-0.9,9
hospital,1000,0.6009727293422886,-100.5,5
hospital,1000,0.24315756576632586,-0.9,9
hospital,1000,0.261836400724347,-0.5,5
hospital,1000,0.35966634913433626,-100.3,3
hospital,1000,0.24315756576632586,-0.8,8
hospital,1000,0.24315756576632586,-0.6,6
hospital,1000,0.35966634913433626,-100.4,4
hospital,1000,0.24175913958548945,-0.8,8
hospital,1000,0.14540885463656628,-0.9,9
hospital,1000,0.6086948858179753,-100.5,5
hospital,1000,0.385599188513301,-100.9,9
hospital,1000,0.6623992294064142,-100.0,0
hospital,1000,0.385599188513301,-100.7,7
hospital,1000,0.6086948858179753,-100.2,2
hospital,1000,0.6009727293422886,-100.1,1
hospital,1000,0.24315756576632586,-0.8,8
hospital,1000,0.6623992294064142,-100.0,0
hospital,1000,0.6086948858179753,-100.1,1
hospital,1000,0.6009727293422886,-100.1,1
hospital,1000,0.26187931623708605,-0.5,5
hospital,1000,0.6623992294064142,-100.4,4
hospital,1000,0.385599188513301,-100.7,7
hospital,1000,0.35966634913433626,-100.2,2
hospital,1000,0.2902622119955647,-0.9,9
hospital,1000,0.24315756576632586,-0.8,8
hospital,1000,0.385599188513301,-100.5,5
hospital,1000,0.35966634913433626,-100.3,3
hospital,1000,0.0001443939775050973,-0.9,9
hospital,1000,0.2902622119955647,-0.8,8
hospital,1000,0.6009727293422886,-100.1,1
hospital,1000,0.6009727293422886,-100.3,3
hospital,1000,0.0001443939775050973,-0.9,9
hospital,1000,0.6086948858179753,-100.2,2
hospital,1000,0.24315756576632586,-0.6,6
hospital,1000,0.24315756576632586,-0.6,6
hospital,1000,0.6009727293422886,-100.4,4
hospital,1000,0.24315756576632586,-0.8,8
hospital,1000,0.0001443939775050973,-0.9,9
hospital,1000,0.14540885463656628,-0.9,9
hospital,1000,0.35966634913433626,-100.2,2
hospital,1000,0.6623992294064142,-100.0,0
hospital,1000,0.385599188513301,-100.8,8
hospital,1000,0.261836400724347,-0.7,7
hospital,1000,0.35966634913433626,-100.5,5
hospital,1000,0.26187931623708605,-0.5,5
hospital,1000,0.6009727293422886,-100.4,4
hospital,1000,0.6623992294064142,-100.2,2
hospital,1000,0.35966634913433626,-100.3,3
hospital,1000,0.6623992294064142,-100.0,0
hospital,1000,0.6623992294064142,-100.1,1
hospital,1000,0.24315756576632586,-0.8,8
hospital,1000,0.26187931623708605,-0.7,7
hospital,1000,0.3166049127277152,-100.8,8
hospital,1000,0.385599188513301,-100.7,7
hospital,1000,0.35966634913433626,-100.2,2
hospital,1000,0.261836400724347,-0.6,6
hospital,1000,0.26187931623708605,-0.4,4
hospital,1000,0.24315756576632586,-0.8,8
hospital,1000,0.35966634913433626,-100.4,4
hospital,1000,0.6623992294064142,-100.0,0
hospital,1000,0.0001443939775050973,-0.9,9
hospital,1000,0.6009727293422886,-100.2,2
hospital,1000,0.21940735109689347,-0.7,7
hospital,1000,0.14540885463656628,-0.9,9
hospital,1000,0.261836400724347,-0.7,7
hospital,1000,0.35966634913433626,-100.8,8
hospital,1000,0.24315756576632586,-0.6,6
hospital,1000,0.6623992294064142,-100.0,0
hospital,1000,0.24315756576632586,-0.7,7
hospital,1000,0.35966634913433626,-100.3,3
adult,1000,0.26733049635846484,-0.16666666666666666,2
adult,1000,0.004193760888674403,-0.75,9
adult,1000,0.19448229958623608,-0.25,3
adult,1000,0.141854762675785,-0.4166666666666667,5
adult,1000,0.10716283803220517,-0.5,6
adult,1000,0.0649275389013596,-0.4166666666666667,5
adult,1000,0.028378048744030382,-0.5,6
adult,1000,0.14544523206481252,-0.6666666666666666,8
adult,1000,0.26733049635846484,-0.16666666666666666,2
adult,1000,0.0,-0.75,9
adult,1000,0.019506699349020717,-0.75,9
adult,1000,0.28453490540018433,-0.3333333333333333,4
adult,1000,0.001995744528648813,-0.75,9
adult,1000,0.28453490540018433,-0.3333333333333333,4
adult,1000,0.008839927559450844,-0.75,9
adult,1000,0.07911879837396008,-0.4166666666666667,5
adult,1000,0.26733049635846484,-0.25,3
adult,1000,0.06013409203127995,-0.6666666666666666,8
adult,1000,0.05993629295207481,-0.75,9
adult,1000,0.222080741183048,-0.3333333333333333,4
adult,1000,0.023660905298812485,-0.6666666666666666,8
adult,1000,0.00020847497522136216,-0.75,9
adult,1000,0.07353452766602064,-0.75,9
adult,1000,0.26733049635846484,-0.16666666666666666,2
adult,1000,0.26733049635846484,-0.16666666666666666,2
adult,1000,0.22984450879628482,-0.5833333333333334,7
adult,1000,0.264807075177372,-0.3333333333333333,4
adult,1000,0.024483130333932346,-0.5833333333333334,7
adult,1000,0.0610245882828826,-0.75,9
adult,1000,0.07038636873818283,-0.75,9
adult,1000,0.2565641779949628,-0.3333333333333333,4
adult,1000,0.022662624511418872,-0.6666666666666666,8
adult,1000,0.05993835955387905,-0.75,9
adult,1000,0.08369945591219885,-0.4166666666666667,5
adult,1000,0.26733049635846484,-0.16666666666666666,2
adult,1000,0.00020847497522136216,-0.75,9
adult,1000,0.26733049635846484,-0.16666666666666666,2
adult,1000,0.26733049635846484,-0.16666666666666666,2
adult,1000,0.1329977868498644,-0.5,6
adult,1000,0.08377505224333048,-0.5,6
adult,1000,0.26733049635846484,-0.16666666666666666,2
adult,1000,0.222080741183048,-0.4166666666666667,5
adult,1000,0.1388991846729406,-0.4166666666666667,5
adult,1000,0.09655986994283272,-0.75,9
adult,1000,0.007426165546169039,-0.75,9
adult,1000,0.26733049635846484,-0.16666666666666666,2
adult,1000,0.0012770694626976775,-0.75,9
adult,1000,0.1328878529942893,-0.6666666666666666,8
adult,1000,0.006450569864542843,-0.75,9
adult,1000,0.0007233384201356108,-0.75,9
adult,1000,0.06119989535412795,-0.5833333333333334,7
adult,1000,0.26733049635846484,-0.16666666666666666,2
adult,1000,0.28453490540018433,-0.4166666666666667,5
adult,1000,0.264807075177372,-0.3333333333333333,4
adult,1000,0.26733049635846484,-0.25,3
adult,1000,0.0035473236271421626,-0.75,9
adult,1000,0.141854762675785,-0.3333333333333333,4
adult,1000,0.26733049635846484,-0.16666666666666666,2
adult,1000,0.08065140489033817,-0.6666666666666666,8
adult,1000,0.004193760888674403,-0.75,9
adult,1000,0.1328878529942893,-0.75,9
adult,1000,0.029549785156412156,-0.6666666666666666,8
adult,1000,0.2075323875984889,-0.5833333333333334,7
adult,1000,0.07259519856288221,-0.75,9
adult,1000,0.22566106897398241,-0.5,6
adult,1000,0.06644145698743087,-0.5,6
adult,1000,0.0,-0.75,9
adult,1000,0.003003961065274674,-0.6666666666666666,8
adult,1000,0.14401198888757627,-0.75,9
adult,1000,0.05951339548593937,-0.75,9
adult,1000,0.0020041412774043366,-0.5833333333333334,7
adult,1000,0.0724050416762495,-0.5,6
adult,1000,0.26733049635846484,-0.16666666666666666,2
adult,1000,0.222080741183048,-0.3333333333333333,4
adult,1000,0.0021431443156229024,-0.75,9
adult,1000,0.0009256355697232488,-0.75,9
adult,1000,0.26733049635846484,-0.16666666666666666,2
adult,1000,0.264807075177372,-0.25,3
adult,1000,0.26733049635846484,-0.16666666666666666,2
adult,1000,0.029549785156412156,-0.6666666666666666,8
adult,1000,0.26733049635846484,-0.25,3
adult,1000,0.11927152773640248,-0.3333333333333333,4
adult,1000,0.264807075177372,-0.3333333333333333,4
adult,1000,0.019831734785458077,-0.5833333333333334,7
adult,1000,0.05950934307945688,-0.75,9
adult,1000,0.06600499048893904,-0.75,9
adult,1000,0.06590522876458327,-0.5,6
adult,1000,0.19170797853579458,-0.3333333333333333,4
adult,1000,0.062333412471732186,-0.75,9
adult,1000,0.19448229958623608,-0.25,3
adult,1000,0.08065140489033817,-0.4166666666666667,5
adult,1000,0.0004258560715968418,-0.75,9
adult,1000,0.0017859049880922795,-0.75,9
adult,1000,0.07372885181318312,-0.6666666666666666,8
adult,1000,0.02171116031341591,-0.5833333333333334,7
adult,1000,0.28453490540018433,-0.25,3
adult,1000,0.06427110124881297,-0.5833333333333334,7
adult,1000,0.26733049635846484,-0.25,3
adult,1000,0.004193760888674403,-0.75,9
adult,1000,0.0012759391462174863,-0.75,9
flight,1000,0.9826408586840785,-100.15384615384616,2
flight,1000,0.9826408586840785,-100.38461538461539,5
flight,1000,0.2455785165522859,-0.7692307692307693,10
flight,1000,0.06676625649827916,-0.8461538461538461,11
flight,1000,0.9826408586840785,-100.38461538461539,5
flight,1000,0.0,-0.8461538461538461,11
flight,1000,0.9826408586840785,-100.0,0
flight,1000,0.13051054943857365,-0.6153846153846154,8
flight,1000,0.1689864093151694,-0.46153846153846156,6
flight,1000,0.2455785165522859,-0.8461538461538461,11
flight,1000,0.2455785165522859,-0.6923076923076923,9
flight,1000,0.17632192147614734,-0.46153846153846156,6
flight,1000,0.17967605980281343,-0.7692307692307693,10
flight,1000,0.9826408586840785,-100.15384615384616,2
flight,1000,0.08907123541814055,-0.8461538461538461,11
flight,1000,0.17967605980281343,-0.8461538461538461,11
flight,1000,0.08907123541814055,-0.8461538461538461,11
flight,1000,0.08907123541814055,-0.8461538461538461,11
flight,1000,0.08907123541814055,-0.8461538461538461,11
flight,1000,0.24980936013667854,-0.7692307692307693,10
flight,1000,0.17632192147614734,-0.15384615384615385,2
flight,1000,0.12744625720955838,-0.8461538461538461,11
flight,1000,0.17967605980281343,-0.8461538461538461,11
flight,1000,0.9826408586840785,-100.46153846153847,6
flight,1000,0.9826408586840785,-100.07692307692308,1
flight,1000,0.24980936013667854,-0.6923076923076923,9
flight,1000,0.24980936013667854,-0.8461538461538461,11
flight,1000,0.9826408586840785,-100.46153846153847,6
flight,1000,0.08907123541814055,-0.8461538461538461,11
flight,1000,0.17632192147614734,-0.3076923076923077,4
flight,1000,0.9826408586840785,-100.07692307692308,1
flight,1000,0.2455785165522859,-0.5384615384615384,7
flight,1000,0.17937444104272926,-0.7692307692307693,10
flight,1000,0.9826408586840785,-100.07692307692308,1
flight,1000,0.08907123541814055,-0.6923076923076923,9
flight,1000,0.08907123541814055,-0.8461538461538461,11
flight,1000,0.9826408586840785,-100.15384615384616,2
flight,1000,0.13818569520024426,-0.6153846153846154,8
flight,1000,0.06680017428701124,-0.7692307692307693,10
flight,1000,0.17632192147614734,-0.23076923076923078,3
flight,1000,0.2455785165522859,-0.5384615384615384,7
flight,1000,0.08907123541814055,-0.7692307692307693,10
flight,1000,0.17937444104272926,-0.8461538461538461,11
flight,1000,0.1689864093151694,-0.3076923076923077,4
flight,1000,0.13051054943857365,-0.5384615384615384,7
flight,1000,0.9826408586840785,-100.38461538461539,5
flight,1000,0.9826408586840785,-100.15384615384616,2
flight,1000,0.9826408586840785,-100.15384615384616,2
flight,1000,0.24980936013667854,-0.8461538461538461,11
flight,1000,0.9826408586840785,-100.3076923076923,4
flight,1000,0.17632192147614734,-0.23076923076923078,3
flight,1000,0.06676625649827916,-0.8461538461538461,11
flight,1000,0.0,-0.8461538461538461,11
flight,1000,0.9826408586840785,-100.76923076923077,10
flight,1000,0.24980936013667854,-0.7692307692307693,10
flight,1000,0.09859997839625356,-0.8461538461538461,11
flight,1000,0.23553045167227926,-0.8461538461538461,11
flight,1000,0.9826408586840785,-100.07692307692308,1
flight,1000,0.17364678630049102,-0.5384615384615384,7
flight,1000,0.13818569520024426,-0.7692307692307693,10
flight,1000,0.13818569520024426,-0.8461538461538461,11
flight,1000,0.1689864093151694,-0.6153846153846154,8
flight,1000,0.9826408586840785,-100.07692307692308,1
flight,1000,0.2455785165522859,-0.5384615384615384,7
flight,1000,0.13818569520024426,-0.5384615384615384,7
flight,1000,0.9826408586840785,-100.3076923076923,4
flight,1000,0.24980936013667854,-0.6153846153846154,8
flight,1000,0.13818569520024426,-0.6153846153846154,8
flight,1000,0.17967605980281343,-0.6923076923076923,9
flight,1000,0.9826408586840785,-100.07692307692308,1
flight,1000,0.9826408586840785,-100.0,0
flight,1000,0.9826408586840785,-100.07692307692308,1
flight,1000,0.1222736628243225,-0.8461538461538461,11
flight,1000,0.13818569520024426,-0.8461538461538461,11
flight,1000,0.9826408586840785,-100.0,0
flight,1000,0.24980936013667854,-0.6923076923076923,9
flight,1000,0.9826408586840785,-100.53846153846153,7
flight,1000,0.9826408586840785,-100.0,0
flight,1000,0.9826408586840785,-100.3076923076923,4
flight,1000,0.08907123541814055,-0.7692307692307693,10
flight,1000,0.9826408586840785,-100.61538461538461,8
flight,1000,0.9826408586840785,-100.46153846153847,6
flight,1000,0.06676625649827916,-0.8461538461538461,11
flight,1000,0.13818569520024426,-0.46153846153846156,6
flight,1000,0.9826408586840785,-100.3076923076923,4
flight,1000,0.17632192147614734,-0.3076923076923077,4
flight,1000,0.13051054943857365,-0.7692307692307693,10
flight,1000,0.9826408586840785,-100.53846153846153,7
flight,1000,0.08907123541814055,-0.8461538461538461,11
flight,1000,0.1689864093151694,-0.7692307692307693,10
flight,1000,0.13051054943857365,-0.5384615384615384,7
flight,1000,0.9826408586840785,-100.15384615384616,2
flight,1000,0.17632192147614734,-0.46153846153846156,6
flight,1000,0.24980936013667854,-0.8461538461538461,11
flight,1000,0.9826408586840785,-100.0,0
flight,1000,0.9826408586840785,-100.07692307692308,1
flight,1000,0.17632192147614734,-0.5384615384615384,7
flight,1000,0.17967605980281343,-0.8461538461538461,11
flight,1000,0.17938103044066545,-0.7692307692307693,10
flight,1000,0.11650065212924676,-0.8461538461538461,11
tax,1000,0.3057912208405609,-100.33333333333333,1
tax,1000,0.3057912208405609,-100.33333333333333,1
tax,1000,0.3057912208405609,-100.66666666666667,2
tax,1000,0.3057912208405609,-100.66666666666667,2
tax,1000,0.3057912208405609,-100.33333333333333,1
tax,1000,0.3057912208405609,-100.33333333333333,1
tax,1000,0.2290091161470067,-0.6666666666666666,2
tax,1000,0.2290091161470067,-0.6666666666666666,2
tax,1000,0.0,-1.0,3
tax,1000,0.2290091161470067,-0.6666666666666666,2
tax,1000,0.3057912208405609,-100.33333333333333,1
tax,1000,0.3057912208405609,-100.33333333333333,1
tax,1000,0.0,-1.0,3
tax,1000,0.3057912208405609,-100.33333333333333,1
tax,1000,0.3057912208405609,-100.33333333333333,1
tax,1000,0.0,-1.0,3
tax,1000,0.3057912208405609,-100.66666666666667,2
tax,1000,0.3057912208405609,-100.33333333333333,1
tax,1000,0.3057912208405609,-100.33333333333333,1
tax,1000,0.3057912208405609,-100.33333333333333,1
tax,1000,0.2290091161470067,-0.6666666666666666,2
tax,1000,0.2290091161470067,-0.6666666666666666,2
tax,1000,0.3057912208405609,-100.66666666666667,2
tax,1000,0.2290091161470067,-0.6666666666666666,2
tax,1000,0.3057912208405609,-100.33333333333333,1
tax,1000,0.2290091161470067,-0.6666666666666666,2
tax,1000,0.3057912208405609,-100.33333333333333,1
tax,1000,0.0,-1.0,3
tax,1000,0.0,-1.0,3
tax,1000,0.3057912208405609,-100.66666666666667,2
tax,1000,0.0,-1.0,3
tax,1000,0.3057912208405609,-100.33333333333333,1
tax,1000,0.0,-1.0,3
tax,1000,0.0,-1.0,3
tax,1000,0.3057912208405609,-100.33333333333333,1
tax,1000,0.2290091161470067,-0.6666666666666666,2
tax,1000,0.3057912208405609,-100.33333333333333,1
tax,1000,0.3057912208405609,-100.33333333333333,1
tax,1000,0.2290091161470067,-0.6666666666666666,2
tax,1000,0.0,-1.0,3
tax,1000,0.2290091161470067,-0.6666666666666666,2
tax,1000,0.3057912208405609,-100.33333333333333,1
tax,1000,0.3057912208405609,-100.33333333333333,1
tax,1000,0.3057912208405609,-100.66666666666667,2
tax,1000,0.2290091161470067,-0.6666666666666666,2
tax,1000,0.3057912208405609,-100.33333333333333,1
tax,1000,0.3057912208405609,-100.66666666666667,2
tax,1000,0.3057912208405609,-100.66666666666667,2
tax,1000,0.3057912208405609,-100.33333333333333,1
tax,1000,0.3057912208405609,-100.33333333333333,1
tax,1000,0.3057912208405609,-100.33333333333333,1
tax,1000,0.3057912208405609,-100.33333333333333,1
tax,1000,0.3057912208405609,-100.33333333333333,1
tax,1000,0.3057912208405609,-100.33333333333333,1
tax,1000,0.0,-1.0,3
tax,1000,0.3057912208405609,-100.33333333333333,1
tax,1000,0.0,-1.0,3
tax,1000,0.3057912208405609,-100.33333333333333,1
tax,1000,0.0,-1.0,3
tax,1000,0.3057912208405609,-100.66666666666667,2
tax,1000,0.2290091161470067,-0.6666666666666666,2
tax,1000,0.3057912208405609,-100.33333333333333,1
tax,1000,0.0,-1.0,3
tax,1000,0.2290091161470067,-0.6666666666666666,2
tax,1000,0.3057912208405609,-100.66666666666667,2
tax,1000,0.0,-1.0,3
tax,1000,0.3057912208405609,-100.33333333333333,1
tax,1000,0.3057912208405609,-100.66666666666667,2
tax,1000,0.2290091161470067,-0.6666666666666666,2
tax,1000,0.0,-1.0,3
tax,1000,0.3057912208405609,-100.66666666666667,2
tax,1000,0.3057912208405609,-100.33333333333333,1
tax,1000,0.3057912208405609,-100.33333333333333,1
tax,1000,0.3057912208405609,-100.33333333333333,1
tax,1000,0.3057912208405609,-100.33333333333333,1
tax,1000,0.0,-1.0,3
tax,1000,0.2290091161470067,-0.6666666666666666,2
tax,1000,0.3057912208405609,-100.66666666666667,2
tax,1000,0.3057912208405609,-100.33333333333333,1
tax,1000,0.0,-1.0,3
tax,1000,0.3057912208405609,-100.33333333333333,1
tax,1000,0.3057912208405609,-100.66666666666667,2
tax,1000,0.3057912208405609,-100.66666666666667,2
tax,1000,0.0,-1.0,3
tax,1000,0.2290091161470067,-0.6666666666666666,2
tax,1000,0.3057912208405609,-100.33333333333333,1
tax,1000,0.0,-1.0,3
tax,1000,0.0,-1.0,3
tax,1000,0.3057912208405609,-100.33333333333333,1
tax,1000,0.3057912208405609,-100.33333333333333,1
tax,1000,0.3057912208405609,-100.66666666666667,2
tax,1000,0.0,-1.0,3
tax,1000,0.0,-1.0,3
tax,1000,0.3057912208405609,-100.33333333333333,1
tax,1000,0.3057912208405609,-100.66666666666667,2
tax,1000,0.2290091161470067,-0.6666666666666666,2
tax,1000,0.0,-1.0,3
tax,1000,0.2290091161470067,-0.6666666666666666,2
tax,1000,0.0,-1.0,3
tax,1000,0.0,-1.0,3
