dataset,epsilon,leakage,utility,mask_size
airport,1,0.22337399647872114,-0.0,0
airport,1,0.22337399647872114,-0.5,3
airport,1,0.0,-0.8333333333333334,5
airport,1,0.22337399647872114,-0.0,0
airport,1,0.22337399647872114,-0.3333333333333333,2
airport,1,0.05853885744745513,-0.5,3
airport,1,0.22337399647872114,-0.0,0
airport,1,0.0,-0.8333333333333334,5
airport,1,0.05010955345870127,-0.3333333333333333,2
airport,1,0.013497595919447658,-0.5,3
airport,1,0.0,-0.8333333333333334,5
airport,1,0.22337399647872114,-0.3333333333333333,2
airport,1,0.03592524660768637,-0.5,3
airport,1,0.03592524660768637,-0.3333333333333333,2
airport,1,0.051126318247808444,-0.6666666666666666,4
airport,1,0.05853885744745513,-0.6666666666666666,4
airport,1,0.0008907266304110095,-0.8333333333333334,5
airport,1,0.03592524660768637,-0.16666666666666666,1
airport,1,0.0,-0.8333333333333334,5
airport,1,0.05010955345870127,-0.3333333333333333,2
airport,1,0.0,-0.8333333333333334,5
airport,1,0.22337399647872114,-0.16666666666666666,1
airport,1,0.03592524660768637,-0.6666666666666666,4
airport,1,0.051126318247808444,-0.3333333333333333,2
airport,1,0.22337399647872114,-0.6666666666666666,4
airport,1,0.0008907266304110095,-0.8333333333333334,5
airport,1,0.051126318247808444,-0.16666666666666666,1
airport,1,0.06016840572859605,-0.5,3
airport,1,0.22337399647872114,-0.16666666666666666,1
airport,1,0.003306804705818678,-0.8333333333333334,5
airport,1,0.06016840572859605,-0.6666666666666666,4
airport,1,0.003609042830710618,-0.8333333333333334,5
airport,1,0.06016840572859605,-0.5,3
airport,1,0.22337399647872114,-0.0,0
airport,1,0.003306804705818678,-0.8333333333333334,5
airport,1,0.0,-0.8333333333333334,5
airport,1,0.0,-0.8333333333333334,5
airport,1,0.22337399647872114,-0.16666666666666666,1
airport,1,0.22337399647872114,-0.0,0
airport,1,0.22337399647872114,-0.0,0
airport,1,0.22337399647872114,-0.16666666666666666,1
airport,1,0.0,-0.8333333333333334,5
airport,1,0.05010955345870127,-0.6666666666666666,4
airport,1,0.05010955345870127,-0.6666666666666666,4
airport,1,0.013497595919447658,-0.5,3
airport,1,0.22337399647872114,-0.3333333333333333,2
airport,1,0.051126318247808444,-0.6666666666666666,4
airport,1,0.06016840572859605,-0.3333333333333333,2
airport,1,0.051126318247808444,-0.5,3
airport,1,0.03592524660768637,-0.3333333333333333,2
airport,1,0.015768127809462573,-0.8333333333333334,5
airport,1,0.22337399647872114,-0.0,0
airport,1,0.015768127809462573,-0.8333333333333334,5
airport,1,0.013497595919447658,-0.6666666666666666,4
airport,1,0.03592524660768637,-0.6666666666666666,4
airport,1,0.22337399647872114,-0.16666666666666666,1
airport,1,0.003306804705818678,-0.8333333333333334,5
airport,1,0.22337399647872114,-0.3333333333333333,2
airport,1,0.22337399647872114,-0.16666666666666666,1
airport,1,0.003609042830710618,-0.8333333333333334,5
airport,1,0.03592524660768637,-0.5,3
airport,1,0.015768127809462573,-0.8333333333333334,5
airport,1,0.06016840572859605,-0.5,3
airport,1,0.003609042830710618,-0.8333333333333334,5
airport,1,0.0,-0.8333333333333334,5
airport,1,0.22337399647872114,-0.3333333333333333,2
airport,1,0.011469181810646378,-0.5,3
airport,1,0.0,-0.8333333333333334,5
airport,1,0.0,-0.8333333333333334,5
airport,1,0.003306804705818678,-0.8333333333333334,5
airport,1,0.22337399647872114,-0.0,0
airport,1,0.011469181810646378,-0.5,3
airport,1,0.06016840572859605,-0.6666666666666666,4
airport,1,0.22337399647872114,-0.16666666666666666,1
airport,1,0.22337399647872114,-0.3333333333333333,2
airport,1,0.051126318247808444,-0.5,3
airport,1,0.22337399647872114,-0.16666666666666666,1
airport,1,0.22337399647872114,-0.6666666666666666,4
airport,1,0.015768127809462573,-0.8333333333333334,5
airport,1,0.22337399647872114,-0.3333333333333333,2
airport,1,0.22337399647872114,-0.16666666666666666,1
airport,1,0.003609042830710618,-0.8333333333333334,5
airport,1,0.051126318247808444,-0.16666666666666666,1
airport,1,0.22337399647872114,-0.5,3
airport,1,0.051126318247808444,-0.3333333333333333,2
airport,1,0.051126318247808444,-0.3333333333333333,2
airport,1,0.22337399647872114,-0.0,0
airport,1,0.03592524660768637,-0.3333333333333333,2
airport,1,0.22337399647872114,-0.0,0
airport,1,0.22337399647872114,-0.16666666666666666,1
airport,1,0.011469181810646378,-0.3333333333333333,2
airport,1,0.003306804705818678,-0.8333333333333334,5
airport,1,0.06016840572859605,-0.5,3
airport,1,0.05010955345870127,-0.6666666666666666,4
airport,1,0.22337399647872114,-0.0,0
airport,1,0.051126318247808444,-0.3333333333333333,2
airport,1,0.22337399647872114,-0.16666666666666666,1
airport,1,0.051126318247808444,-0.6666666666666666,4
airport,1,0.003306804705818678,-0.8333333333333334,5
airport,1,0.03592524660768637,-0.6666666666666666,4
hospital,1,0.505574395670396,-100.3,3
hospital,1,0.261836400724347,-0.7,7
hospital,1,0.5202376749670268,-100.6,6
hospital,1,0.0,-0.9,9
hospital,1,0.6623992294064142,-100.2,2
hospital,1,0.505574395670396,-100.4,4
hospital,1,0.42853421735144903,-100.7,7
hospital,1,0.6623992294064142,-100.2,2
hospital,1,0.6623992294064142,-100.3,3
hospital,1,0.24315756576632586,-0.9,9
hospital,1,0.5627711589443901,-100.1,1
hospital,1,0.5065292841479625,-100.2,2
hospital,1,0.35966634913433626,-100.7,7
hospital,1,0.0001443939775050973,-0.9,9
hospital,1,0.6086948858179753,-100.2,2
hospital,1,0.6623992294064142,-100.1,1
hospital,1,0.14540885463656628,-0.9,9
hospital,1,0.5468475106079831,-100.4,4
hospital,1,0.2902622119955647,-0.9,9
hospital,1,0.505574395670396,-100.5,5
hospital,1,0.505574395670396,-100.3,3
hospital,1,0.6623992294064142,-100.0,0
hospital,1,0.42853421735144903,-100.3,3
hospital,1,0.14540885463656628,-0.9,9
hospital,1,0.5627711589443901,-100.4,4
hospital,1,0.385599188513301,-100.7,7
hospital,1,0.24175913958548945,-0.9,9
hospital,1,0.6623992294064142,-100.1,1
hospital,1,0.6623992294064142,-100.0,0
hospital,1,0.5627711589443901,-100.1,1
hospital,1,0.5627711589443901,-100.4,4
hospital,1,0.6623992294064142,-100.2,2
hospital,1,0.385599188513301,-100.8,8
hospital,1,0.6623992294064142,-100.4,4
hospital,1,0.6623992294064142,-100.0,0
hospital,1,0.24315756576632586,-0.4,4
hospital,1,0.42850099142022324,-100.8,8
hospital,1,0.48321731969835446,-100.6,6
hospital,1,0.5627711589443901,-100.1,1
hospital,1,0.6623992294064142,-100.0,0
hospital,1,0.6623992294064142,-100.1,1
hospital,1,0.48321731969835446,-100.3,3
hospital,1,0.24315756576632586,-0.9,9
hospital,1,0.6623992294064142,-100.1,1
hospital,1,0.5627711589443901,-100.3,3
hospital,1,0.6623992294064142,-100.3,3
hospital,1,0.505574395670396,-100.5,5
hospital,1,0.6009727293422886,-100.5,5
hospital,1,0.6623992294064142,-100.0,0
hospital,1,0.0,-0.9,9
hospital,1,0.48321731969835446,-100.5,5
hospital,1,0.261836400724347,-0.5,5
hospital,1,0.24315756576632586,-0.8,8
hospital,1,0.35966634913433626,-100.6,6
hospital,1,0.6009727293422886,-100.4,4
hospital,1,0.16715725920573166,-0.7,7
hospital,1,0.505574395670396,-100.2,2
hospital,1,0.0001443939775050973,-0.9,9
hospital,1,0.24315756576632586,-0.8,8
hospital,1,0.5627711589443901,-100.3,3
hospital,1,0.4694541344903692,-100.6,6
hospital,1,0.24315756576632586,-0.9,9
hospital,1,0.5627711589443901,-100.4,4
hospital,1,0.505574395670396,-100.2,2
hospital,1,0.6623992294064142,-100.1,1
hospital,1,0.24315756576632586,-0.9,9
hospital,1,0.5627711589443901,-100.5,5
hospital,1,0.5627711589443901,-100.4,4
hospital,1,0.35966634913433626,-100.3,3
hospital,1,0.6009727293422886,-100.4,4
hospital,1,0.6623992294064142,-100.2,2
hospital,1,0.385599188513301,-100.7,7
hospital,1,0.6623992294064142,-100.3,3
hospital,1,0.6623992294064142,-100.0,0
hospital,1,0.5627711589443901,-100.2,2
hospital,1,0.24315756576632586,-0.6,6
hospital,1,0.48321731969835446,-100.6,6
hospital,1,0.24315756576632586,-0.6,6
hospital,1,0.35966634913433626,-100.6,6
hospital,1,0.24315756576632586,-0.4,4
hospital,1,0.48321731969835446,-100.3,3
hospital,1,0.6623992294064142,-100.0,0
hospital,1,0.6009727293422886,-100.2,2
hospital,1,0.48321731969835446,-100.8,8
hospital,1,0.2902622119955647,-0.9,9
hospital,1,0.0001443939775050973,-0.9,9
hospital,1,0.35966634913433626,-100.6,6
hospital,1,0.6086948858179753,-100.2,2
hospital,1,0.24315756576632586,-0.6,6
hospital,1,0.0001443939775050973,-0.9,9
hospital,1,0.14540885463656628,-0.9,9
hospital,1,0.35966634913433626,-100.4,4
hospital,1,0.24315756576632586,-0.9,9
hospital,1,0.35966634913433626,-100.5,5
hospital,1,0.6623992294064142,-100.2,2
hospital,1,0.14540885463656628,-0.9,9
hospital,1,0.21945273335876703,-0.7,7
hospital,1,0.14540885463656628,-0.9,9
hospital,1,0.24175913958548945,-0.9,9
hospital,1,0.2902622119955647,-0.7,7
adult,1,0.2279649609237695,-0.4166666666666667,5
adult,1,0.49122554744404323,-100.08333333333333,1
adult,1,0.2851947300950609,-0.4166666666666667,5
adult,1,0.23849378149221334,-0.4166666666666667,5
adult,1,0.09804213436519926,-0.5833333333333334,7
adult,1,0.019770039306679976,-0.75,9
adult,1,0.0719115757400891,-0.5833333333333334,7
adult,1,0.2193872571144433,-0.6666666666666666,8
adult,1,0.13560492711125438,-0.5,6
adult,1,0.395391227220634,-100.33333333333333,4
adult,1,0.26221932193872965,-0.25,3
adult,1,0.014630816395805768,-0.75,9
adult,1,0.31017652025384723,-100.75,9
adult,1,0.027961817812649392,-0.5833333333333334,7
adult,1,0.0007657060564544294,-0.75,9
adult,1,0.4406388896832574,-100.16666666666667,2
adult,1,0.02695928261891256,-0.6666666666666666,8
adult,1,0.021813295428883217,-0.75,9
adult,1,0.443789132193782,-100.33333333333333,4
adult,1,0.19205292448357247,-0.5833333333333334,7
adult,1,0.0019216440431841786,-0.75,9
adult,1,0.49122554744404323,-100.0,0
adult,1,0.49122554744404323,-100.0,0
adult,1,0.05206069019624504,-0.6666666666666666,8
adult,1,0.49122554744404323,-100.08333333333333,1
adult,1,0.24785910712848724,-0.6666666666666666,8
adult,1,0.2726821726489278,-0.4166666666666667,5
adult,1,0.4597782854988285,-100.08333333333333,1
adult,1,0.06115472775950748,-0.75,9
adult,1,0.06443486756484917,-0.6666666666666666,8
adult,1,0.019770039306679976,-0.75,9
adult,1,0.4597782854988285,-100.5,6
adult,1,0.3267732912306801,-100.33333333333333,4
adult,1,0.3425234955731773,-100.25,3
adult,1,0.0012770694626976775,-0.75,9
adult,1,0.4199947253310894,-100.08333333333333,1
adult,1,0.07182148826518453,-0.6666666666666666,8
adult,1,0.36960830881915396,-100.33333333333333,4
adult,1,0.0050754359888105505,-0.75,9
adult,1,0.396029780856501,-100.16666666666667,2
adult,1,0.49122554744404323,-100.08333333333333,1
adult,1,0.05736802438628108,-0.75,9
adult,1,0.09757706648447428,-0.4166666666666667,5
adult,1,0.2726821726489278,-0.25,3
adult,1,0.057685338454133706,-0.75,9
adult,1,0.4597782854988285,-100.25,3
adult,1,0.12964246975491212,-0.16666666666666666,2
adult,1,0.0050754359888105505,-0.75,9
adult,1,0.05402150408519757,-0.75,9
adult,1,0.07568757850743024,-0.6666666666666666,8
adult,1,0.4406388896832574,-100.08333333333333,1
adult,1,0.059946524989337835,-0.75,9
adult,1,0.49122554744404323,-100.0,0
adult,1,0.2726821726489278,-0.16666666666666666,2
adult,1,0.4597782854988285,-100.08333333333333,1
adult,1,0.014580918669557907,-0.75,9
adult,1,0.08229327413214016,-0.4166666666666667,5
adult,1,0.4597782854988285,-100.16666666666667,2
adult,1,0.009784496576428103,-0.75,9
adult,1,0.009814936355965309,-0.6666666666666666,8
adult,1,0.06839724627941723,-0.75,9
adult,1,0.31017652025384723,-100.75,9
adult,1,0.4199947253310894,-100.16666666666667,2
adult,1,0.05979781508205295,-0.75,9
adult,1,0.20036608478191653,-0.4166666666666667,5
adult,1,0.38079636632704184,-100.25,3
adult,1,0.12964246975491212,-0.5,6
adult,1,0.49122554744404323,-100.0,0
adult,1,0.07455632252156719,-0.75,9
adult,1,0.4199947253310894,-100.25,3
adult,1,0.49122554744404323,-100.0,0
adult,1,0.054102170577392084,-0.75,9
adult,1,0.009421899369042364,-0.75,9
adult,1,0.10852135972026433,-0.5833333333333334,7
adult,1,0.060538304650532004,-0.75,9
adult,1,0.49122554744404323,-100.08333333333333,1
adult,1,0.396029780856501,-100.16666666666667,2
adult,1,0.49122554744404323,-100.0,0
adult,1,0.17085424768265522,-0.25,3
adult,1,0.06427110124881297,-0.75,9
adult,1,0.027558098079310422,-0.75,9
adult,1,0.49122554744404323,-100.0,0
adult,1,0.22566106897398241,-0.5,6
adult,1,0.08065140489033817,-0.75,9
adult,1,0.0311726745564207,-0.75,9
adult,1,0.45200691109182567,-100.16666666666667,2
adult,1,0.443789132193782,-100.16666666666667,2
adult,1,0.49122554744404323,-100.0,0
adult,1,0.3425234955731773,-100.33333333333333,4
adult,1,0.20036608478191653,-0.25,3
adult,1,0.19170797853579458,-0.5,6
adult,1,0.07153923200392931,-0.75,9
adult,1,0.23518365823323628,-0.3333333333333333,4
adult,1,0.031177108617522653,-0.75,9
adult,1,0.09757706648447428,-0.5,6
adult,1,0.3522218625608804,-100.41666666666667,5
adult,1,0.49122554744404323,-100.16666666666667,2
adult,1,0.027558098079310422,-0.75,9
adult,1,0.2726821726489278,-0.08333333333333333,1
adult,1,0.014480044582452667,-0.75,9
flight,1,0.7615997542394806,-100.38461538461539,5
flight,1,0.9826408586840785,-100.3076923076923,4
flight,1,0.08907123541814055,-0.6153846153846154,8
flight,1,0.9680567115073361,-100.53846153846153,7
flight,1,0.9680567115073361,-100.84615384615384,11
flight,1,0.9826408586840785,-100.38461538461539,5
flight,1,0.9680567115073361,-100.46153846153847,6
flight,1,0.9826408586840785,-100.0,0
flight,1,0.9680567115073361,-100.84615384615384,11
flight,1,0.9680567115073361,-100.3076923076923,4
flight,1,0.8846850956852224,-100.61538461538461,8
flight,1,0.8846850956852224,-100.84615384615384,11
flight,1,0.11650065212924676,-0.8461538461538461,11
flight,1,0.08907123541814055,-0.6153846153846154,8
flight,1,0.9826408586840785,-100.15384615384616,2
flight,1,0.9826408586840785,-100.07692307692308,1
flight,1,0.9826408586840785,-100.0,0
flight,1,0.17632192147614734,-0.23076923076923078,3
flight,1,0.06676260648713994,-0.8461538461538461,11
flight,1,0.9680567115073361,-100.15384615384616,2
flight,1,0.9680567115073361,-100.23076923076923,3
flight,1,0.9826408586840785,-100.0,0
flight,1,0.09859997839625356,-0.8461538461538461,11
flight,1,0.9826408586840785,-100.15384615384616,2
flight,1,0.8846850956852224,-100.84615384615384,11
flight,1,0.18094116044347042,-0.3076923076923077,4
flight,1,0.08907123541814055,-0.8461538461538461,11
flight,1,0.9680567115073361,-100.61538461538461,8
flight,1,0.9826408586840785,-100.53846153846153,7
flight,1,0.13051054943857365,-0.5384615384615384,7
flight,1,0.8846850956852224,-100.76923076923077,10
flight,1,0.1222736628243225,-0.7692307692307693,10
flight,1,0.9826408586840785,-100.0,0
flight,1,0.9680567115073361,-100.3076923076923,4
flight,1,0.16828933816592273,-0.8461538461538461,11
flight,1,0.9826408586840785,-100.53846153846153,7
flight,1,0.9680567115073361,-100.76923076923077,10
flight,1,0.08907123541814055,-0.8461538461538461,11
flight,1,0.23553045167227926,-0.8461538461538461,11
flight,1,0.9826408586840785,-100.0,0
flight,1,0.17938103044066545,-0.6923076923076923,9
flight,1,0.9680567115073361,-100.6923076923077,9
flight,1,0.9826408586840785,-100.23076923076923,3
flight,1,0.7615997542394806,-100.3076923076923,4
flight,1,0.7637041577312637,-100.46153846153847,6
flight,1,0.7835724119593105,-100.61538461538461,8
flight,1,0.9826408586840785,-100.53846153846153,7
flight,1,0.9826408586840785,-100.0,0
flight,1,0.9680567115073361,-100.3076923076923,4
flight,1,0.9826408586840785,-100.53846153846153,7
flight,1,0.13818569520024426,-0.8461538461538461,11
flight,1,0.08907123541814055,-0.8461538461538461,11
flight,1,0.17967605980281343,-0.8461538461538461,11
flight,1,0.8846850956852224,-100.6923076923077,9
flight,1,0.9680567115073361,-100.38461538461539,5
flight,1,0.9680567115073361,-100.38461538461539,5
flight,1,0.7637041577312637,-100.15384615384616,2
flight,1,0.9680567115073361,-100.76923076923077,10
flight,1,0.08907123541814055,-0.8461538461538461,11
flight,1,0.9826408586840785,-100.3076923076923,4
flight,1,0.9826408586840785,-100.3076923076923,4
flight,1,0.7835724119593105,-100.38461538461539,5
flight,1,0.8846850956852224,-100.84615384615384,11
flight,1,0.8846850956852224,-100.76923076923077,10
flight,1,0.9826408586840785,-100.0,0
flight,1,0.24980936013667854,-0.8461538461538461,11
flight,1,0.13818569520024426,-0.8461538461538461,11
flight,1,0.9826408586840785,-100.15384615384616,2
flight,1,0.13051054943857365,-0.8461538461538461,11
flight,1,0.1689864093151694,-0.38461538461538464,5
flight,1,0.06676260648713994,-0.8461538461538461,11
flight,1,0.7806898343893851,-100.6923076923077,9
flight,1,0.9826408586840785,-100.3076923076923,4
flight,1,0.11650065212924676,-0.8461538461538461,11
flight,1,0.9826408586840785,-100.0,0
flight,1,0.7637041577312637,-100.23076923076923,3
flight,1,0.9826408586840785,-100.46153846153847,6
flight,1,0.9826408586840785,-100.07692307692308,1
flight,1,0.9826408586840785,-100.23076923076923,3
flight,1,0.1222736628243225,-0.7692307692307693,10
flight,1,0.12744625720955838,-0.8461538461538461,11
flight,1,0.9826408586840785,-100.07692307692308,1
flight,1,0.9826408586840785,-100.07692307692308,1
flight,1,0.9680567115073361,-100.84615384615384,11
flight,1,0.08907123541814055,-0.8461538461538461,11
flight,1,0.7835724119593105,-100.6923076923077,9
flight,1,0.9826408586840785,-100.0,0
flight,1,0.2455785165522859,-0.5384615384615384,7
flight,1,0.18094116044347042,-0.6153846153846154,8
flight,1,0.17632192147614734,-0.46153846153846156,6
flight,1,0.08907123541814055,-0.8461538461538461,11
flight,1,0.9680567115073361,-100.53846153846153,7
flight,1,0.7835724119593105,-100.38461538461539,5
flight,1,0.2455785165522859,-0.5384615384615384,7
flight,1,0.9826408586840785,-100.61538461538461,8
flight,1,0.9680567115073361,-100.6923076923077,9
flight,1,0.9826408586840785,-100.23076923076923,3
flight,1,0.9826408586840785,-100.15384615384616,2
flight,1,0.9826408586840785,-100.38461538461539,5
flight,1,0.9826408586840785,-100.23076923076923,3
tax,1,0.3057912208405609,-100.66666666666667,2
tax,1,0.0,-1.0,3
tax,1,0.0,-1.0,3
tax,1,0.5548418449270073,-100.0,0
tax,1,0.0,-1.0,3
tax,1,0.5548418449270073,-100.66666666666667,2
tax,1,0.5548418449270073,-100.33333333333333,1
tax,1,0.5548418449270073,-100.0,0
tax,1,0.5548418449270073,-100.0,0
tax,1,0.5548418449270073,-100.0,0
tax,1,0.0,-1.0,3
tax,1,0.5548418449270073,-100.33333333333333,1
tax,1,0.0,-1.0,3
tax,1,0.3057912208405609,-100.33333333333333,1
tax,1,0.0,-1.0,3
tax,1,0.2290091161470067,-0.6666666666666666,2
tax,1,0.5548418449270073,-100.33333333333333,1
tax,1,0.5548418449270073,-100.0,0
tax,1,0.2290091161470067,-0.6666666666666666,2
tax,1,0.0,-1.0,3
tax,1,0.5548418449270073,-100.66666666666667,2
tax,1,0.5548418449270073,-100.33333333333333,1
tax,1,0.0,-1.0,3
tax,1,0.5548418449270073,-100.66666666666667,2
tax,1,0.3057912208405609,-100.33333333333333,1
tax,1,0.5548418449270073,-100.33333333333333,1
tax,1,0.5548418449270073,-100.33333333333333,1
tax,1,0.5548418449270073,-100.33333333333333,1
tax,1,0.0,-1.0,3
tax,1,0.2290091161470067,-0.6666666666666666,2
tax,1,0.0,-1.0,3
tax,1,0.5548418449270073,-100.0,0
tax,1,0.5548418449270073,-100.0,0
tax,1,0.2290091161470067,-0.6666666666666666,2
tax,1,0.5548418449270073,-100.0,0
tax,1,0.3057912208405609,-100.33333333333333,1
tax,1,0.3057912208405609,-100.33333333333333,1
tax,1,0.0,-1.0,3
tax,1,0.5548418449270073,-100.33333333333333,1
tax,1,0.0,-1.0,3
tax,1,0.5548418449270073,-100.0,0
tax,1,0.3057912208405609,-100.33333333333333,1
tax,1,0.2290091161470067,-0.6666666666666666,2
tax,1,0.5548418449270073,-100.0,0
tax,1,0.5548418449270073,-100.33333333333333,1
tax,1,0.5548418449270073,-100.0,0
tax,1,0.0,-1.0,3
tax,1,0.5548418449270073,-100.0,0
tax,1,0.0,-1.0,3
tax,1,0.3057912208405609,-100.33333333333333,1
tax,1,0.5548418449270073,-100.0,0
tax,1,0.3057912208405609,-100.66666666666667,2
tax,1,0.5548418449270073,-100.66666666666667,2
tax,1,0.5548418449270073,-100.0,0
tax,1,0.3057912208405609,-100.66666666666667,2
tax,1,0.5548418449270073,-100.33333333333333,1
tax,1,0.5548418449270073,-100.66666666666667,2
tax,1,0.5548418449270073,-100.0,0
tax,1,0.5548418449270073,-100.33333333333333,1
tax,1,0.5548418449270073,-100.0,0
tax,1,0.0,-1.0,3
tax,1,0.5548418449270073,-100.0,0
tax,1,0.0,-1.0,3
tax,1,0.5548418449270073,-100.66666666666667,2
tax,1,0.3057912208405609,-100.33333333333333,1
tax,1,0.2290091161470067,-0.6666666666666666,2
tax,1,0.0,-1.0,3
tax,1,0.0,-1.0,3
tax,1,0.0,-1.0,3
tax,1,0.5548418449270073,-100.0,0
tax,1,0.5548418449270073,-100.0,0
tax,1,0.3057912208405609,-100.66666666666667,2
tax,1,0.0,-1.0,3
tax,1,0.3057912208405609,-100.33333333333333,1
tax,1,0.2290091161470067,-0.6666666666666666,2
tax,1,0.5548418449270073,-100.66666666666667,2
tax,1,0.5548418449270073,-100.66666666666667,2
tax,1,0.3057912208405609,-100.33333333333333,1
tax,1,0.5548418449270073,-100.66666666666667,2
tax,1,0.5548418449270073,-100.33333333333333,1
tax,1,0.2290091161470067,-0.6666666666666666,2
tax,1,0.5548418449270073,-100.0,0
tax,1,0.2290091161470067,-0.6666666666666666,2
tax,1,0.0,-1.0,3
tax,1,0.3057912208405609,-100.33333333333333,1
tax,1,0.0,-1.0,3
tax,1,0.0,-1.0,3
tax,1,0.0,-1.0,3
tax,1,0.5548418449270073,-100.66666666666667,2
tax,1,0.3057912208405609,-100.66666666666667,2
tax,1,0.0,-1.0,3
tax,1,0.5548418449270073,-100.33333333333333,1
tax,1,0.3057912208405609,-100.66666666666667,2
tax,1,0.5548418449270073,-100.33333333333333,1
tax,1,0.5548418449270073,-100.33333333333333,1
tax,1,0.0,-1.0,3
tax,1,0.5548418449270073,-100.0,0
tax,1,0.5548418449270073,-100.66666666666667,2
tax,1,0.2290091161470067,-0.6666666666666666,2
tax,1,0.5548418449270073,-100.66666666666667,2
