dataset,epsilon,leakage,utility,mask_size
airport,100,0.22337399647872114,-0.0,0
airport,100,0.0,-0.8333333333333334,5
airport,100,0.22337399647872114,-0.0,0
airport,100,0.011469181810646378,-0.6666666666666666,4
airport,100,0.22337399647872114,-0.6666666666666666,4
airport,100,0.011469181810646378,-0.6666666666666666,4
airport,100,0.0,-0.8333333333333334,5
airport,100,0.0,-0.8333333333333334,5
airport,100,0.03592524660768637,-0.3333333333333333,2
airport,100,0.051126318247808444,-0.16666666666666666,1
airport,100,0.003306804705818678,-0.8333333333333334,5
airport,100,0.015768127809462573,-0.8333333333333334,5
airport,100,0.22337399647872114,-0.0,0
airport,100,0.015768127809462573,-0.8333333333333334,5
airport,100,0.05010955345870127,-0.3333333333333333,2
airport,100,0.051126318247808444,-0.6666666666666666,4
airport,100,0.22337399647872114,-0.3333333333333333,2
airport,100,0.03592524660768637,-0.16666666666666666,1
airport,100,0.0008907266304110095,-0.8333333333333334,5
airport,100,0.051126318247808444,-0.5,3
airport,100,0.011469181810646378,-0.5,3
airport,100,0.22337399647872114,-0.16666666666666666,1
airport,100,0.015768127809462573,-0.8333333333333334,5
airport,100,0.03592524660768637,-0.3333333333333333,2
airport,100,0.015768127809462573,-0.8333333333333334,5
airport,100,0.22337399647872114,-0.0,0
airport,100,0.051126318247808444,-0.6666666666666666,4
airport,100,0.22337399647872114,-0.16666666666666666,1
airport,100,0.22337399647872114,-0.3333333333333333,2
airport,100,0.22337399647872114,-0.0,0
airport,100,0.22337399647872114,-0.0,0
airport,100,0.22337399647872114,-0.0,0
airport,100,0.03592524660768637,-0.16666666666666666,1
airport,100,0.05010955345870127,-0.6666666666666666,4
airport,100,0.0,-0.8333333333333334,5
airport,100,0.003609042830710618,-0.8333333333333334,5
airport,100,0.0008907266304110095,-0.8333333333333334,5
airport,100,0.22337399647872114,-0.0,0
airport,100,0.004612425044516089,-0.6666666666666666,4
airport,100,0.03592524660768637,-0.5,3
airport,100,0.22337399647872114,-0.0,0
airport,100,0.05853885744745513,-0.5,3
airport,100,0.015768127809462573,-0.8333333333333334,5
airport,100,0.051126318247808444,-0.16666666666666666,1
airport,100,0.003609042830710618,-0.8333333333333334,5
airport,100,0.22337399647872114,-0.0,0
airport,100,0.0,-0.8333333333333334,5
airport,100,0.0,-0.6666666666666666,4
airport,100,0.22337399647872114,-0.0,0
airport,100,0.0008907266304110095,-0.8333333333333334,5
airport,100,0.003306804705818678,-0.8333333333333334,5
airport,100,0.22337399647872114,-0.5,3
airport,100,0.003609042830710618,-0.8333333333333334,5
airport,100,0.008222647309668152,-0.6666666666666666,4
airport,100,0.22337399647872114,-0.0,0
airport,100,0.003609042830710618,-0.8333333333333334,5
airport,100,0.0,-0.8333333333333334,5
airport,100,0.03592524660768637,-0.6666666666666666,4
airport,100,0.015768127809462573,-0.8333333333333334,5
airport,100,0.015768127809462573,-0.8333333333333334,5
airport,100,0.051126318247808444,-0.5,3
airport,100,0.0,-0.6666666666666666,4
airport,100,0.0008907266304110095,-0.8333333333333334,5
airport,100,0.03592524660768637,-0.16666666666666666,1
airport,100,0.03592524660768637,-0.16666666666666666,1
airport,100,0.22337399647872114,-0.16666666666666666,1
airport,100,0.05853885744745513,-0.6666666666666666,4
airport,100,0.03592524660768637,-0.16666666666666666,1
airport,100,0.03592524660768637,-0.5,3
airport,100,0.22337399647872114,-0.5,3
airport,100,0.03592524660768637,-0.5,3
airport,100,0.22337399647872114,-0.0,0
airport,100,0.015768127809462573,-0.8333333333333334,5
airport,100,0.051126318247808444,-0.16666666666666666,1
airport,100,0.013497595919447658,-0.6666666666666666,4
airport,100,0.003609042830710618,-0.8333333333333334,5
airport,100,0.22337399647872114,-0.0,0
airport,100,0.015768127809462573,-0.8333333333333334,5
airport,100,0.22337399647872114,-0.0,0
airport,100,0.05853885744745513,-0.6666666666666666,4
airport,100,0.22337399647872114,-0.0,0
airport,100,0.051126318247808444,-0.5,3
airport,100,0.06016840572859605,-0.3333333333333333,2
airport,100,0.003306804705818678,-0.8333333333333334,5
airport,100,0.05010955345870127,-0.3333333333333333,2
airport,100,0.22337399647872114,-0.0,0
airport,100,0.003306804705818678,-0.8333333333333334,5
airport,100,0.22337399647872114,-0.3333333333333333,2
airport,100,0.22337399647872114,-0.16666666666666666,1
airport,100,0.22337399647872114,-0.0,0
airport,100,0.05010955345870127,-0.3333333333333333,2
airport,100,0.22337399647872114,-0.0,0
airport,100,0.05853885744745513,-0.5,3
airport,100,0.008222647309668152,-0.6666666666666666,4
airport,100,0.0008907266304110095,-0.8333333333333334,5
airport,100,0.06016840572859605,-0.5,3
airport,100,0.051126318247808444,-0.16666666666666666,1
airport,100,0.003306804705818678,-0.8333333333333334,5
airport,100,0.22337399647872114,-0.0,0
airport,100,0.003306804705818678,-0.8333333333333334,5
hospital,100,0.24315756576632586,-0.8,8
hospital,100,0.35966634913433626,-100.3,3
hospital,100,0.6086948858179753,-100.3,3
hospital,100,0.6623992294064142,-100.0,0
hospital,100,0.6086948858179753,-100.4,4
hospital,100,0.2902622119955647,-0.9,9
hospital,100,0.6623992294064142,-100.0,0
hospital,100,0.385599188513301,-100.6,6
hospital,100,0.385599188513301,-100.7,7
hospital,100,0.0001443939775050973,-0.9,9
hospital,100,0.21945273335876703,-0.6,6
hospital,100,0.6623992294064142,-100.1,1
hospital,100,0.24175913958548945,-0.9,9
hospital,100,0.0001443939775050973,-0.9,9
hospital,100,0.24175913958548945,-0.9,9
hospital,100,0.385599188513301,-100.5,5
hospital,100,0.26187931623708605,-0.5,5
hospital,100,0.35966634913433626,-100.5,5
hospital,100,0.385599188513301,-100.7,7
hospital,100,0.6623992294064142,-100.4,4
hospital,100,0.0,-0.9,9
hospital,100,0.385599188513301,-100.7,7
hospital,100,0.6086948858179753,-100.3,3
hospital,100,0.21940735109689347,-0.7,7
hospital,100,0.6086948858179753,-100.4,4
hospital,100,0.21940735109689347,-0.9,9
hospital,100,0.6623992294064142,-100.2,2
hospital,100,0.35966634913433626,-100.8,8
hospital,100,0.35966634913433626,-100.7,7
hospital,100,0.35966634913433626,-100.7,7
hospital,100,0.35966634913433626,-100.7,7
hospital,100,0.6623992294064142,-100.0,0
hospital,100,0.6623992294064142,-100.6,6
hospital,100,0.26187931623708605,-0.5,5
hospital,100,0.21940735109689347,-0.8,8
hospital,100,0.0001443939775050973,-0.9,9
hospital,100,0.6623992294064142,-100.1,1
hospital,100,0.35966634913433626,-100.5,5
hospital,100,0.6623992294064142,-100.0,0
hospital,100,0.6086948858179753,-100.3,3
hospital,100,0.6623992294064142,-100.1,1
hospital,100,0.6086948858179753,-100.4,4
hospital,100,0.6086948858179753,-100.2,2
hospital,100,0.26187931623708605,-0.7,7
hospital,100,0.6009727293422886,-100.5,5
hospital,100,0.385599188513301,-100.9,9
hospital,100,0.6623992294064142,-100.1,1
hospital,100,0.6623992294064142,-100.1,1
hospital,100,0.385599188513301,-100.7,7
hospital,100,0.24175913958548945,-0.8,8
hospital,100,0.6009727293422886,-100.3,3
hospital,100,0.6009727293422886,-100.1,1
hospital,100,0.35966634913433626,-100.5,5
hospital,100,0.6009727293422886,-100.2,2
hospital,100,0.3166049127277152,-100.7,7
hospital,100,0.385599188513301,-100.8,8
hospital,100,0.14540885463656628,-0.9,9
hospital,100,0.6623992294064142,-100.4,4
hospital,100,0.385599188513301,-100.8,8
hospital,100,0.21940735109689347,-0.8,8
hospital,100,0.6623992294064142,-100.1,1
hospital,100,0.385599188513301,-100.7,7
hospital,100,0.35966634913433626,-100.3,3
hospital,100,0.385599188513301,-100.8,8
hospital,100,0.2902622119955647,-0.9,9
hospital,100,0.48321731969835446,-100.3,3
hospital,100,0.24175913958548945,-0.8,8
hospital,100,0.6623992294064142,-100.0,0
hospital,100,0.6009727293422886,-100.4,4
hospital,100,0.24175913958548945,-0.9,9
hospital,100,0.21940735109689347,-0.9,9
hospital,100,0.6623992294064142,-100.1,1
hospital,100,0.6623992294064142,-100.0,0
hospital,100,0.5627711589443901,-100.3,3
hospital,100,0.35966634913433626,-100.5,5
hospital,100,0.6086948858179753,-100.5,5
hospital,100,0.6623992294064142,-100.2,2
hospital,100,0.21945273335876703,-0.8,8
hospital,100,0.6623992294064142,-100.0,0
hospital,100,0.14540885463656628,-0.8,8
hospital,100,0.261836400724347,-0.7,7
hospital,100,0.2902622119955647,-0.8,8
hospital,100,0.385599188513301,-100.6,6
hospital,100,0.21940735109689347,-0.7,7
hospital,100,0.2902622119955647,-0.9,9
hospital,100,0.6623992294064142,-100.1,1
hospital,100,0.0,-0.9,9
hospital,100,0.6086948858179753,-100.5,5
hospital,100,0.14540885463656628,-0.9,9
hospital,100,0.35966634913433626,-100.4,4
hospital,100,0.24315756576632586,-0.8,8
hospital,100,0.24315756576632586,-0.6,6
hospital,100,0.6623992294064142,-100.0,0
hospital,100,0.21940735109689347,-0.7,7
hospital,100,0.6623992294064142,-100.4,4
hospital,100,0.24315756576632586,-0.7,7
hospital,100,0.6086948858179753,-100.2,2
hospital,100,0.6623992294064142,-100.0,0
hospital,100,0.6086948858179753,-100.2,2
hospital,100,0.24315756576632586,-0.5,5
adult,100,0.222080741183048,-0.25,3
adult,100,0.49122554744404323,-100.0,0
adult,100,0.021819413594319048,-0.75,9
adult,100,0.07101526341642339,-0.5833333333333334,7
adult,100,0.2183398624862377,-0.5833333333333334,7
adult,100,0.029312755362367993,-0.75,9
adult,100,0.060474366498108556,-0.5833333333333334,7
adult,100,0.0805093162620586,-0.6666666666666666,8
adult,100,0.20867598435821755,-0.5833333333333334,7
adult,100,0.13008021763052202,-0.75,9
adult,100,0.0711866684377851,-0.6666666666666666,8
adult,100,0.05993629295207481,-0.75,9
adult,100,0.2565641779949628,-0.5,6
adult,100,0.49122554744404323,-100.0,0
adult,100,0.0002827026517615572,-0.75,9
adult,100,0.06600256526198245,-0.5833333333333334,7
adult,100,0.004193760888674403,-0.75,9
adult,100,0.222080741183048,-0.25,3
adult,100,0.06349016099810367,-0.75,9
adult,100,0.09147906013325913,-0.5,6
adult,100,0.005116578607855304,-0.75,9
adult,100,0.0019216440431841786,-0.75,9
adult,100,0.2726821726489278,-0.08333333333333333,1
adult,100,0.19448229958623608,-0.25,3
adult,100,0.2113249888414973,-0.4166666666666667,5
adult,100,0.2726821726489278,-0.08333333333333333,1
adult,100,0.02123648136471823,-0.75,9
adult,100,0.28453490540018433,-0.4166666666666667,5
adult,100,0.08447407612886015,-0.6666666666666666,8
adult,100,0.004127059064845451,-0.75,9
adult,100,0.05993835955387905,-0.75,9
adult,100,0.0008166766726109831,-0.75,9
adult,100,0.2726821726489278,-0.08333333333333333,1
adult,100,0.2596747045649622,-0.5833333333333334,7
adult,100,0.254003676035066,-0.4166666666666667,5
adult,100,0.06518969640941641,-0.5,6
adult,100,0.19448229958623608,-0.25,3
adult,100,0.0617988701103136,-0.75,9
adult,100,0.013870497061787779,-0.6666666666666666,8
adult,100,0.06600499048893904,-0.75,9
adult,100,0.26733049635846484,-0.16666666666666666,2
adult,100,0.004139329714880069,-0.75,9
adult,100,0.0002827026517615572,-0.75,9
adult,100,0.005477513286126112,-0.75,9
adult,100,0.0017859049880922795,-0.75,9
adult,100,0.07673127280320524,-0.5833333333333334,7
adult,100,0.141854762675785,-0.3333333333333333,4
adult,100,0.010021246092574043,-0.75,9
adult,100,0.10730289277406324,-0.6666666666666666,8
adult,100,0.26733049635846484,-0.16666666666666666,2
adult,100,0.022662624511418872,-0.75,9
adult,100,0.06920930761588873,-0.75,9
adult,100,0.004156922032507726,-0.75,9
adult,100,0.0979489886084941,-0.5833333333333334,7
adult,100,0.12160014755924575,-0.5,6
adult,100,0.26733049635846484,-0.16666666666666666,2
adult,100,0.12028407635014537,-0.5,6
adult,100,0.26733049635846484,-0.25,3
adult,100,0.06443486756484917,-0.75,9
adult,100,0.0,-0.75,9
adult,100,0.21945957036223462,-0.4166666666666667,5
adult,100,0.0239075800488614,-0.75,9
adult,100,0.2726821726489278,-0.08333333333333333,1
adult,100,0.053514048386810065,-0.5833333333333334,7
adult,100,0.20255704456690649,-0.4166666666666667,5
adult,100,0.2141054855766088,-0.3333333333333333,4
adult,100,0.0035762002725134856,-0.5833333333333334,7
adult,100,0.2726821726489278,-0.08333333333333333,1
adult,100,0.1388991846729406,-0.4166666666666667,5
adult,100,0.022662624511418872,-0.6666666666666666,8
adult,100,0.08065140489033817,-0.4166666666666667,5
adult,100,0.06879398592551578,-0.4166666666666667,5
adult,100,0.2565641779949628,-0.25,3
adult,100,0.00407460861871789,-0.5,6
adult,100,0.27402139972245465,-0.4166666666666667,5
adult,100,0.06571900756671212,-0.6666666666666666,8
adult,100,0.222080741183048,-0.25,3
adult,100,0.06590522876458327,-0.75,9
adult,100,0.06119440432770418,-0.6666666666666666,8
adult,100,0.49122554744404323,-100.0,0
adult,100,0.0724050416762495,-0.5833333333333334,7
adult,100,0.49122554744404323,-100.0,0
adult,100,0.11927152773640248,-0.4166666666666667,5
adult,100,0.10514481101539985,-0.3333333333333333,4
adult,100,0.2565641779949628,-0.4166666666666667,5
adult,100,0.02678175257966009,-0.5,6
adult,100,0.07144789665107187,-0.5,6
adult,100,0.05206069019624504,-0.75,9
adult,100,0.0013162607633980805,-0.6666666666666666,8
adult,100,0.053514048386810065,-0.6666666666666666,8
adult,100,0.0239075800488614,-0.75,9
adult,100,0.1620055695631326,-0.4166666666666667,5
adult,100,0.0649275389013596,-0.3333333333333333,4
adult,100,0.2726821726489278,-0.08333333333333333,1
adult,100,0.021089799059135328,-0.75,9
adult,100,0.49122554744404323,-100.08333333333333,1
adult,100,0.019506699349020717,-0.6666666666666666,8
adult,100,0.014681478212399401,-0.6666666666666666,8
adult,100,0.06600256526198245,-0.5833333333333334,7
adult,100,0.26733049635846484,-0.16666666666666666,2
flight,100,0.17364678630049102,-0.46153846153846156,6
flight,100,0.13818569520024426,-0.7692307692307693,10
flight,100,0.24980936013667854,-0.5384615384615384,7
flight,100,0.9826408586840785,-100.76923076923077,10
flight,100,0.7637041577312637,-100.46153846153847,6
flight,100,0.9680567115073361,-100.23076923076923,3
flight,100,0.9826408586840785,-100.0,0
flight,100,0.13051054943857365,-0.6923076923076923,9
flight,100,0.08907123541814055,-0.8461538461538461,11
flight,100,0.1689864093151694,-0.5384615384615384,7
flight,100,0.9826408586840785,-100.38461538461539,5
flight,100,0.08907123541814055,-0.7692307692307693,10
flight,100,0.9826408586840785,-100.0,0
flight,100,0.9826408586840785,-100.53846153846153,7
flight,100,0.9680567115073361,-100.46153846153847,6
flight,100,0.06676260648713994,-0.8461538461538461,11
flight,100,0.9826408586840785,-100.23076923076923,3
flight,100,0.16828933816592273,-0.8461538461538461,11
flight,100,0.13818569520024426,-0.7692307692307693,10
flight,100,0.17632192147614734,-0.38461538461538464,5
flight,100,0.08907123541814055,-0.8461538461538461,11
flight,100,0.13051054943857365,-0.46153846153846156,6
flight,100,0.1222736628243225,-0.8461538461538461,11
flight,100,0.9826408586840785,-100.07692307692308,1
flight,100,0.1689864093151694,-0.5384615384615384,7
flight,100,0.13051054943857365,-0.5384615384615384,7
flight,100,0.08907123541814055,-0.8461538461538461,11
flight,100,0.9826408586840785,-100.0,0
flight,100,0.1222736628243225,-0.8461538461538461,11
flight,100,0.24980936013667854,-0.7692307692307693,10
flight,100,0.13818569520024426,-0.46153846153846156,6
flight,100,0.16828933816592273,-0.8461538461538461,11
flight,100,0.08907123541814055,-0.8461538461538461,11
flight,100,0.2455785165522859,-0.5384615384615384,7
flight,100,0.9826408586840785,-100.46153846153847,6
flight,100,0.13818569520024426,-0.6923076923076923,9
flight,100,0.17632192147614734,-0.15384615384615385,2
flight,100,0.9826408586840785,-100.61538461538461,8
flight,100,0.13818569520024426,-0.46153846153846156,6
flight,100,0.9826408586840785,-100.53846153846153,7
flight,100,0.9826408586840785,-100.3076923076923,4
flight,100,0.12744625720955838,-0.7692307692307693,10
flight,100,0.06676138493996508,-0.8461538461538461,11
flight,100,0.13818569520024426,-0.38461538461538464,5
flight,100,0.7637041577312637,-100.15384615384616,2
flight,100,0.23553045167227926,-0.6923076923076923,9
flight,100,0.08907123541814055,-0.6923076923076923,9
flight,100,0.9826408586840785,-100.07692307692308,1
flight,100,0.9826408586840785,-100.6923076923077,9
flight,100,0.9826408586840785,-100.15384615384616,2
flight,100,0.23553045167227926,-0.8461538461538461,11
flight,100,0.9826408586840785,-100.15384615384616,2
flight,100,0.06676138493996508,-0.8461538461538461,11
flight,100,0.9826408586840785,-100.23076923076923,3
flight,100,0.09859997839625356,-0.8461538461538461,11
flight,100,0.9826408586840785,-100.3076923076923,4
flight,100,0.13818569520024426,-0.5384615384615384,7
flight,100,0.06676138493996508,-0.8461538461538461,11
flight,100,0.08907123541814055,-0.8461538461538461,11
flight,100,0.13818569520024426,-0.8461538461538461,11
flight,100,0.09860700316574256,-0.8461538461538461,11
flight,100,0.2455785165522859,-0.5384615384615384,7
flight,100,0.06680017428701124,-0.6923076923076923,9
flight,100,0.13818569520024426,-0.7692307692307693,10
flight,100,0.10448995667162086,-0.6923076923076923,9
flight,100,0.9826408586840785,-100.0,0
flight,100,0.13818569520024426,-0.5384615384615384,7
flight,100,0.9826408586840785,-100.0,0
flight,100,0.9826408586840785,-100.46153846153847,6
flight,100,0.13051054943857365,-0.5384615384615384,7
flight,100,0.8846850956852224,-100.84615384615384,11
flight,100,0.9826408586840785,-100.0,0
flight,100,0.08907123541814055,-0.7692307692307693,10
flight,100,0.13051054943857365,-0.7692307692307693,10
flight,100,0.16828933816592273,-0.7692307692307693,10
flight,100,0.13051054943857365,-0.7692307692307693,10
flight,100,0.1222736628243225,-0.8461538461538461,11
flight,100,0.9826408586840785,-100.53846153846153,7
flight,100,0.23553045167227926,-0.6923076923076923,9
flight,100,0.2455785165522859,-0.6153846153846154,8
flight,100,0.9826408586840785,-100.84615384615384,11
flight,100,0.08907123541814055,-0.8461538461538461,11
flight,100,0.06676260648713994,-0.8461538461538461,11
flight,100,0.7637041577312637,-100.15384615384616,2
flight,100,0.17632192147614734,-0.3076923076923077,4
flight,100,0.06676625649827916,-0.8461538461538461,11
flight,100,0.2455785165522859,-0.5384615384615384,7
flight,100,0.9826408586840785,-100.0,0
flight,100,0.11650065212924676,-0.8461538461538461,11
flight,100,0.13818569520024426,-0.38461538461538464,5
flight,100,0.9826408586840785,-100.38461538461539,5
flight,100,0.9826408586840785,-100.0,0
flight,100,0.1689864093151694,-0.46153846153846156,6
flight,100,0.06676138493996508,-0.8461538461538461,11
flight,100,0.9826408586840785,-100.23076923076923,3
flight,100,0.1689864093151694,-0.6153846153846154,8
flight,100,0.1689864093151694,-0.38461538461538464,5
flight,100,0.9826408586840785,-100.07692307692308,1
flight,100,0.13818569520024426,-0.6923076923076923,9
flight,100,0.06680017428701124,-0.7692307692307693,10
tax,100,0.3057912208405609,-100.66666666666667,2
tax,100,0.3057912208405609,-100.33333333333333,1
tax,100,0.3057912208405609,-100.33333333333333,1
tax,100,0.2290091161470067,-0.6666666666666666,2
tax,100,0.3057912208405609,-100.66666666666667,2
tax,100,0.3057912208405609,-100.33333333333333,1
tax,100,0.3057912208405609,-100.66666666666667,2
tax,100,0.3057912208405609,-100.33333333333333,1
tax,100,0.3057912208405609,-100.33333333333333,1
tax,100,0.3057912208405609,-100.33333333333333,1
tax,100,0.3057912208405609,-100.33333333333333,1
tax,100,0.3057912208405609,-100.33333333333333,1
tax,100,0.2290091161470067,-0.6666666666666666,2
tax,100,0.0,-1.0,3
tax,100,0.2290091161470067,-0.6666666666666666,2
tax,100,0.2290091161470067,-0.6666666666666666,2
tax,100,0.3057912208405609,-100.33333333333333,1
tax,100,0.3057912208405609,-100.33333333333333,1
tax,100,0.3057912208405609,-100.66666666666667,2
tax,100,0.0,-1.0,3
tax,100,0.3057912208405609,-100.66666666666667,2
tax,100,0.2290091161470067,-0.6666666666666666,2
tax,100,0.3057912208405609,-100.66666666666667,2
tax,100,0.3057912208405609,-100.33333333333333,1
tax,100,0.2290091161470067,-0.6666666666666666,2
tax,100,0.3057912208405609,-100.33333333333333,1
tax,100,0.3057912208405609,-100.33333333333333,1
tax,100,0.3057912208405609,-100.33333333333333,1
tax,100,0.0,-1.0,3
tax,100,0.0,-1.0,3
tax,100,0.2290091161470067,-0.6666666666666666,2
tax,100,0.3057912208405609,-100.33333333333333,1
tax,100,0.3057912208405609,-100.66666666666667,2
tax,100,0.2290091161470067,-0.6666666666666666,2
tax,100,0.3057912208405609,-100.66666666666667,2
tax,100,0.0,-1.0,3
tax,100,0.3057912208405609,-100.66666666666667,2
tax,100,0.0,-1.0,3
tax,100,0.0,-1.0,3
tax,100,0.0,-1.0,3
tax,100,0.0,-1.0,3
tax,100,0.3057912208405609,-100.33333333333333,1
tax,100,0.3057912208405609,-100.33333333333333,1
tax,100,0.3057912208405609,-100.66666666666667,2
tax,100,0.0,-1.0,3
tax,100,0.3057912208405609,-100.33333333333333,1
tax,100,0.0,-1.0,3
tax,100,0.0,-1.0,3
tax,100,0.3057912208405609,-100.66666666666667,2
tax,100,0.3057912208405609,-100.33333333333333,1
tax,100,0.3057912208405609,-100.66666666666667,2
tax,100,0.3057912208405609,-100.33333333333333,1
tax,100,0.0,-1.0,3
tax,100,0.3057912208405609,-100.66666666666667,2
tax,100,0.3057912208405609,-100.33333333333333,1
tax,100,0.0,-1.0,3
tax,100,0.0,-1.0,3
tax,100,0.0,-1.0,3
tax,100,0.0,-1.0,3
tax,100,0.0,-1.0,3
tax,100,0.3057912208405609,-100.66666666666667,2
tax,100,0.3057912208405609,-100.33333333333333,1
tax,100,0.3057912208405609,-100.33333333333333,1
tax,100,0.2290091161470067,-0.6666666666666666,2
tax,100,0.3057912208405609,-100.33333333333333,1
tax,100,0.3057912208405609,-100.33333333333333,1
tax,100,0.0,-1.0,3
tax,100,0.2290091161470067,-0.6666666666666666,2
tax,100,0.0,-1.0,3
tax,100,0.3057912208405609,-100.33333333333333,1
tax,100,0.0,-1.0,3
tax,100,0.3057912208405609,-100.33333333333333,1
tax,100,0.0,-1.0,3
tax,100,0.2290091161470067,-0.6666666666666666,2
tax,100,0.3057912208405609,-100.33333333333333,1
tax,100,0.2290091161470067,-0.6666666666666666,2
tax,100,0.2290091161470067,-0.6666666666666666,2
tax,100,0.3057912208405609,-100.33333333333333,1
tax,100,0.0,-1.0,3
tax,100,0.0,-1.0,3
tax,100,0.2290091161470067,-0.6666666666666666,2
tax,100,0.0,-1.0,3
tax,100,0.3057912208405609,-100.33333333333333,1
tax,100,0.3057912208405609,-100.66666666666667,2
tax,100,0.0,-1.0,3
tax,100,0.3057912208405609,-100.33333333333333,1
tax,100,0.3057912208405609,-100.33333333333333,1
tax,100,0.3057912208405609,-100.33333333333333,1
tax,100,0.0,-1.0,3
tax,100,0.3057912208405609,-100.33333333333333,1
tax,100,0.3057912208405609,-100.33333333333333,1
tax,100,0.3057912208405609,-100.33333333333333,1
tax,100,0.0,-1.0,3
tax,100,0.2290091161470067,-0.6666666666666666,2
tax,100,0.3057912208405609,-100.33333333333333,1
tax,100,0.3057912208405609,-100.33333333333333,1
tax,100,0.0,-1.0,3
tax,100,0.3057912208405609,-100.33333333333333,1
tax,100,0.3057912208405609,-100.33333333333333,1
tax,100,0.3057912208405609,-100.33333333333333,1
