dataset,epsilon,leakage,utility,mask_size
airport,10,0.0096768865126029,-0.6666666666666666,4
airport,10,0.03592524660768637,-0.5,3
airport,10,0.008222647309668152,-0.6666666666666666,4
airport,10,0.22337399647872114,-0.16666666666666666,1
airport,10,0.22337399647872114,-0.0,0
airport,10,0.0,-0.8333333333333334,5
airport,10,0.0008907266304110095,-0.8333333333333334,5
airport,10,0.22337399647872114,-0.3333333333333333,2
airport,10,0.05010955345870127,-0.3333333333333333,2
airport,10,0.22337399647872114,-0.16666666666666666,1
airport,10,0.0,-0.8333333333333334,5
airport,10,0.008222647309668152,-0.6666666666666666,4
airport,10,0.22337399647872114,-0.16666666666666666,1
airport,10,0.0008907266304110095,-0.8333333333333334,5
airport,10,0.22337399647872114,-0.0,0
airport,10,0.22337399647872114,-0.3333333333333333,2
airport,10,0.013497595919447658,-0.5,3
airport,10,0.22337399647872114,-0.0,0
airport,10,0.015768127809462573,-0.8333333333333334,5
airport,10,0.0008907266304110095,-0.8333333333333334,5
airport,10,0.06016840572859605,-0.5,3
airport,10,0.22337399647872114,-0.0,0
airport,10,0.22337399647872114,-0.0,0
airport,10,0.22337399647872114,-0.0,0
airport,10,0.0,-0.6666666666666666,4
airport,10,0.05010955345870127,-0.6666666666666666,4
airport,10,0.015768127809462573,-0.8333333333333334,5
airport,10,0.051126318247808444,-0.6666666666666666,4
airport,10,0.05010955345870127,-0.6666666666666666,4
airport,10,0.05853885744745513,-0.6666666666666666,4
airport,10,0.003306804705818678,-0.8333333333333334,5
airport,10,0.0008907266304110095,-0.8333333333333334,5
airport,10,0.015768127809462573,-0.8333333333333334,5
airport,10,0.22337399647872114,-0.16666666666666666,1
airport,10,0.0096768865126029,-0.6666666666666666,4
airport,10,0.008222647309668152,-0.6666666666666666,4
airport,10,0.05010955345870127,-0.6666666666666666,4
airport,10,0.22337399647872114,-0.0,0
airport,10,0.0,-0.8333333333333334,5
airport,10,0.0096768865126029,-0.6666666666666666,4
airport,10,0.22337399647872114,-0.3333333333333333,2
airport,10,0.003609042830710618,-0.8333333333333334,5
airport,10,0.05010955345870127,-0.6666666666666666,4
airport,10,0.22337399647872114,-0.0,0
airport,10,0.06016840572859605,-0.6666666666666666,4
airport,10,0.22337399647872114,-0.0,0
airport,10,0.22337399647872114,-0.0,0
airport,10,0.0008907266304110095,-0.8333333333333334,5
airport,10,0.015768127809462573,-0.8333333333333334,5
airport,10,0.015768127809462573,-0.8333333333333334,5
airport,10,0.0008907266304110095,-0.8333333333333334,5
airport,10,0.22337399647872114,-0.3333333333333333,2
airport,10,0.22337399647872114,-0.0,0
airport,10,0.0,-0.8333333333333334,5
airport,10,0.05010955345870127,-0.3333333333333333,2
airport,10,0.22337399647872114,-0.0,0
airport,10,0.015768127809462573,-0.8333333333333334,5
airport,10,0.015768127809462573,-0.6666666666666666,4
airport,10,0.0008907266304110095,-0.8333333333333334,5
airport,10,0.0,-0.8333333333333334,5
airport,10,0.22337399647872114,-0.0,0
airport,10,0.013497595919447658,-0.6666666666666666,4
airport,10,0.003609042830710618,-0.8333333333333334,5
airport,10,0.03592524660768637,-0.3333333333333333,2
airport,10,0.22337399647872114,-0.16666666666666666,1
airport,10,0.0008907266304110095,-0.8333333333333334,5
airport,10,0.05853885744745513,-0.6666666666666666,4
airport,10,0.0,-0.8333333333333334,5
airport,10,0.015768127809462573,-0.6666666666666666,4
airport,10,0.05853885744745513,-0.6666666666666666,4
airport,10,0.015768127809462573,-0.8333333333333334,5
airport,10,0.03592524660768637,-0.6666666666666666,4
airport,10,0.22337399647872114,-0.5,3
airport,10,0.03592524660768637,-0.16666666666666666,1
airport,10,0.22337399647872114,-0.0,0
airport,10,0.22337399647872114,-0.16666666666666666,1
airport,10,0.013497595919447658,-0.6666666666666666,4
airport,10,0.22337399647872114,-0.3333333333333333,2
airport,10,0.051126318247808444,-0.3333333333333333,2
airport,10,0.22337399647872114,-0.16666666666666666,1
airport,10,0.0,-0.6666666666666666,4
airport,10,0.0,-0.6666666666666666,4
airport,10,0.22337399647872114,-0.16666666666666666,1
airport,10,0.22337399647872114,-0.16666666666666666,1
airport,10,0.05853885744745513,-0.6666666666666666,4
airport,10,0.0,-0.8333333333333334,5
airport,10,0.0,-0.8333333333333334,5
airport,10,0.003306804705818678,-0.8333333333333334,5
airport,10,0.051126318247808444,-0.16666666666666666,1
airport,10,0.22337399647872114,-0.0,0
airport,10,0.008222647309668152,-0.6666666666666666,4
airport,10,0.22337399647872114,-0.3333333333333333,2
airport,10,0.0,-0.8333333333333334,5
airport,10,0.05010955345870127,-0.5,3
airport,10,0.0008907266304110095,-0.8333333333333334,5
airport,10,0.03592524660768637,-0.5,3
airport,10,0.22337399647872114,-0.3333333333333333,2
airport,10,0.003609042830710618,-0.8333333333333334,5
airport,10,0.003609042830710618,-0.8333333333333334,5
airport,10,0.22337399647872114,-0.0,0
hospital,10,0.44440927545847886,-100.9,9
hospital,10,0.505574395670396,-100.1,1
hospital,10,0.24315756576632586,-0.6,6
hospital,10,0.4156135985944347,-100.7,7
hospital,10,0.5627711589443901,-100.3,3
hospital,10,0.6623992294064142,-100.0,0
hospital,10,0.385599188513301,-100.8,8
hospital,10,0.24315756576632586,-0.9,9
hospital,10,0.21940735109689347,-0.7,7
hospital,10,0.505574395670396,-100.5,5
hospital,10,0.385599188513301,-100.9,9
hospital,10,0.35966634913433626,-100.5,5
hospital,10,0.42850099142022324,-100.7,7
hospital,10,0.0001443939775050973,-0.9,9
hospital,10,0.26187931623708605,-0.3,3
hospital,10,0.0,-0.9,9
hospital,10,0.6009727293422886,-100.2,2
hospital,10,0.385599188513301,-100.6,6
hospital,10,0.14540885463656628,-0.8,8
hospital,10,0.6623992294064142,-100.1,1
hospital,10,0.0,-0.9,9
hospital,10,0.5065005929742044,-100.7,7
hospital,10,0.6623992294064142,-100.0,0
hospital,10,0.2902622119955647,-0.9,9
hospital,10,0.5468475106079831,-100.3,3
hospital,10,0.4156135985944347,-100.2,2
hospital,10,0.35966634913433626,-100.6,6
hospital,10,0.0001443939775050973,-0.9,9
hospital,10,0.6009727293422886,-100.5,5
hospital,10,0.48321731969835446,-100.6,6
hospital,10,0.6086948858179753,-100.2,2
hospital,10,0.385599188513301,-100.9,9
hospital,10,0.1455166996776397,-0.8,8
hospital,10,0.4156135985944347,-100.6,6
hospital,10,0.24315756576632586,-0.9,9
hospital,10,0.6623992294064142,-100.1,1
hospital,10,0.6623992294064142,-100.1,1
hospital,10,0.6623992294064142,-100.0,0
hospital,10,0.35966634913433626,-100.4,4
hospital,10,0.6086948858179753,-100.4,4
hospital,10,0.24175913958548945,-0.9,9
hospital,10,0.5627711589443901,-100.4,4
hospital,10,0.6623992294064142,-100.0,0
hospital,10,0.505574395670396,-100.5,5
hospital,10,0.385599188513301,-100.4,4
hospital,10,0.24315756576632586,-0.7,7
hospital,10,0.4694541344903692,-100.3,3
hospital,10,0.4694541344903692,-100.5,5
hospital,10,0.35966634913433626,-100.6,6
hospital,10,0.6009727293422886,-100.3,3
hospital,10,0.6086948858179753,-100.2,2
hospital,10,0.6086948858179753,-100.5,5
hospital,10,0.6623992294064142,-100.1,1
hospital,10,0.6623992294064142,-100.0,0
hospital,10,0.6086948858179753,-100.3,3
hospital,10,0.505574395670396,-100.5,5
hospital,10,0.6623992294064142,-100.0,0
hospital,10,0.21940735109689347,-0.9,9
hospital,10,0.6086948858179753,-100.1,1
hospital,10,0.35966634913433626,-100.6,6
hospital,10,0.35966634913433626,-100.7,7
hospital,10,0.5468475106079831,-100.5,5
hospital,10,0.6086948858179753,-100.3,3
hospital,10,0.14540885463656628,-0.9,9
hospital,10,0.505574395670396,-100.5,5
hospital,10,0.24315756576632586,-0.9,9
hospital,10,0.6623992294064142,-100.1,1
hospital,10,0.5627711589443901,-100.3,3
hospital,10,0.6623992294064142,-100.2,2
hospital,10,0.5627711589443901,-100.2,2
hospital,10,0.6623992294064142,-100.0,0
hospital,10,0.48321731969835446,-100.5,5
hospital,10,0.21940735109689347,-0.9,9
hospital,10,0.385599188513301,-100.6,6
hospital,10,0.6086948858179753,-100.2,2
hospital,10,0.24315756576632586,-0.8,8
hospital,10,0.44440927545847886,-100.9,9
hospital,10,0.6623992294064142,-100.3,3
hospital,10,0.385599188513301,-100.8,8
hospital,10,0.5468475106079831,-100.7,7
hospital,10,0.6086948858179753,-100.3,3
hospital,10,0.6623992294064142,-100.1,1
hospital,10,0.385599188513301,-100.8,8
hospital,10,0.6009727293422886,-100.1,1
hospital,10,0.14540885463656628,-0.9,9
hospital,10,0.42850099142022324,-100.8,8
hospital,10,0.14540885463656628,-0.9,9
hospital,10,0.0001443939775050973,-0.9,9
hospital,10,0.505574395670396,-100.4,4
hospital,10,0.24315756576632586,-0.9,9
hospital,10,0.44440927545847886,-100.9,9
hospital,10,0.5065005929742044,-100.5,5
hospital,10,0.35966634913433626,-100.3,3
hospital,10,0.24175913958548945,-0.6,6
hospital,10,0.26187931623708605,-0.5,5
hospital,10,0.44440927545847886,-100.7,7
hospital,10,0.35966634913433626,-100.5,5
hospital,10,0.48321731969835446,-100.4,4
hospital,10,0.6086948858179753,-100.3,3
hospital,10,0.385599188513301,-100.6,6
adult,10,0.07315517866086951,-0.6666666666666666,8
adult,10,0.12033944549542208,-0.4166666666666667,5
adult,10,0.2726821726489278,-0.08333333333333333,1
adult,10,0.07154241404743744,-0.75,9
adult,10,0.009814936355965309,-0.75,9
adult,10,0.027558098079310422,-0.75,9
adult,10,0.13199169267231325,-0.6666666666666666,8
adult,10,0.264807075177372,-0.25,3
adult,10,0.35752953024759815,-100.41666666666667,5
adult,10,0.24928337253079702,-0.4166666666666667,5
adult,10,0.36960830881915396,-100.33333333333333,4
adult,10,0.021089799059135328,-0.75,9
adult,10,0.15446500605760227,-0.5833333333333334,7
adult,10,0.4406388896832574,-100.08333333333333,1
adult,10,0.14037043634018354,-0.5,6
adult,10,0.05993835955387905,-0.75,9
adult,10,0.023421487013318698,-0.6666666666666666,8
adult,10,0.2726821726489278,-0.16666666666666666,2
adult,10,0.49122554744404323,-100.0,0
adult,10,0.395391227220634,-100.33333333333333,4
adult,10,0.053846216177959594,-0.75,9
adult,10,0.19024489380092113,-0.5833333333333334,7
adult,10,0.49122554744404323,-100.0,0
adult,10,0.0711500521859848,-0.75,9
adult,10,0.3306439061431553,-100.41666666666667,5
adult,10,0.49122554744404323,-100.08333333333333,1
adult,10,0.49122554744404323,-100.0,0
adult,10,0.009814936355965309,-0.6666666666666666,8
adult,10,0.003321740392164707,-0.75,9
adult,10,0.3876575545157147,-100.25,3
adult,10,0.36316989247344145,-100.41666666666667,5
adult,10,0.396029780856501,-100.16666666666667,2
adult,10,0.3156549083682163,-100.41666666666667,5
adult,10,0.141854762675785,-0.3333333333333333,4
adult,10,0.0,-0.75,9
adult,10,0.49122554744404323,-100.08333333333333,1
adult,10,0.05993629295207481,-0.75,9
adult,10,0.49122554744404323,-100.08333333333333,1
adult,10,0.40606487506886946,-100.33333333333333,4
adult,10,0.08941598908620374,-0.4166666666666667,5
adult,10,0.010963923408991993,-0.75,9
adult,10,0.3841446984469006,-100.33333333333333,4
adult,10,0.49122554744404323,-100.08333333333333,1
adult,10,0.12672254358640023,-0.6666666666666666,8
adult,10,0.396029780856501,-100.16666666666667,2
adult,10,0.49122554744404323,-100.0,0
adult,10,0.31218280661360687,-100.75,9
adult,10,0.057685338454133706,-0.6666666666666666,8
adult,10,0.49122554744404323,-100.16666666666667,2
adult,10,0.08001092297759482,-0.5,6
adult,10,0.1349492663536822,-0.5,6
adult,10,0.004139329714880069,-0.75,9
adult,10,0.396029780856501,-100.16666666666667,2
adult,10,0.49122554744404323,-100.0,0
adult,10,0.3876575545157147,-100.16666666666667,2
adult,10,0.12964246975491212,-0.25,3
adult,10,0.2847561376204212,-0.25,3
adult,10,0.0538810470425658,-0.75,9
adult,10,0.216971712017742,-0.5,6
adult,10,0.05418616400540388,-0.75,9
adult,10,0.0039926715069840135,-0.75,9
adult,10,0.49122554744404323,-100.0,0
adult,10,0.2726821726489278,-0.16666666666666666,2
adult,10,0.021819413594319048,-0.75,9
adult,10,0.0021431443156229024,-0.75,9
adult,10,0.14544523206481252,-0.5,6
adult,10,0.005978229278813085,-0.75,9
adult,10,0.022662624511418872,-0.5,6
adult,10,0.49122554744404323,-100.0,0
adult,10,0.2596747045649622,-0.6666666666666666,8
adult,10,0.11844794728507146,-0.75,9
adult,10,0.49122554744404323,-100.0,0
adult,10,0.06839724627941723,-0.75,9
adult,10,0.08065140489033817,-0.5833333333333334,7
adult,10,0.07079097303514104,-0.75,9
adult,10,0.3409179523082644,-100.25,3
adult,10,0.0732013860275269,-0.5,6
adult,10,0.4406388896832574,-100.25,3
adult,10,0.08082040215637587,-0.6666666666666666,8
adult,10,0.49122554744404323,-100.0,0
adult,10,0.07365655211451727,-0.5,6
adult,10,0.48390655849303243,-100.16666666666667,2
adult,10,0.05530094025463306,-0.75,9
adult,10,0.2851947300950609,-0.3333333333333333,4
adult,10,0.09112538220672983,-0.6666666666666666,8
adult,10,0.3876575545157147,-100.08333333333333,1
adult,10,0.49122554744404323,-100.0,0
adult,10,0.08265074730378996,-0.5833333333333334,7
adult,10,0.07305946281257858,-0.75,9
adult,10,0.48390655849303243,-100.25,3
adult,10,0.028391769573003822,-0.6666666666666666,8
adult,10,0.011136553052902953,-0.75,9
adult,10,0.07038636873818283,-0.75,9
adult,10,0.02123648136471823,-0.75,9
adult,10,0.019831734785458077,-0.5833333333333334,7
adult,10,0.12034420633378995,-0.5,6
adult,10,0.02337809834371296,-0.75,9
adult,10,0.49122554744404323,-100.0,0
adult,10,0.49122554744404323,-100.0,0
adult,10,0.054635175434495475,-0.75,9
flight,10,0.9826408586840785,-100.53846153846153,7
flight,10,0.8846850956852224,-100.84615384615384,11
flight,10,0.9826408586840785,-100.07692307692308,1
flight,10,0.7615997542394806,-100.46153846153847,6
flight,10,0.9680567115073361,-100.23076923076923,3
flight,10,0.17937444104272926,-0.6923076923076923,9
flight,10,0.9680567115073361,-100.23076923076923,3
flight,10,0.08907123541814055,-0.8461538461538461,11
flight,10,0.08907123541814055,-0.8461538461538461,11
flight,10,0.1222736628243225,-0.8461538461538461,11
flight,10,0.8846850956852224,-100.76923076923077,10
flight,10,0.9826408586840785,-100.0,0
flight,10,0.7615997542394806,-100.38461538461539,5
flight,10,0.1796692951326263,-0.8461538461538461,11
flight,10,0.9826408586840785,-100.15384615384616,2
flight,10,0.13818569520024426,-0.6923076923076923,9
flight,10,0.9680567115073361,-100.23076923076923,3
flight,10,0.9826408586840785,-100.15384615384616,2
flight,10,0.13514845205100667,-0.6923076923076923,9
flight,10,0.9680567115073361,-100.38461538461539,5
flight,10,0.13051054943857365,-0.46153846153846156,6
flight,10,0.7637041577312637,-100.38461538461539,5
flight,10,0.9826408586840785,-100.15384615384616,2
flight,10,0.16828933816592273,-0.8461538461538461,11
flight,10,0.9826408586840785,-100.07692307692308,1
flight,10,0.9826408586840785,-100.0,0
flight,10,0.08907123541814055,-0.8461538461538461,11
flight,10,0.9680567115073361,-100.15384615384616,2
flight,10,0.08907123541814055,-0.8461538461538461,11
flight,10,0.9826408586840785,-100.23076923076923,3
flight,10,0.9826408586840785,-100.76923076923077,10
flight,10,0.9680567115073361,-100.61538461538461,8
flight,10,0.08907123541814055,-0.8461538461538461,11
flight,10,0.1689864093151694,-0.38461538461538464,5
flight,10,0.9826408586840785,-100.38461538461539,5
flight,10,0.9826408586840785,-100.0,0
flight,10,0.17632192147614734,-0.5384615384615384,7
flight,10,0.7615997542394806,-100.38461538461539,5
flight,10,0.9826408586840785,-100.15384615384616,2
flight,10,0.23553045167227926,-0.7692307692307693,10
flight,10,0.9680567115073361,-100.76923076923077,10
flight,10,0.7615997542394806,-100.3076923076923,4
flight,10,0.1222736628243225,-0.8461538461538461,11
flight,10,0.9826408586840785,-100.07692307692308,1
flight,10,0.9826408586840785,-100.07692307692308,1
flight,10,0.1689864093151694,-0.5384615384615384,7
flight,10,0.08907123541814055,-0.8461538461538461,11
flight,10,0.13818569520024426,-0.6923076923076923,9
flight,10,0.06676138493996508,-0.8461538461538461,11
flight,10,0.9826408586840785,-100.23076923076923,3
flight,10,0.9680567115073361,-100.53846153846153,7
flight,10,0.7615997542394806,-100.53846153846153,7
flight,10,0.8846850956852224,-100.84615384615384,11
flight,10,0.7615997542394806,-100.15384615384616,2
flight,10,0.9826408586840785,-100.23076923076923,3
flight,10,0.7615997542394806,-100.38461538461539,5
flight,10,0.9680567115073361,-100.46153846153847,6
flight,10,0.9826408586840785,-100.3076923076923,4
flight,10,0.1222736628243225,-0.7692307692307693,10
flight,10,0.8846850956852224,-100.84615384615384,11
flight,10,0.06676260648713994,-0.8461538461538461,11
flight,10,0.13818569520024426,-0.8461538461538461,11
flight,10,0.9826408586840785,-100.23076923076923,3
flight,10,0.9826408586840785,-100.15384615384616,2
flight,10,0.9826408586840785,-100.0,0
flight,10,0.9826408586840785,-100.07692307692308,1
flight,10,0.9826408586840785,-100.23076923076923,3
flight,10,0.7637041577312637,-100.15384615384616,2
flight,10,0.9826408586840785,-100.46153846153847,6
flight,10,0.9826408586840785,-100.3076923076923,4
flight,10,0.7637041577312637,-100.46153846153847,6
flight,10,0.08907123541814055,-0.8461538461538461,11
flight,10,0.7637041577312637,-100.23076923076923,3
flight,10,0.7615997542394806,-100.53846153846153,7
flight,10,0.9826408586840785,-100.61538461538461,8
flight,10,0.8846850956852224,-100.76923076923077,10
flight,10,0.06676260648713994,-0.7692307692307693,10
flight,10,0.9826408586840785,-100.0,0
flight,10,0.9826408586840785,-100.23076923076923,3
flight,10,0.06676260648713994,-0.8461538461538461,11
flight,10,0.9826408586840785,-100.38461538461539,5
flight,10,0.13818569520024426,-0.8461538461538461,11
flight,10,0.9826408586840785,-100.61538461538461,8
flight,10,0.7615997542394806,-100.53846153846153,7
flight,10,0.08907123541814055,-0.8461538461538461,11
flight,10,0.13818569520024426,-0.8461538461538461,11
flight,10,0.9826408586840785,-100.76923076923077,10
flight,10,0.9826408586840785,-100.38461538461539,5
flight,10,0.7637041577312637,-100.15384615384616,2
flight,10,0.08907123541814055,-0.8461538461538461,11
flight,10,0.9826408586840785,-100.23076923076923,3
flight,10,0.08907123541814055,-0.8461538461538461,11
flight,10,0.08907123541814055,-0.8461538461538461,11
flight,10,0.9826408586840785,-100.0,0
flight,10,0.1689864093151694,-0.46153846153846156,6
flight,10,0.9826408586840785,-100.07692307692308,1
flight,10,0.9826408586840785,-100.07692307692308,1
flight,10,0.1689864093151694,-0.46153846153846156,6
flight,10,0.9826408586840785,-100.15384615384616,2
flight,10,0.9826408586840785,-100.07692307692308,1
tax,10,0.0,-1.0,3
tax,10,0.0,-1.0,3
tax,10,0.0,-1.0,3
tax,10,0.3057912208405609,-100.33333333333333,1
tax,10,0.5548418449270073,-100.33333333333333,1
tax,10,0.3057912208405609,-100.33333333333333,1
tax,10,0.3057912208405609,-100.66666666666667,2
tax,10,0.5548418449270073,-100.0,0
tax,10,0.3057912208405609,-100.33333333333333,1
tax,10,0.2290091161470067,-0.6666666666666666,2
tax,10,0.0,-1.0,3
tax,10,0.5548418449270073,-100.0,0
tax,10,0.3057912208405609,-100.33333333333333,1
tax,10,0.5548418449270073,-100.0,0
tax,10,0.5548418449270073,-100.0,0
tax,10,0.3057912208405609,-100.66666666666667,2
tax,10,0.5548418449270073,-100.66666666666667,2
tax,10,0.3057912208405609,-100.33333333333333,1
tax,10,0.3057912208405609,-100.66666666666667,2
tax,10,0.5548418449270073,-100.0,0
tax,10,0.2290091161470067,-0.6666666666666666,2
tax,10,0.0,-1.0,3
tax,10,0.3057912208405609,-100.33333333333333,1
tax,10,0.3057912208405609,-100.66666666666667,2
tax,10,0.3057912208405609,-100.33333333333333,1
tax,10,0.3057912208405609,-100.66666666666667,2
tax,10,0.0,-1.0,3
tax,10,0.0,-1.0,3
tax,10,0.5548418449270073,-100.0,0
tax,10,0.0,-1.0,3
tax,10,0.2290091161470067,-0.6666666666666666,2
tax,10,0.5548418449270073,-100.33333333333333,1
tax,10,0.3057912208405609,-100.66666666666667,2
tax,10,0.3057912208405609,-100.33333333333333,1
tax,10,0.2290091161470067,-0.6666666666666666,2
tax,10,0.5548418449270073,-100.0,0
tax,10,0.3057912208405609,-100.66666666666667,2
tax,10,0.0,-1.0,3
tax,10,0.3057912208405609,-100.66666666666667,2
tax,10,0.3057912208405609,-100.66666666666667,2
tax,10,0.5548418449270073,-100.0,0
tax,10,0.5548418449270073,-100.33333333333333,1
tax,10,0.3057912208405609,-100.33333333333333,1
tax,10,0.0,-1.0,3
tax,10,0.3057912208405609,-100.66666666666667,2
tax,10,0.5548418449270073,-100.33333333333333,1
tax,10,0.5548418449270073,-100.33333333333333,1
tax,10,0.3057912208405609,-100.33333333333333,1
tax,10,0.5548418449270073,-100.0,0
tax,10,0.3057912208405609,-100.33333333333333,1
tax,10,0.2290091161470067,-0.6666666666666666,2
tax,10,0.2290091161470067,-0.6666666666666666,2
tax,10,0.0,-1.0,3
tax,10,0.0,-1.0,3
tax,10,0.0,-1.0,3
tax,10,0.3057912208405609,-100.33333333333333,1
tax,10,0.3057912208405609,-100.33333333333333,1
tax,10,0.5548418449270073,-100.0,0
tax,10,0.3057912208405609,-100.66666666666667,2
tax,10,0.5548418449270073,-100.66666666666667,2
tax,10,0.2290091161470067,-0.6666666666666666,2
tax,10,0.5548418449270073,-100.33333333333333,1
tax,10,0.2290091161470067,-0.6666666666666666,2
tax,10,0.5548418449270073,-100.0,0
tax,10,0.3057912208405609,-100.66666666666667,2
tax,10,0.3057912208405609,-100.33333333333333,1
tax,10,0.0,-1.0,3
tax,10,0.3057912208405609,-100.33333333333333,1
tax,10,0.2290091161470067,-0.6666666666666666,2
tax,10,0.5548418449270073,-100.0,0
tax,10,0.5548418449270073,-100.0,0
tax,10,0.2290091161470067,-0.6666666666666666,2
tax,10,0.5548418449270073,-100.0,0
tax,10,0.3057912208405609,-100.66666666666667,2
tax,10,0.0,-1.0,3
tax,10,0.2290091161470067,-0.6666666666666666,2
tax,10,0.2290091161470067,-0.6666666666666666,2
tax,10,0.3057912208405609,-100.33333333333333,1
tax,10,0.3057912208405609,-100.66666666666667,2
tax,10,0.5548418449270073,-100.0,0
tax,10,0.0,-1.0,3
tax,10,0.3057912208405609,-100.66666666666667,2
tax,10,0.3057912208405609,-100.33333333333333,1
tax,10,0.5548418449270073,-100.33333333333333,1
tax,10,0.5548418449270073,-100.0,0
tax,10,0.0,-1.0,3
tax,10,0.5548418449270073,-100.0,0
tax,10,0.3057912208405609,-100.66666666666667,2
tax,10,0.5548418449270073,-100.0,0
tax,10,0.5548418449270073,-100.0,0
tax,10,0.5548418449270073,-100.33333333333333,1
tax,10,0.5548418449270073,-100.0,0
tax,10,0.0,-1.0,3
tax,10,0.2290091161470067,-0.6666666666666666,2
tax,10,0.3057912208405609,-100.33333333333333,1
tax,10,0.0,-1.0,3
tax,10,0.3057912208405609,-100.33333333333333,1
tax,10,0.2290091161470067,-0.6666666666666666,2
tax,10,0.2290091161470067,-0.6666666666666666,2
tax,10,0.3057912208405609,-100.66666666666667,2
