dataset,lambda,leakage,utility,mask_size
airport,1000,0.0,-0.8333333333333334,5
airport,1000,0.0008907266304110095,-0.8333333333333334,5
airport,1000,0.015768127809462573,-0.8333333333333334,5
airport,1000,0.0008907266304110095,-0.8333333333333334,5
airport,1000,0.06016840572859605,-0.5,3
airport,1000,0.0,-0.8333333333333334,5
airport,1000,0.051126318247808444,-0.3333333333333333,2
airport,1000,0.051126318247808444,-0.3333333333333333,2
airport,1000,0.0,-0.8333333333333334,5
airport,1000,0.22337399647872114,-0.0,0
airport,1000,0.22337399647872114,-0.5,3
airport,1000,0.22337399647872114,-0.0,0
airport,1000,0.015768127809462573,-0.8333333333333334,5
airport,1000,0.015768127809462573,-0.8333333333333334,5
airport,1000,0.0,-0.8333333333333334,5
airport,1000,0.0008907266304110095,-0.8333333333333334,5
airport,1000,0.0,-0.8333333333333334,5
airport,1000,0.003609042830710618,-0.8333333333333334,5
airport,1000,0.22337399647872114,-0.5,3
airport,1000,0.05853885744745513,-0.6666666666666666,4
airport,1000,0.015768127809462573,-0.8333333333333334,5
airport,1000,0.015768127809462573,-0.8333333333333334,5
airport,1000,0.03592524660768637,-0.5,3
airport,1000,0.011469181810646378,-0.5,3
airport,1000,0.0,-0.8333333333333334,5
airport,1000,0.03592524660768637,-0.16666666666666666,1
airport,1000,0.0,-0.8333333333333334,5
airport,1000,0.22337399647872114,-0.0,0
airport,1000,0.22337399647872114,-0.16666666666666666,1
airport,1000,0.003609042830710618,-0.8333333333333334,5
airport,1000,0.22337399647872114,-0.16666666666666666,1
airport,1000,0.05010955345870127,-0.6666666666666666,4
airport,1000,0.03592524660768637,-0.3333333333333333,2
airport,1000,0.015768127809462573,-0.8333333333333334,5
airport,1000,0.003609042830710618,-0.8333333333333334,5
airport,1000,0.05010955345870127,-0.3333333333333333,2
airport,1000,0.0008907266304110095,-0.8333333333333334,5
airport,1000,0.03592524660768637,-0.16666666666666666,1
airport,1000,0.011469181810646378,-0.6666666666666666,4
airport,1000,0.0008907266304110095,-0.8333333333333334,5
airport,1000,0.015768127809462573,-0.8333333333333334,5
airport,1000,0.0008907266304110095,-0.8333333333333334,5
airport,1000,0.051126318247808444,-0.16666666666666666,1
airport,1000,0.03592524660768637,-0.3333333333333333,2
airport,1000,0.03592524660768637,-0.6666666666666666,4
airport,1000,0.003306804705818678,-0.8333333333333334,5
airport,1000,0.003609042830710618,-0.8333333333333334,5
airport,1000,0.051126318247808444,-0.5,3
airport,1000,0.015768127809462573,-0.8333333333333334,5
airport,1000,0.0008907266304110095,-0.8333333333333334,5
airport,1000,0.013497595919447658,-0.6666666666666666,4
airport,1000,0.22337399647872114,-0.0,0
airport,1000,0.03592524660768637,-0.3333333333333333,2
airport,1000,0.015768127809462573,-0.8333333333333334,5
airport,1000,0.015768127809462573,-0.8333333333333334,5
airport,1000,0.22337399647872114,-0.0,0
airport,1000,0.22337399647872114,-0.3333333333333333,2
airport,1000,0.0008907266304110095,-0.8333333333333334,5
airport,1000,0.22337399647872114,-0.3333333333333333,2
airport,1000,0.051126318247808444,-0.3333333333333333,2
airport,1000,0.03592524660768637,-0.5,3
airport,1000,0.22337399647872114,-0.3333333333333333,2
airport,1000,0.051126318247808444,-0.6666666666666666,4
airport,1000,0.051126318247808444,-0.3333333333333333,2
airport,1000,0.22337399647872114,-0.16666666666666666,1
airport,1000,0.22337399647872114,-0.0,0
airport,1000,0.03592524660768637,-0.16666666666666666,1
airport,1000,0.0008907266304110095,-0.8333333333333334,5
airport,1000,0.015768127809462573,-0.8333333333333334,5
airport,1000,0.03592524660768637,-0.16666666666666666,1
airport,1000,0.011469181810646378,-0.5,3
airport,1000,0.015768127809462573,-0.8333333333333334,5
airport,1000,0.008222647309668152,-0.5,3
airport,1000,0.03592524660768637,-0.3333333333333333,2
airport,1000,0.22337399647872114,-0.0,0
airport,1000,0.22337399647872114,-0.0,0
airport,1000,0.03592524660768637,-0.5,3
airport,1000,0.003609042830710618,-0.8333333333333334,5
airport,1000,0.03592524660768637,-0.6666666666666666,4
airport,1000,0.011469181810646378,-0.6666666666666666,4
airport,1000,0.05010955345870127,-0.3333333333333333,2
airport,1000,0.06016840572859605,-0.3333333333333333,2
airport,1000,0.015768127809462573,-0.8333333333333334,5
airport,1000,0.003306804705818678,-0.8333333333333334,5
airport,1000,0.008222647309668152,-0.5,3
airport,1000,0.22337399647872114,-0.0,0
airport,1000,0.22337399647872114,-0.16666666666666666,1
airport,1000,0.22337399647872114,-0.0,0
airport,1000,0.0,-0.8333333333333334,5
airport,1000,0.015768127809462573,-0.8333333333333334,5
airport,1000,0.22337399647872114,-0.0,0
airport,1000,0.22337399647872114,-0.3333333333333333,2
airport,1000,0.22337399647872114,-0.16666666666666666,1
airport,1000,0.22337399647872114,-0.0,0
airport,1000,0.015768127809462573,-0.8333333333333334,5
airport,1000,0.06016840572859605,-0.5,3
airport,1000,0.015768127809462573,-0.8333333333333334,5
airport,1000,0.05010955345870127,-0.6666666666666666,4
airport,1000,0.22337399647872114,-0.16666666666666666,1
airport,1000,0.003306804705818678,-0.8333333333333334,5
hospital,1000,0.6086948858179753,-0.4,4
hospital,1000,0.505574395670396,-0.5,5
hospital,1000,0.44440927545847886,-0.6,6
hospital,1000,0.5627711589443901,-0.2,2
hospital,1000,0.4694541344903692,-0.3,3
hospital,1000,0.5468475106079831,-0.4,4
hospital,1000,0.24175913958548945,-0.9,9
hospital,1000,0.4694541344903692,-0.6,6
hospital,1000,0.24315756576632586,-0.8,8
hospital,1000,0.6623992294064142,-0.2,2
hospital,1000,0.24175913958548945,-0.9,9
hospital,1000,0.505574395670396,-0.4,4
hospital,1000,0.6623992294064142,-0.0,0
hospital,1000,0.4694541344903692,-0.5,5
hospital,1000,0.5468475106079831,-0.7,7
hospital,1000,0.4156135985944347,-0.4,4
hospital,1000,0.5627711589443901,-0.2,2
hospital,1000,0.24175913958548945,-0.8,8
hospital,1000,0.14540885463656628,-0.9,9
hospital,1000,0.35966634913433626,-0.5,5
hospital,1000,0.42850099142022324,-0.6,6
hospital,1000,0.6086948858179753,-0.4,4
hospital,1000,0.385599188513301,-0.5,5
hospital,1000,0.14540885463656628,-0.9,9
hospital,1000,0.21940735109689347,-0.9,9
hospital,1000,0.6086948858179753,-0.6,6
hospital,1000,0.5202376749670268,-0.8,8
hospital,1000,0.6086948858179753,-0.1,1
hospital,1000,0.6623992294064142,-0.0,0
hospital,1000,0.24315756576632586,-0.9,9
hospital,1000,0.24315756576632586,-0.9,9
hospital,1000,0.04096074580812714,-0.7,7
hospital,1000,0.6086948858179753,-0.4,4
hospital,1000,0.5065292841479625,-0.3,3
hospital,1000,0.24175913958548945,-0.9,9
hospital,1000,0.2902622119955647,-0.9,9
hospital,1000,0.24315756576632586,-0.5,5
hospital,1000,0.6623992294064142,-0.0,0
hospital,1000,0.5065292841479625,-0.7,7
hospital,1000,0.5065292841479625,-0.3,3
hospital,1000,0.14540885463656628,-0.9,9
hospital,1000,0.6623992294064142,-0.0,0
hospital,1000,0.24315756576632586,-0.7,7
hospital,1000,0.0,-0.9,9
hospital,1000,0.24315756576632586,-0.7,7
hospital,1000,0.48321731969835446,-0.8,8
hospital,1000,0.385599188513301,-0.6,6
hospital,1000,0.6623992294064142,-0.1,1
hospital,1000,0.35966634913433626,-0.7,7
hospital,1000,0.385599188513301,-0.9,9
hospital,1000,0.6086948858179753,-0.2,2
hospital,1000,0.4156135985944347,-0.5,5
hospital,1000,0.5065292841479625,-0.5,5
hospital,1000,0.6623992294064142,-0.5,5
hospital,1000,0.4694541344903692,-0.6,6
hospital,1000,0.14540885463656628,-0.9,9
hospital,1000,0.6623992294064142,-0.0,0
hospital,1000,0.5627711589443901,-0.1,1
hospital,1000,0.5627711589443901,-0.6,6
hospital,1000,0.2902622119955647,-0.9,9
hospital,1000,0.21940735109689347,-0.9,9
hospital,1000,0.6623992294064142,-0.0,0
hospital,1000,0.4156135985944347,-0.5,5
hospital,1000,0.385599188513301,-0.6,6
hospital,1000,0.5065292841479625,-0.3,3
hospital,1000,0.21940735109689347,-0.9,9
hospital,1000,0.48321731969835446,-0.6,6
hospital,1000,0.24175913958548945,-0.9,9
hospital,1000,0.6086948858179753,-0.2,2
hospital,1000,0.48321731969835446,-0.7,7
hospital,1000,0.6623992294064142,-0.2,2
hospital,1000,0.24315756576632586,-0.6,6
hospital,1000,0.24315756576632586,-0.8,8
hospital,1000,0.6623992294064142,-0.2,2
hospital,1000,0.24315756576632586,-0.9,9
hospital,1000,0.6623992294064142,-0.2,2
hospital,1000,0.5627711589443901,-0.5,5
hospital,1000,0.6623992294064142,-0.4,4
hospital,1000,0.505574395670396,-0.1,1
hospital,1000,0.14540885463656628,-0.9,9
hospital,1000,0.6086948858179753,-0.4,4
hospital,1000,0.5627711589443901,-0.3,3
hospital,1000,0.44440927545847886,-0.7,7
hospital,1000,0.6086948858179753,-0.2,2
hospital,1000,0.6623992294064142,-0.1,1
hospital,1000,0.24315756576632586,-0.5,5
hospital,1000,0.42853421735144903,-0.6,6
hospital,1000,0.6623992294064142,-0.0,0
hospital,1000,0.6623992294064142,-0.1,1
hospital,1000,0.24175913958548945,-0.9,9
hospital,1000,0.385599188513301,-0.9,9
hospital,1000,0.6623992294064142,-0.6,6
hospital,1000,0.6009727293422886,-0.4,4
hospital,1000,0.0,-0.9,9
hospital,1000,0.6623992294064142,-0.2,2
hospital,1000,0.6086948858179753,-0.1,1
hospital,1000,0.6623992294064142,-0.1,1
hospital,1000,0.6086948858179753,-0.1,1
hospital,1000,0.6623992294064142,-0.0,0
hospital,1000,0.4156135985944347,-0.6,6
adult,1000,0.07470802683816113,-0.4166666666666667,5
adult,1000,0.012900894980091282,-0.75,9
adult,1000,0.20375348447597397,-0.4166666666666667,5
adult,1000,0.49122554744404323,-0.16666666666666666,2
adult,1000,0.36960830881915396,-0.16666666666666666,2
adult,1000,0.3494730241774636,-0.3333333333333333,4
adult,1000,0.0009256355697232488,-0.75,9
adult,1000,0.4199947253310894,-0.08333333333333333,1
adult,1000,0.1321768338242303,-0.75,9
adult,1000,0.0649275389013596,-0.3333333333333333,4
adult,1000,0.1349492663536822,-0.25,3
adult,1000,0.15716993784339994,-0.75,9
adult,1000,0.03328409085217854,-0.75,9
adult,1000,0.49122554744404323,-0.08333333333333333,1
adult,1000,0.06590522876458327,-0.75,9
adult,1000,0.35869848485078126,-0.4166666666666667,5
adult,1000,0.09007293516492854,-0.5,6
adult,1000,0.35802046232383233,-0.5,6
adult,1000,0.49122554744404323,-0.0,0
adult,1000,0.06229278803611793,-0.5833333333333334,7
adult,1000,0.2726821726489278,-0.08333333333333333,1
adult,1000,0.20375348447597397,-0.4166666666666667,5
adult,1000,0.07956097853716526,-0.6666666666666666,8
adult,1000,0.20859426382886237,-0.6666666666666666,8
adult,1000,0.35752953024759815,-0.5,6
adult,1000,0.15411879471098355,-0.5,6
adult,1000,0.001995744528648813,-0.6666666666666666,8
adult,1000,0.31115819256577837,-0.5833333333333334,7
adult,1000,0.49122554744404323,-0.08333333333333333,1
adult,1000,0.11844794728507146,-0.75,9
adult,1000,0.004127059064845451,-0.75,9
adult,1000,0.48390655849303243,-0.08333333333333333,1
adult,1000,0.4199947253310894,-0.3333333333333333,4
adult,1000,0.35869848485078126,-0.25,3
adult,1000,0.08798662050327732,-0.5,6
adult,1000,0.01096879856335975,-0.75,9
adult,1000,0.05736802438628108,-0.75,9
adult,1000,0.49122554744404323,-0.0,0
adult,1000,0.0021431443156229024,-0.75,9
adult,1000,0.2726821726489278,-0.08333333333333333,1
adult,1000,0.49122554744404323,-0.08333333333333333,1
adult,1000,0.2726821726489278,-0.08333333333333333,1
adult,1000,0.45177462637610255,-0.25,3
adult,1000,0.49122554744404323,-0.08333333333333333,1
adult,1000,0.01096879856335975,-0.75,9
adult,1000,0.4199947253310894,-0.25,3
adult,1000,0.264807075177372,-0.3333333333333333,4
adult,1000,0.49122554744404323,-0.0,0
adult,1000,0.34983921267950746,-0.16666666666666666,2
adult,1000,0.0007233384201356108,-0.75,9
adult,1000,0.49122554744404323,-0.0,0
adult,1000,0.005352765148951,-0.75,9
adult,1000,0.20036608478191653,-0.5,6
adult,1000,0.17909619436708457,-0.5,6
adult,1000,0.0711866684377851,-0.75,9
adult,1000,0.06091550579675509,-0.75,9
adult,1000,0.4597782854988285,-0.16666666666666666,2
adult,1000,0.0,-0.75,9
adult,1000,0.17085424768265522,-0.3333333333333333,4
adult,1000,0.49122554744404323,-0.0,0
adult,1000,0.21503588309074362,-0.5,6
adult,1000,0.32542961625578326,-0.5,6
adult,1000,0.08089777707595014,-0.4166666666666667,5
adult,1000,0.3841446984469006,-0.3333333333333333,4
adult,1000,0.2726821726489278,-0.16666666666666666,2
adult,1000,0.19506403110330883,-0.4166666666666667,5
adult,1000,0.07839617199656113,-0.75,9
adult,1000,0.3522218625608804,-0.25,3
adult,1000,0.49122554744404323,-0.0,0
adult,1000,0.49122554744404323,-0.08333333333333333,1
adult,1000,0.443789132193782,-0.16666666666666666,2
adult,1000,0.20036608478191653,-0.4166666666666667,5
adult,1000,0.07079097303514104,-0.75,9
adult,1000,0.34983921267950746,-0.16666666666666666,2
adult,1000,0.4597782854988285,-0.3333333333333333,4
adult,1000,0.396029780856501,-0.16666666666666666,2
adult,1000,0.3267732912306801,-0.25,3
adult,1000,0.3506477835842329,-0.5833333333333334,7
adult,1000,0.0007233384201356108,-0.75,9
adult,1000,0.07458490752541724,-0.5833333333333334,7
adult,1000,0.14544523206481252,-0.5,6
adult,1000,0.05425711188419935,-0.75,9
adult,1000,0.0034582910227277663,-0.75,9
adult,1000,0.49122554744404323,-0.0,0
adult,1000,0.06454354410478325,-0.6666666666666666,8
adult,1000,0.007426165546169039,-0.75,9
adult,1000,0.07112155424097788,-0.75,9
adult,1000,0.009592431992092587,-0.5833333333333334,7
adult,1000,0.054635175434495475,-0.75,9
adult,1000,0.07132678227702649,-0.5833333333333334,7
adult,1000,0.08000430165431949,-0.75,9
adult,1000,0.12964246975491212,-0.25,3
adult,1000,0.14401198888757627,-0.75,9
adult,1000,0.03562409417642398,-0.75,9
adult,1000,0.3876575545157147,-0.16666666666666666,2
adult,1000,0.31936605960919273,-0.6666666666666666,8
adult,1000,0.35707970972751135,-0.5,6
adult,1000,0.01063069202371647,-0.75,9
adult,1000,0.17085424768265522,-0.16666666666666666,2
adult,1000,0.06091550579675509,-0.75,9
flight,1000,0.9826408586840785,-1000.0,0
flight,1000,0.13051054943857365,-0.6923076923076923,9
flight,1000,0.9680567115073361,-1000.2307692307693,3
flight,1000,0.9680567115073361,-1000.1538461538462,2
flight,1000,0.08907123541814055,-0.6923076923076923,9
flight,1000,0.9680567115073361,-1000.3846153846154,5
flight,1000,0.7835724119593105,-1000.5384615384615,7
flight,1000,0.9826408586840785,-1000.1538461538462,2
flight,1000,0.7615997542394806,-1000.3846153846154,5
flight,1000,0.9826408586840785,-1000.1538461538462,2
flight,1000,0.9680567115073361,-1000.3076923076923,4
flight,1000,0.7637041577312637,-1000.2307692307693,3
flight,1000,0.9826408586840785,-1000.1538461538462,2
flight,1000,0.9680567115073361,-1000.6153846153846,8
flight,1000,0.9826408586840785,-1000.0769230769231,1
flight,1000,0.9826408586840785,-1000.3846153846154,5
flight,1000,0.9826408586840785,-1000.5384615384615,7
flight,1000,0.17967605980281343,-0.8461538461538461,11
flight,1000,0.08907123541814055,-0.8461538461538461,11
flight,1000,0.9826408586840785,-1000.0769230769231,1
flight,1000,0.23553045167227926,-0.7692307692307693,10
flight,1000,0.08907123541814055,-0.8461538461538461,11
flight,1000,0.7637041577312637,-1000.3076923076923,4
flight,1000,0.06676260648713994,-0.8461538461538461,11
flight,1000,0.17632192147614734,-0.23076923076923078,3
flight,1000,0.1222736628243225,-0.6923076923076923,9
flight,1000,0.7835724119593105,-1000.6153846153846,8
flight,1000,0.9826408586840785,-1000.0,0
flight,1000,0.10448995667162086,-0.8461538461538461,11
flight,1000,0.08907123541814055,-0.8461538461538461,11
flight,1000,0.9826408586840785,-1000.0769230769231,1
flight,1000,0.9826408586840785,-1000.5384615384615,7
flight,1000,0.9826408586840785,-1000.4615384615385,6
flight,1000,0.9826408586840785,-1000.0769230769231,1
flight,1000,0.08907123541814055,-0.8461538461538461,11
flight,1000,0.13818569520024426,-0.7692307692307693,10
flight,1000,0.17937444104272926,-0.8461538461538461,11
flight,1000,0.9826408586840785,-1000.6153846153846,8
flight,1000,0.9826408586840785,-1000.0769230769231,1
flight,1000,0.7615997542394806,-1000.3846153846154,5
flight,1000,0.9826408586840785,-1000.0,0
flight,1000,0.24980936013667854,-0.7692307692307693,10
flight,1000,0.7637041577312637,-1000.2307692307693,3
flight,1000,0.9826408586840785,-1000.0,0
flight,1000,0.06676260648713994,-0.8461538461538461,11
flight,1000,0.7615997542394806,-1000.3846153846154,5
flight,1000,0.9826408586840785,-1000.0769230769231,1
flight,1000,0.9680567115073361,-1000.8461538461538,11
flight,1000,0.8846850956852224,-1000.8461538461538,11
flight,1000,0.8846850956852224,-1000.6153846153846,8
flight,1000,0.06680017428701124,-0.8461538461538461,11
flight,1000,0.08907123541814055,-0.6923076923076923,9
flight,1000,0.1689864093151694,-0.46153846153846156,6
flight,1000,0.13818569520024426,-0.6153846153846154,8
flight,1000,0.9680567115073361,-1000.2307692307693,3
flight,1000,0.7637041577312637,-1000.2307692307693,3
flight,1000,0.9680567115073361,-1000.8461538461538,11
flight,1000,0.08907123541814055,-0.8461538461538461,11
flight,1000,0.7637041577312637,-1000.1538461538462,2
flight,1000,0.8846850956852224,-1000.6153846153846,8
flight,1000,0.9680567115073361,-1000.2307692307693,3
flight,1000,0.06676625649827916,-0.8461538461538461,11
flight,1000,0.9826408586840785,-1000.0769230769231,1
flight,1000,0.13818569520024426,-0.6923076923076923,9
flight,1000,0.9826408586840785,-1000.3076923076923,4
flight,1000,0.9826408586840785,-1000.0,0
flight,1000,0.8846850956852224,-1000.6153846153846,8
flight,1000,0.08907123541814055,-0.8461538461538461,11
flight,1000,0.7637041577312637,-1000.3846153846154,5
flight,1000,0.06676260648713994,-0.8461538461538461,11
flight,1000,0.9826408586840785,-1000.1538461538462,2
flight,1000,0.08907123541814055,-0.8461538461538461,11
flight,1000,0.7637041577312637,-1000.6153846153846,8
flight,1000,0.13818569520024426,-0.6153846153846154,8
flight,1000,0.13818569520024426,-0.8461538461538461,11
flight,1000,0.9826408586840785,-1000.4615384615385,6
flight,1000,0.7615997542394806,-1000.3076923076923,4
flight,1000,0.08907123541814055,-0.8461538461538461,11
flight,1000,0.9680567115073361,-1000.8461538461538,11
flight,1000,0.9826408586840785,-1000.4615384615385,6
flight,1000,0.9826408586840785,-1000.0,0
flight,1000,0.08907123541814055,-0.8461538461538461,11
flight,1000,0.08907123541814055,-0.8461538461538461,11
flight,1000,0.9826408586840785,-1000.4615384615385,6
flight,1000,0.8846850956852224,-1000.4615384615385,6
flight,1000,0.17632192147614734,-0.46153846153846156,6
flight,1000,0.9826408586840785,-1000.1538461538462,2
flight,1000,0.08907123541814055,-0.7692307692307693,10
flight,1000,0.08907123541814055,-0.6153846153846154,8
flight,1000,0.9826408586840785,-1000.2307692307693,3
flight,1000,0.9826408586840785,-1000.0769230769231,1
flight,1000,0.9826408586840785,-1000.0,0
flight,1000,0.9826408586840785,-1000.3846153846154,5
flight,1000,0.8846850956852224,-1000.6923076923077,9
flight,1000,0.24980936013667854,-0.8461538461538461,11
flight,1000,0.9826408586840785,-1000.3076923076923,4
flight,1000,0.9680567115073361,-1000.5384615384615,7
flight,1000,0.9680567115073361,-1000.1538461538462,2
flight,1000,0.16828933816592273,-0.8461538461538461,11
flight,1000,0.9680567115073361,-1000.3846153846154,5
tax,1000,0.3057912208405609,-0.6666666666666666,2
tax,1000,0.0,-1.0,3
tax,1000,0.5548418449270073,-0.3333333333333333,1
tax,1000,0.0,-1.0,3
tax,1000,0.0,-1.0,3
tax,1000,0.0,-1.0,3
tax,1000,0.0,-1.0,3
tax,1000,0.5548418449270073,-0.3333333333333333,1
tax,1000,0.5548418449270073,-0.6666666666666666,2
tax,1000,0.5548418449270073,-0.6666666666666666,2
tax,1000,0.3057912208405609,-0.6666666666666666,2
tax,1000,0.5548418449270073,-0.0,0
tax,1000,0.5548418449270073,-0.6666666666666666,2
tax,1000,0.5548418449270073,-0.3333333333333333,1
tax,1000,0.3057912208405609,-0.6666666666666666,2
tax,1000,0.2290091161470067,-0.6666666666666666,2
tax,1000,0.5548418449270073,-0.0,0
tax,1000,0.5548418449270073,-0.3333333333333333,1
tax,1000,0.0,-1.0,3
tax,1000,0.5548418449270073,-0.3333333333333333,1
tax,1000,0.5548418449270073,-0.0,0
tax,1000,0.0,-1.0,3
tax,1000,0.3057912208405609,-0.3333333333333333,1
tax,1000,0.5548418449270073,-0.0,0
tax,1000,0.5548418449270073,-0.3333333333333333,1
tax,1000,0.5548418449270073,-0.0,0
tax,1000,0.0,-1.0,3
tax,1000,0.3057912208405609,-0.3333333333333333,1
tax,1000,0.5548418449270073,-0.0,0
tax,1000,0.2290091161470067,-0.6666666666666666,2
tax,1000,0.0,-1.0,3
tax,1000,0.5548418449270073,-0.0,0
tax,1000,0.0,-1.0,3
tax,1000,0.2290091161470067,-0.6666666666666666,2
tax,1000,0.5548418449270073,-0.3333333333333333,1
tax,1000,0.3057912208405609,-0.6666666666666666,2
tax,1000,0.0,-1.0,3
tax,1000,0.0,-1.0,3
tax,1000,0.5548418449270073,-0.0,0
tax,1000,0.5548418449270073,-0.0,0
tax,1000,0.2290091161470067,-0.6666666666666666,2
tax,1000,0.5548418449270073,-0.3333333333333333,1
tax,1000,0.5548418449270073,-0.0,0
tax,1000,0.0,-1.0,3
tax,1000,0.5548418449270073,-0.0,0
tax,1000,0.2290091161470067,-0.6666666666666666,2
tax,1000,0.5548418449270073,-0.6666666666666666,2
tax,1000,0.3057912208405609,-0.6666666666666666,2
tax,1000,0.0,-1.0,3
tax,1000,0.5548418449270073,-0.3333333333333333,1
tax,1000,0.3057912208405609,-0.6666666666666666,2
tax,1000,0.5548418449270073,-0.0,0
tax,1000,0.0,-1.0,3
tax,1000,0.0,-1.0,3
tax,1000,0.5548418449270073,-0.6666666666666666,2
tax,1000,0.5548418449270073,-0.0,0
tax,1000,0.3057912208405609,-0.3333333333333333,1
tax,1000,0.0,-1.0,3
tax,1000,0.0,-1.0,3
tax,1000,0.5548418449270073,-0.6666666666666666,2
tax,1000,0.5548418449270073,-0.0,0
tax,1000,0.0,-1.0,3
tax,1000,0.5548418449270073,-0.0,0
tax,1000,0.5548418449270073,-0.3333333333333333,1
tax,1000,0.5548418449270073,-0.3333333333333333,1
tax,1000,0.3057912208405609,-0.6666666666666666,2
tax,1000,0.5548418449270073,-0.0,0
tax,1000,0.0,-1.0,3
tax,1000,0.0,-1.0,3
tax,1000,0.3057912208405609,-0.3333333333333333,1
tax,1000,0.5548418449270073,-0.0,0
tax,1000,0.5548418449270073,-0.0,0
tax,1000,0.5548418449270073,-0.0,0
tax,1000,0.0,-1.0,3
tax,1000,0.5548418449270073,-0.0,0
tax,1000,0.3057912208405609,-0.6666666666666666,2
tax,1000,0.5548418449270073,-0.3333333333333333,1
tax,1000,0.3057912208405609,-0.3333333333333333,1
tax,1000,0.5548418449270073,-0.3333333333333333,1
tax,1000,0.5548418449270073,-0.0,0
tax,1000,0.0,-1.0,3
tax,1000,0.5548418449270073,-0.0,0
tax,1000,0.3057912208405609,-0.6666666666666666,2
tax,1000,0.3057912208405609,-0.6666666666666666,2
tax,1000,0.3057912208405609,-0.6666666666666666,2
tax,1000,0.3057912208405609,-0.6666666666666666,2
tax,1000,0.5548418449270073,-0.0,0
tax,1000,0.5548418449270073,-0.3333333333333333,1
tax,1000,0.5548418449270073,-0.3333333333333333,1
tax,1000,0.0,-1.0,3
tax,1000,0.0,-1.0,3
tax,1000,0.0,-1.0,3
tax,1000,0.0,-1.0,3
tax,1000,0.3057912208405609,-0.3333333333333333,1
tax,1000,0.0,-1.0,3
tax,1000,0.3057912208405609,-0.3333333333333333,1
tax,1000,0.5548418449270073,-0.3333333333333333,1
tax,1000,0.0,-1.0,3
tax,1000,0.5548418449270073,-0.3333333333333333,1
tax,1000,0.5548418449270073,-0.3333333333333333,1
