dataset,lambda,leakage,utility,mask_size
airport,1,0.015768127809462573,-0.8333333333333334,5
airport,1,0.05010955345870127,-0.6666666666666666,4
airport,1,0.06016840572859605,-0.3333333333333333,2
airport,1,0.03592524660768637,-0.6666666666666666,4
airport,1,0.051126318247808444,-0.3333333333333333,2
airport,1,0.015768127809462573,-0.8333333333333334,5
airport,1,0.0,-0.8333333333333334,5
airport,1,0.0008907266304110095,-0.8333333333333334,5
airport,1,0.22337399647872114,-0.3333333333333333,2
airport,1,0.05010955345870127,-0.5,3
airport,1,0.003306804705818678,-0.8333333333333334,5
airport,1,0.22337399647872114,-0.16666666666666666,1
airport,1,0.22337399647872114,-0.16666666666666666,1
airport,1,0.051126318247808444,-0.5,3
airport,1,0.011469181810646378,-0.3333333333333333,2
airport,1,0.051126318247808444,-0.5,3
airport,1,0.0096768865126029,-0.6666666666666666,4
airport,1,0.22337399647872114,-0.0,0
airport,1,0.0008907266304110095,-0.8333333333333334,5
airport,1,0.22337399647872114,-0.6666666666666666,4
airport,1,0.03592524660768637,-0.16666666666666666,1
airport,1,0.05853885744745513,-0.6666666666666666,4
airport,1,0.22337399647872114,-0.0,0
airport,1,0.05010955345870127,-0.5,3
airport,1,0.0008907266304110095,-0.8333333333333334,5
airport,1,0.22337399647872114,-0.3333333333333333,2
airport,1,0.015768127809462573,-0.8333333333333334,5
airport,1,0.0008907266304110095,-0.8333333333333334,5
airport,1,0.051126318247808444,-0.6666666666666666,4
airport,1,0.22337399647872114,-0.3333333333333333,2
airport,1,0.015768127809462573,-0.8333333333333334,5
airport,1,0.003306804705818678,-0.8333333333333334,5
airport,1,0.03592524660768637,-0.6666666666666666,4
airport,1,0.0008907266304110095,-0.8333333333333334,5
airport,1,0.015768127809462573,-0.8333333333333334,5
airport,1,0.003306804705818678,-0.8333333333333334,5
airport,1,0.0,-0.8333333333333334,5
airport,1,0.003609042830710618,-0.8333333333333334,5
airport,1,0.03592524660768637,-0.3333333333333333,2
airport,1,0.03592524660768637,-0.16666666666666666,1
airport,1,0.06016840572859605,-0.5,3
airport,1,0.0,-0.8333333333333334,5
airport,1,0.22337399647872114,-0.0,0
airport,1,0.05010955345870127,-0.6666666666666666,4
airport,1,0.0,-0.8333333333333334,5
airport,1,0.0096768865126029,-0.6666666666666666,4
airport,1,0.015768127809462573,-0.8333333333333334,5
airport,1,0.03592524660768637,-0.3333333333333333,2
airport,1,0.22337399647872114,-0.0,0
airport,1,0.03592524660768637,-0.5,3
airport,1,0.051126318247808444,-0.16666666666666666,1
airport,1,0.22337399647872114,-0.5,3
airport,1,0.22337399647872114,-0.3333333333333333,2
airport,1,0.015768127809462573,-0.8333333333333334,5
airport,1,0.015768127809462573,-0.8333333333333334,5
airport,1,0.003306804705818678,-0.8333333333333334,5
airport,1,0.22337399647872114,-0.0,0
airport,1,0.22337399647872114,-0.3333333333333333,2
airport,1,0.03592524660768637,-0.5,3
airport,1,0.051126318247808444,-0.5,3
airport,1,0.22337399647872114,-0.16666666666666666,1
airport,1,0.22337399647872114,-0.0,0
airport,1,0.0,-0.8333333333333334,5
airport,1,0.0096768865126029,-0.6666666666666666,4
airport,1,0.22337399647872114,-0.16666666666666666,1
airport,1,0.05010955345870127,-0.3333333333333333,2
airport,1,0.03592524660768637,-0.3333333333333333,2
airport,1,0.03592524660768637,-0.5,3
airport,1,0.003306804705818678,-0.8333333333333334,5
airport,1,0.22337399647872114,-0.3333333333333333,2
airport,1,0.05853885744745513,-0.5,3
airport,1,0.22337399647872114,-0.0,0
airport,1,0.051126318247808444,-0.16666666666666666,1
airport,1,0.22337399647872114,-0.0,0
airport,1,0.051126318247808444,-0.5,3
airport,1,0.0008907266304110095,-0.8333333333333334,5
airport,1,0.06016840572859605,-0.3333333333333333,2
airport,1,0.0008907266304110095,-0.8333333333333334,5
airport,1,0.22337399647872114,-0.0,0
airport,1,0.051126318247808444,-0.3333333333333333,2
airport,1,0.003609042830710618,-0.8333333333333334,5
airport,1,0.015768127809462573,-0.8333333333333334,5
airport,1,0.22337399647872114,-0.5,3
airport,1,0.03592524660768637,-0.3333333333333333,2
airport,1,0.051126318247808444,-0.3333333333333333,2
airport,1,0.051126318247808444,-0.5,3
airport,1,0.015768127809462573,-0.8333333333333334,5
airport,1,0.0008907266304110095,-0.8333333333333334,5
airport,1,0.22337399647872114,-0.0,0
airport,1,0.22337399647872114,-0.5,3
airport,1,0.015768127809462573,-0.8333333333333334,5
airport,1,0.003609042830710618,-0.8333333333333334,5
airport,1,0.051126318247808444,-0.6666666666666666,4
airport,1,0.22337399647872114,-0.3333333333333333,2
airport,1,0.22337399647872114,-0.5,3
airport,1,0.22337399647872114,-0.0,0
airport,1,0.22337399647872114,-0.0,0
airport,1,0.011469181810646378,-0.6666666666666666,4
airport,1,0.011469181810646378,-0.5,3
airport,1,0.05010955345870127,-0.6666666666666666,4
hospital,1,0.6623992294064142,-0.0,0
hospital,1,0.6623992294064142,-0.2,2
hospital,1,0.5468475106079831,-0.5,5
hospital,1,0.5065005929742044,-0.6,6
hospital,1,0.21940735109689347,-0.8,8
hospital,1,0.21940735109689347,-0.9,9
hospital,1,0.35966634913433626,-0.4,4
hospital,1,0.6623992294064142,-0.3,3
hospital,1,0.6623992294064142,-0.4,4
hospital,1,0.4156135985944347,-0.6,6
hospital,1,0.4694541344903692,-0.4,4
hospital,1,0.6623992294064142,-0.1,1
hospital,1,0.21940735109689347,-0.8,8
hospital,1,0.385599188513301,-0.7,7
hospital,1,0.35966634913433626,-0.7,7
hospital,1,0.385599188513301,-0.6,6
hospital,1,0.6623992294064142,-0.0,0
hospital,1,0.3166049127277152,-0.6,6
hospital,1,0.24315756576632586,-0.5,5
hospital,1,0.6623992294064142,-0.0,0
hospital,1,0.14540885463656628,-0.9,9
hospital,1,0.4156135985944347,-0.5,5
hospital,1,0.6623992294064142,-0.0,0
hospital,1,0.385599188513301,-0.6,6
hospital,1,0.24175913958548945,-0.7,7
hospital,1,0.6009727293422886,-0.2,2
hospital,1,0.21940735109689347,-0.8,8
hospital,1,0.1455166996776397,-0.8,8
hospital,1,0.0,-0.9,9
hospital,1,0.385599188513301,-0.7,7
hospital,1,0.26187931623708605,-0.6,6
hospital,1,0.24175913958548945,-0.8,8
hospital,1,0.6623992294064142,-0.1,1
hospital,1,0.21940735109689347,-0.7,7
hospital,1,0.44440927545847886,-0.8,8
hospital,1,0.2902622119955647,-0.8,8
hospital,1,0.3166049127277152,-0.8,8
hospital,1,0.5627711589443901,-0.2,2
hospital,1,0.35966634913433626,-0.4,4
hospital,1,0.5468475106079831,-0.4,4
hospital,1,0.24315756576632586,-0.6,6
hospital,1,0.4694541344903692,-0.3,3
hospital,1,0.21940735109689347,-0.9,9
hospital,1,0.385599188513301,-0.6,6
hospital,1,0.24175913958548945,-0.9,9
hospital,1,0.6086948858179753,-0.3,3
hospital,1,0.4694541344903692,-0.2,2
hospital,1,0.44440927545847886,-0.9,9
hospital,1,0.48321731969835446,-0.3,3
hospital,1,0.385599188513301,-0.7,7
hospital,1,0.505574395670396,-0.3,3
hospital,1,0.6623992294064142,-0.5,5
hospital,1,0.6086948858179753,-0.6,6
hospital,1,0.029167650999047168,-0.8,8
hospital,1,0.5627711589443901,-0.2,2
hospital,1,0.6623992294064142,-0.2,2
hospital,1,0.4156135985944347,-0.2,2
hospital,1,0.42850099142022324,-0.7,7
hospital,1,0.24175913958548945,-0.9,9
hospital,1,0.505574395670396,-0.4,4
hospital,1,0.505574395670396,-0.4,4
hospital,1,0.24315756576632586,-0.9,9
hospital,1,0.24315756576632586,-0.8,8
hospital,1,0.26187931623708605,-0.5,5
hospital,1,0.6623992294064142,-0.0,0
hospital,1,0.3166049127277152,-0.7,7
hospital,1,0.6623992294064142,-0.1,1
hospital,1,0.4156135985944347,-0.7,7
hospital,1,0.35966634913433626,-0.2,2
hospital,1,0.6086948858179753,-0.1,1
hospital,1,0.385599188513301,-0.8,8
hospital,1,0.6623992294064142,-0.0,0
hospital,1,0.24315756576632586,-0.9,9
hospital,1,0.44440927545847886,-0.9,9
hospital,1,0.48321731969835446,-0.2,2
hospital,1,0.35966634913433626,-0.6,6
hospital,1,0.5065005929742044,-0.3,3
hospital,1,0.2902622119955647,-0.9,9
hospital,1,0.26187931623708605,-0.6,6
hospital,1,0.6086948858179753,-0.1,1
hospital,1,0.6009727293422886,-0.2,2
hospital,1,0.6623992294064142,-0.1,1
hospital,1,0.24175913958548945,-0.7,7
hospital,1,0.5468475106079831,-0.5,5
hospital,1,0.5202376749670268,-0.6,6
hospital,1,0.26187931623708605,-0.5,5
hospital,1,0.5468475106079831,-0.5,5
hospital,1,0.24175913958548945,-0.9,9
hospital,1,0.24175913958548945,-0.9,9
hospital,1,0.385599188513301,-0.9,9
hospital,1,0.6623992294064142,-0.0,0
hospital,1,0.385599188513301,-0.7,7
hospital,1,0.4156135985944347,-0.6,6
hospital,1,0.505574395670396,-0.3,3
hospital,1,0.6623992294064142,-0.0,0
hospital,1,0.48321731969835446,-0.3,3
hospital,1,0.21940735109689347,-0.7,7
hospital,1,0.6009727293422886,-0.1,1
hospital,1,0.48321731969835446,-0.3,3
hospital,1,0.6623992294064142,-0.0,0
adult,1,0.0736448561484675,-0.6666666666666666,8
adult,1,0.49122554744404323,-0.0,0
adult,1,0.386232464871493,-0.25,3
adult,1,0.4199947253310894,-0.4166666666666667,5
adult,1,0.395391227220634,-0.5,6
adult,1,0.26016440275747366,-0.25,3
adult,1,0.2183398624862377,-0.5833333333333334,7
adult,1,0.49122554744404323,-0.16666666666666666,2
adult,1,0.2726821726489278,-0.08333333333333333,1
adult,1,0.0020041412774043366,-0.6666666666666666,8
adult,1,0.49122554744404323,-0.0,0
adult,1,0.395391227220634,-0.25,3
adult,1,0.06054038431910458,-0.5833333333333334,7
adult,1,0.31977428651037687,-0.4166666666666667,5
adult,1,0.0708885909457414,-0.75,9
adult,1,0.07038636873818283,-0.75,9
adult,1,0.396029780856501,-0.08333333333333333,1
adult,1,0.2619944952694371,-0.3333333333333333,4
adult,1,0.057685338454133706,-0.75,9
adult,1,0.49122554744404323,-0.25,3
adult,1,0.49122554744404323,-0.3333333333333333,4
adult,1,0.05418616400540388,-0.75,9
adult,1,0.48390655849303243,-0.16666666666666666,2
adult,1,0.08065140489033817,-0.75,9
adult,1,0.08089777707595014,-0.5,6
adult,1,0.31029365009745313,-0.6666666666666666,8
adult,1,0.26733049635846484,-0.25,3
adult,1,0.49122554744404323,-0.0,0
adult,1,0.26016440275747366,-0.3333333333333333,4
adult,1,0.09010807565150813,-0.3333333333333333,4
adult,1,0.4406388896832574,-0.16666666666666666,2
adult,1,0.12258945411731026,-0.4166666666666667,5
adult,1,0.4406388896832574,-0.08333333333333333,1
adult,1,0.2726821726489278,-0.08333333333333333,1
adult,1,0.31977428651037687,-0.4166666666666667,5
adult,1,0.49122554744404323,-0.08333333333333333,1
adult,1,0.054102170577392084,-0.75,9
adult,1,0.135682350389002,-0.4166666666666667,5
adult,1,0.4597782854988285,-0.25,3
adult,1,0.06444315764767028,-0.75,9
adult,1,0.4597782854988285,-0.08333333333333333,1
adult,1,0.49122554744404323,-0.08333333333333333,1
adult,1,0.12028407635014537,-0.4166666666666667,5
adult,1,0.3506477835842329,-0.3333333333333333,4
adult,1,0.11023352473050418,-0.75,9
adult,1,0.12028407635014537,-0.5,6
adult,1,0.0017859049880922795,-0.75,9
adult,1,0.386232464871493,-0.4166666666666667,5
adult,1,0.4199947253310894,-0.16666666666666666,2
adult,1,0.26221932193872965,-0.25,3
adult,1,0.09211006499624186,-0.75,9
adult,1,0.49122554744404323,-0.08333333333333333,1
adult,1,0.3174628801446353,-0.75,9
adult,1,0.45200691109182567,-0.16666666666666666,2
adult,1,0.3522218625608804,-0.4166666666666667,5
adult,1,0.222080741183048,-0.3333333333333333,4
adult,1,0.0649275389013596,-0.4166666666666667,5
adult,1,0.07101526341642339,-0.6666666666666666,8
adult,1,0.4199947253310894,-0.25,3
adult,1,0.019770039306679976,-0.6666666666666666,8
adult,1,0.2217268972245542,-0.5,6
adult,1,0.01504086714189179,-0.75,9
adult,1,0.09010807565150813,-0.4166666666666667,5
adult,1,0.4325921849686901,-0.25,3
adult,1,0.06651736960597576,-0.6666666666666666,8
adult,1,0.3425234955731773,-0.4166666666666667,5
adult,1,0.06982737197958666,-0.5,6
adult,1,0.05662801785496063,-0.5,6
adult,1,0.093219863408044,-0.6666666666666666,8
adult,1,0.0,-0.75,9
adult,1,0.26016440275747366,-0.4166666666666667,5
adult,1,0.06020936494552109,-0.75,9
adult,1,0.0035360605976831883,-0.75,9
adult,1,0.49122554744404323,-0.0,0
adult,1,0.09293117876014323,-0.75,9
adult,1,0.06115472775950748,-0.75,9
adult,1,0.4597782854988285,-0.3333333333333333,4
adult,1,0.057685338454133706,-0.75,9
adult,1,0.005978229278813085,-0.75,9
adult,1,0.054635175434495475,-0.75,9
adult,1,0.3876575545157147,-0.16666666666666666,2
adult,1,0.06180143771369828,-0.5833333333333334,7
adult,1,0.364697551973022,-0.25,3
adult,1,0.06443486756484917,-0.75,9
adult,1,0.03562409417642398,-0.75,9
adult,1,0.18660369237011787,-0.25,3
adult,1,0.08065140489033817,-0.6666666666666666,8
adult,1,0.49122554744404323,-0.08333333333333333,1
adult,1,0.38079636632704184,-0.16666666666666666,2
adult,1,0.07909859792275609,-0.75,9
adult,1,0.395391227220634,-0.3333333333333333,4
adult,1,0.2726821726489278,-0.25,3
adult,1,0.08089777707595014,-0.4166666666666667,5
adult,1,0.031177108617522653,-0.75,9
adult,1,0.10468176340288615,-0.5,6
adult,1,0.13560492711125438,-0.5833333333333334,7
adult,1,0.49122554744404323,-0.0,0
adult,1,0.0009256355697232488,-0.75,9
adult,1,0.4406388896832574,-0.08333333333333333,1
adult,1,0.08000430165431949,-0.75,9
flight,1,0.11960338386169278,-0.6153846153846154,8
flight,1,0.7615997542394806,-1.6923076923076923,9
flight,1,0.9680567115073361,-1.6923076923076923,9
flight,1,0.9826408586840785,-1.2307692307692308,3
flight,1,0.06676625649827916,-0.8461538461538461,11
flight,1,0.7637041577312637,-1.5384615384615383,7
flight,1,0.9826408586840785,-1.0769230769230769,1
flight,1,0.7637041577312637,-1.3846153846153846,5
flight,1,0.9826408586840785,-1.0769230769230769,1
flight,1,0.1222736628243225,-0.8461538461538461,11
flight,1,0.9826408586840785,-1.3076923076923077,4
flight,1,0.9680567115073361,-1.6923076923076923,9
flight,1,0.9826408586840785,-1.2307692307692308,3
flight,1,0.9680567115073361,-1.8461538461538463,11
flight,1,0.06676625649827916,-0.8461538461538461,11
flight,1,0.06680017428701124,-0.8461538461538461,11
flight,1,0.9826408586840785,-1.2307692307692308,3
flight,1,0.1689864093151694,-0.6153846153846154,8
flight,1,0.12744625720955838,-0.8461538461538461,11
flight,1,0.8846850956852224,-1.8461538461538463,11
flight,1,0.8846850956852224,-1.6923076923076923,9
flight,1,0.9826408586840785,-1.0769230769230769,1
flight,1,0.7615997542394806,-1.3076923076923077,4
flight,1,0.13051054943857365,-0.7692307692307693,10
flight,1,0.17937444104272926,-0.8461538461538461,11
flight,1,0.24980936013667854,-0.8461538461538461,11
flight,1,0.9826408586840785,-1.4615384615384617,6
flight,1,0.7637041577312637,-1.5384615384615383,7
flight,1,0.7835724119593105,-1.4615384615384617,6
flight,1,0.8846850956852224,-1.7692307692307692,10
flight,1,0.9826408586840785,-1.0769230769230769,1
flight,1,0.7615997542394806,-1.4615384615384617,6
flight,1,0.24980936013667854,-0.8461538461538461,11
flight,1,0.7637041577312637,-1.4615384615384617,6
flight,1,0.8846850956852224,-1.7692307692307692,10
flight,1,0.8846850956852224,-1.8461538461538463,11
flight,1,0.9826408586840785,-1.7692307692307692,10
flight,1,0.1689864093151694,-0.3076923076923077,4
flight,1,0.06676260648713994,-0.8461538461538461,11
flight,1,0.0,-0.8461538461538461,11
flight,1,0.9826408586840785,-1.3846153846153846,5
flight,1,0.9680567115073361,-1.4615384615384617,6
flight,1,0.7637041577312637,-1.3846153846153846,5
flight,1,0.9826408586840785,-1.0769230769230769,1
flight,1,0.13818569520024426,-0.6923076923076923,9
flight,1,0.9826408586840785,-1.0,0
flight,1,0.9826408586840785,-1.3076923076923077,4
flight,1,0.9826408586840785,-1.2307692307692308,3
flight,1,0.08907123541814055,-0.8461538461538461,11
flight,1,0.9826408586840785,-1.0,0
flight,1,0.9826408586840785,-1.2307692307692308,3
flight,1,0.8846850956852224,-1.5384615384615383,7
flight,1,0.8846850956852224,-1.8461538461538463,11
flight,1,0.8846850956852224,-1.6153846153846154,8
flight,1,0.9826408586840785,-1.0769230769230769,1
flight,1,0.08907123541814055,-0.8461538461538461,11
flight,1,0.7637041577312637,-1.3846153846153846,5
flight,1,0.9826408586840785,-1.0769230769230769,1
flight,1,0.9826408586840785,-1.5384615384615383,7
flight,1,0.9826408586840785,-1.1538461538461537,2
flight,1,0.9680567115073361,-1.3846153846153846,5
flight,1,0.9826408586840785,-1.0,0
flight,1,0.9826408586840785,-1.0,0
flight,1,0.1796692951326263,-0.7692307692307693,10
flight,1,0.7637041577312637,-1.2307692307692308,3
flight,1,0.8846850956852224,-1.6923076923076923,9
flight,1,0.9826408586840785,-1.1538461538461537,2
flight,1,0.9680567115073361,-1.6153846153846154,8
flight,1,0.9680567115073361,-1.5384615384615383,7
flight,1,0.9826408586840785,-1.1538461538461537,2
flight,1,0.13818569520024426,-0.46153846153846156,6
flight,1,0.9826408586840785,-1.3076923076923077,4
flight,1,0.9826408586840785,-1.3846153846153846,5
flight,1,0.08907123541814055,-0.8461538461538461,11
flight,1,0.9826408586840785,-1.5384615384615383,7
flight,1,0.7835724119593105,-1.5384615384615383,7
flight,1,0.9826408586840785,-1.0,0
flight,1,0.08907123541814055,-0.46153846153846156,6
flight,1,0.9826408586840785,-1.0769230769230769,1
flight,1,0.9826408586840785,-1.0769230769230769,1
flight,1,0.9680567115073361,-1.8461538461538463,11
flight,1,0.9826408586840785,-1.3076923076923077,4
flight,1,0.9826408586840785,-1.3076923076923077,4
flight,1,0.9680567115073361,-1.3846153846153846,5
flight,1,0.9680567115073361,-1.5384615384615383,7
flight,1,0.7615997542394806,-1.1538461538461537,2
flight,1,0.08907123541814055,-0.6923076923076923,9
flight,1,0.7615997542394806,-1.2307692307692308,3
flight,1,0.9826408586840785,-1.1538461538461537,2
flight,1,0.08907123541814055,-0.8461538461538461,11
flight,1,0.7637041577312637,-1.1538461538461537,2
flight,1,0.9680567115073361,-1.8461538461538463,11
flight,1,0.9680567115073361,-1.3846153846153846,5
flight,1,0.06676138493996508,-0.8461538461538461,11
flight,1,0.8846850956852224,-1.8461538461538463,11
flight,1,0.9680567115073361,-1.3076923076923077,4
flight,1,0.9680567115073361,-1.6153846153846154,8
flight,1,0.9826408586840785,-1.0769230769230769,1
flight,1,0.9680567115073361,-1.0769230769230769,1
flight,1,0.9826408586840785,-1.2307692307692308,3
tax,1,0.0,-1.0,3
tax,1,0.5548418449270073,-0.3333333333333333,1
tax,1,0.5548418449270073,-0.6666666666666666,2
tax,1,0.0,-1.0,3
tax,1,0.0,-1.0,3
tax,1,0.5548418449270073,-0.0,0
tax,1,0.5548418449270073,-0.3333333333333333,1
tax,1,0.5548418449270073,-0.0,0
tax,1,0.5548418449270073,-0.3333333333333333,1
tax,1,0.5548418449270073,-0.6666666666666666,2
tax,1,0.3057912208405609,-0.3333333333333333,1
tax,1,0.5548418449270073,-0.0,0
tax,1,0.3057912208405609,-0.6666666666666666,2
tax,1,0.0,-1.0,3
tax,1,0.5548418449270073,-0.0,0
tax,1,0.0,-1.0,3
tax,1,0.5548418449270073,-0.0,0
tax,1,0.5548418449270073,-0.3333333333333333,1
tax,1,0.5548418449270073,-0.3333333333333333,1
tax,1,0.5548418449270073,-0.0,0
tax,1,0.2290091161470067,-0.6666666666666666,2
tax,1,0.0,-1.0,3
tax,1,0.3057912208405609,-0.3333333333333333,1
tax,1,0.3057912208405609,-0.3333333333333333,1
tax,1,0.5548418449270073,-0.0,0
tax,1,0.0,-1.0,3
tax,1,0.3057912208405609,-0.3333333333333333,1
tax,1,0.5548418449270073,-0.3333333333333333,1
tax,1,0.5548418449270073,-0.0,0
tax,1,0.0,-1.0,3
tax,1,0.5548418449270073,-0.3333333333333333,1
tax,1,0.3057912208405609,-0.6666666666666666,2
tax,1,0.5548418449270073,-0.3333333333333333,1
tax,1,0.3057912208405609,-0.3333333333333333,1
tax,1,0.3057912208405609,-0.3333333333333333,1
tax,1,0.3057912208405609,-0.3333333333333333,1
tax,1,0.5548418449270073,-0.0,0
tax,1,0.0,-1.0,3
tax,1,0.3057912208405609,-0.6666666666666666,2
tax,1,0.2290091161470067,-0.6666666666666666,2
tax,1,0.5548418449270073,-0.0,0
tax,1,0.0,-1.0,3
tax,1,0.3057912208405609,-0.3333333333333333,1
tax,1,0.5548418449270073,-0.0,0
tax,1,0.5548418449270073,-0.0,0
tax,1,0.5548418449270073,-0.3333333333333333,1
tax,1,0.5548418449270073,-0.6666666666666666,2
tax,1,0.3057912208405609,-0.6666666666666666,2
tax,1,0.5548418449270073,-0.0,0
tax,1,0.5548418449270073,-0.6666666666666666,2
tax,1,0.5548418449270073,-0.3333333333333333,1
tax,1,0.2290091161470067,-0.6666666666666666,2
tax,1,0.0,-1.0,3
tax,1,0.5548418449270073,-0.0,0
tax,1,0.5548418449270073,-0.6666666666666666,2
tax,1,0.5548418449270073,-0.6666666666666666,2
tax,1,0.0,-1.0,3
tax,1,0.5548418449270073,-0.3333333333333333,1
tax,1,0.2290091161470067,-0.6666666666666666,2
tax,1,0.5548418449270073,-0.3333333333333333,1
tax,1,0.0,-1.0,3
tax,1,0.2290091161470067,-0.6666666666666666,2
tax,1,0.5548418449270073,-0.0,0
tax,1,0.5548418449270073,-0.0,0
tax,1,0.5548418449270073,-0.0,0
tax,1,0.5548418449270073,-0.6666666666666666,2
tax,1,0.5548418449270073,-0.0,0
tax,1,0.5548418449270073,-0.0,0
tax,1,0.5548418449270073,-0.0,0
tax,1,0.3057912208405609,-0.6666666666666666,2
tax,1,0.2290091161470067,-0.6666666666666666,2
tax,1,0.5548418449270073,-0.6666666666666666,2
tax,1,0.3057912208405609,-0.6666666666666666,2
tax,1,0.5548418449270073,-0.3333333333333333,1
tax,1,0.5548418449270073,-0.0,0
tax,1,0.3057912208405609,-0.3333333333333333,1
tax,1,0.5548418449270073,-0.6666666666666666,2
tax,1,0.3057912208405609,-0.6666666666666666,2
tax,1,0.3057912208405609,-0.6666666666666666,2
tax,1,0.3057912208405609,-0.3333333333333333,1
tax,1,0.0,-1.0,3
tax,1,0.3057912208405609,-0.3333333333333333,1
tax,1,0.2290091161470067,-0.6666666666666666,2
tax,1,0.5548418449270073,-0.3333333333333333,1
tax,1,0.5548418449270073,-0.3333333333333333,1
tax,1,0.3057912208405609,-0.3333333333333333,1
tax,1,0.5548418449270073,-0.0,0
tax,1,0.0,-1.0,3
tax,1,0.5548418449270073,-0.3333333333333333,1
tax,1,0.5548418449270073,-0.3333333333333333,1
tax,1,0.5548418449270073,-0.6666666666666666,2
tax,1,0.5548418449270073,-0.0,0
tax,1,0.2290091161470067,-0.6666666666666666,2
tax,1,0.0,-1.0,3
tax,1,0.0,-1.0,3
tax,1,0.5548418449270073,-0.3333333333333333,1
tax,1,0.5548418449270073,-0.0,0
tax,1,0.0,-1.0,3
tax,1,0.5548418449270073,-0.0,0
tax,1,0.0,-1.0,3
