dataset,lambda,leakage,utility,mask_size
airport,10,0.003609042830710618,-0.8333333333333334,5
airport,10,0.013497595919447658,-0.5,3
airport,10,0.22337399647872114,-0.3333333333333333,2
airport,10,0.015768127809462573,-0.6666666666666666,4
airport,10,0.0,-0.8333333333333334,5
airport,10,0.0008907266304110095,-0.8333333333333334,5
airport,10,0.015768127809462573,-0.8333333333333334,5
airport,10,0.22337399647872114,-0.3333333333333333,2
airport,10,0.22337399647872114,-0.0,0
airport,10,0.03592524660768637,-0.3333333333333333,2
airport,10,0.051126318247808444,-0.6666666666666666,4
airport,10,0.22337399647872114,-0.0,0
airport,10,0.22337399647872114,-0.16666666666666666,1
airport,10,0.003609042830710618,-0.8333333333333334,5
airport,10,0.22337399647872114,-0.16666666666666666,1
airport,10,0.22337399647872114,-0.5,3
airport,10,0.03592524660768637,-0.6666666666666666,4
airport,10,0.003609042830710618,-0.8333333333333334,5
airport,10,0.008222647309668152,-0.6666666666666666,4
airport,10,0.22337399647872114,-0.0,0
airport,10,0.051126318247808444,-0.16666666666666666,1
airport,10,0.003306804705818678,-0.8333333333333334,5
airport,10,0.004612425044516089,-0.6666666666666666,4
airport,10,0.0,-0.8333333333333334,5
airport,10,0.06016840572859605,-0.5,3
airport,10,0.0,-0.8333333333333334,5
airport,10,0.22337399647872114,-0.5,3
airport,10,0.003306804705818678,-0.8333333333333334,5
airport,10,0.22337399647872114,-0.0,0
airport,10,0.0096768865126029,-0.6666666666666666,4
airport,10,0.015768127809462573,-0.8333333333333334,5
airport,10,0.03592524660768637,-0.5,3
airport,10,0.05010955345870127,-0.3333333333333333,2
airport,10,0.22337399647872114,-0.16666666666666666,1
airport,10,0.011469181810646378,-0.5,3
airport,10,0.03592524660768637,-0.6666666666666666,4
airport,10,0.015768127809462573,-0.8333333333333334,5
airport,10,0.0008907266304110095,-0.8333333333333334,5
airport,10,0.0,-0.8333333333333334,5
airport,10,0.22337399647872114,-0.0,0
airport,10,0.051126318247808444,-0.16666666666666666,1
airport,10,0.22337399647872114,-0.16666666666666666,1
airport,10,0.22337399647872114,-0.0,0
airport,10,0.0,-0.8333333333333334,5
airport,10,0.05853885744745513,-0.6666666666666666,4
airport,10,0.03592524660768637,-0.6666666666666666,4
airport,10,0.22337399647872114,-0.0,0
airport,10,0.03592524660768637,-0.16666666666666666,1
airport,10,0.03592524660768637,-0.3333333333333333,2
airport,10,0.22337399647872114,-0.0,0
airport,10,0.015768127809462573,-0.8333333333333334,5
airport,10,0.0008907266304110095,-0.8333333333333334,5
airport,10,0.0008907266304110095,-0.8333333333333334,5
airport,10,0.22337399647872114,-0.6666666666666666,4
airport,10,0.22337399647872114,-0.0,0
airport,10,0.051126318247808444,-0.16666666666666666,1
airport,10,0.003609042830710618,-0.8333333333333334,5
airport,10,0.015768127809462573,-0.8333333333333334,5
airport,10,0.03592524660768637,-0.3333333333333333,2
airport,10,0.22337399647872114,-0.6666666666666666,4
airport,10,0.003306804705818678,-0.8333333333333334,5
airport,10,0.22337399647872114,-0.0,0
airport,10,0.0008907266304110095,-0.8333333333333334,5
airport,10,0.05853885744745513,-0.5,3
airport,10,0.22337399647872114,-0.0,0
airport,10,0.0,-0.6666666666666666,4
airport,10,0.015768127809462573,-0.8333333333333334,5
airport,10,0.008222647309668152,-0.6666666666666666,4
airport,10,0.051126318247808444,-0.5,3
airport,10,0.0,-0.8333333333333334,5
airport,10,0.011469181810646378,-0.3333333333333333,2
airport,10,0.0096768865126029,-0.6666666666666666,4
airport,10,0.22337399647872114,-0.0,0
airport,10,0.03592524660768637,-0.16666666666666666,1
airport,10,0.05010955345870127,-0.5,3
airport,10,0.06016840572859605,-0.3333333333333333,2
airport,10,0.05010955345870127,-0.3333333333333333,2
airport,10,0.05010955345870127,-0.6666666666666666,4
airport,10,0.015768127809462573,-0.8333333333333334,5
airport,10,0.0008907266304110095,-0.8333333333333334,5
airport,10,0.03592524660768637,-0.5,3
airport,10,0.05010955345870127,-0.5,3
airport,10,0.22337399647872114,-0.0,0
airport,10,0.22337399647872114,-0.16666666666666666,1
airport,10,0.0096768865126029,-0.6666666666666666,4
airport,10,0.015768127809462573,-0.8333333333333334,5
airport,10,0.22337399647872114,-0.0,0
airport,10,0.06016840572859605,-0.6666666666666666,4
airport,10,0.015768127809462573,-0.6666666666666666,4
airport,10,0.008222647309668152,-0.6666666666666666,4
airport,10,0.051126318247808444,-0.16666666666666666,1
airport,10,0.22337399647872114,-0.0,0
airport,10,0.015768127809462573,-0.8333333333333334,5
airport,10,0.05010955345870127,-0.6666666666666666,4
airport,10,0.03592524660768637,-0.6666666666666666,4
airport,10,0.003306804705818678,-0.8333333333333334,5
airport,10,0.22337399647872114,-0.16666666666666666,1
airport,10,0.015768127809462573,-0.8333333333333334,5
airport,10,0.22337399647872114,-0.16666666666666666,1
airport,10,0.22337399647872114,-0.16666666666666666,1
hospital,10,0.385599188513301,-0.7,7
hospital,10,0.4694541344903692,-0.4,4
hospital,10,0.14540885463656628,-0.9,9
hospital,10,0.6009727293422886,-0.2,2
hospital,10,0.5627711589443901,-0.3,3
hospital,10,0.5468475106079831,-0.7,7
hospital,10,0.4156135985944347,-0.5,5
hospital,10,0.6623992294064142,-0.1,1
hospital,10,0.6009727293422886,-0.1,1
hospital,10,0.24315756576632586,-0.5,5
hospital,10,0.5627711589443901,-0.1,1
hospital,10,0.6623992294064142,-0.1,1
hospital,10,0.24175913958548945,-0.8,8
hospital,10,0.6623992294064142,-0.0,0
hospital,10,0.6623992294064142,-0.2,2
hospital,10,0.4694541344903692,-0.2,2
hospital,10,0.48321731969835446,-0.8,8
hospital,10,0.5468475106079831,-0.4,4
hospital,10,0.505574395670396,-0.4,4
hospital,10,0.14540885463656628,-0.9,9
hospital,10,0.24315756576632586,-0.9,9
hospital,10,0.6623992294064142,-0.0,0
hospital,10,0.42853421735144903,-0.6,6
hospital,10,0.14540885463656628,-0.9,9
hospital,10,0.6623992294064142,-0.0,0
hospital,10,0.0001443939775050973,-0.9,9
hospital,10,0.385599188513301,-0.9,9
hospital,10,0.6623992294064142,-0.1,1
hospital,10,0.6623992294064142,-0.1,1
hospital,10,0.1455166996776397,-0.8,8
hospital,10,0.6009727293422886,-0.4,4
hospital,10,0.24175913958548945,-0.9,9
hospital,10,0.0,-0.9,9
hospital,10,0.6623992294064142,-0.0,0
hospital,10,0.0001443939775050973,-0.9,9
hospital,10,0.2902622119955647,-0.9,9
hospital,10,0.35966634913433626,-0.5,5
hospital,10,0.6086948858179753,-0.3,3
hospital,10,0.5065292841479625,-0.2,2
hospital,10,0.6009727293422886,-0.1,1
hospital,10,0.6623992294064142,-0.0,0
hospital,10,0.21940735109689347,-0.8,8
hospital,10,0.6009727293422886,-0.5,5
hospital,10,0.14540885463656628,-0.9,9
hospital,10,0.6623992294064142,-0.0,0
hospital,10,0.35966634913433626,-0.7,7
hospital,10,0.5468475106079831,-0.5,5
hospital,10,0.5468475106079831,-0.6,6
hospital,10,0.6623992294064142,-0.2,2
hospital,10,0.0,-0.9,9
hospital,10,0.0001443939775050973,-0.9,9
hospital,10,0.5627711589443901,-0.2,2
hospital,10,0.385599188513301,-0.4,4
hospital,10,0.5627711589443901,-0.1,1
hospital,10,0.24175913958548945,-0.8,8
hospital,10,0.4156135985944347,-0.4,4
hospital,10,0.24315756576632586,-0.9,9
hospital,10,0.35966634913433626,-0.6,6
hospital,10,0.5627711589443901,-0.3,3
hospital,10,0.35966634913433626,-0.7,7
hospital,10,0.6009727293422886,-0.5,5
hospital,10,0.505574395670396,-0.4,4
hospital,10,0.26187931623708605,-0.5,5
hospital,10,0.385599188513301,-0.5,5
hospital,10,0.44440927545847886,-0.8,8
hospital,10,0.5627711589443901,-0.3,3
hospital,10,0.42853421735144903,-0.7,7
hospital,10,0.6009727293422886,-0.2,2
hospital,10,0.5065292841479625,-0.6,6
hospital,10,0.0001443939775050973,-0.9,9
hospital,10,0.44440927545847886,-0.9,9
hospital,10,0.4694541344903692,-0.6,6
hospital,10,0.1455166996776397,-0.8,8
hospital,10,0.0,-0.9,9
hospital,10,0.6086948858179753,-0.3,3
hospital,10,0.5468475106079831,-0.6,6
hospital,10,0.5202376749670268,-0.5,5
hospital,10,0.6086948858179753,-0.3,3
hospital,10,0.0,-0.9,9
hospital,10,0.4156135985944347,-0.3,3
hospital,10,0.21945273335876703,-0.6,6
hospital,10,0.385599188513301,-0.4,4
hospital,10,0.6623992294064142,-0.2,2
hospital,10,0.48321731969835446,-0.6,6
hospital,10,0.6623992294064142,-0.0,0
hospital,10,0.6623992294064142,-0.2,2
hospital,10,0.4694541344903692,-0.3,3
hospital,10,0.6009727293422886,-0.3,3
hospital,10,0.6623992294064142,-0.2,2
hospital,10,0.6623992294064142,-0.0,0
hospital,10,0.14540885463656628,-0.9,9
hospital,10,0.21940735109689347,-0.9,9
hospital,10,0.505574395670396,-0.1,1
hospital,10,0.5468475106079831,-0.7,7
hospital,10,0.261836400724347,-0.5,5
hospital,10,0.0,-0.9,9
hospital,10,0.6623992294064142,-0.2,2
hospital,10,0.4694541344903692,-0.2,2
hospital,10,0.44440927545847886,-0.8,8
hospital,10,0.0,-0.9,9
adult,10,0.3876575545157147,-0.08333333333333333,1
adult,10,0.14401198888757627,-0.6666666666666666,8
adult,10,0.21945957036223462,-0.4166666666666667,5
adult,10,0.275386442588458,-0.3333333333333333,4
adult,10,0.40606487506886946,-0.25,3
adult,10,0.005978229278813085,-0.75,9
adult,10,0.028637407873601584,-0.5833333333333334,7
adult,10,0.054102170577392084,-0.75,9
adult,10,0.49122554744404323,-0.3333333333333333,4
adult,10,0.48390655849303243,-0.16666666666666666,2
adult,10,0.396029780856501,-0.25,3
adult,10,0.0774344949388257,-0.5,6
adult,10,0.009784496576428103,-0.75,9
adult,10,0.009493274318110312,-0.75,9
adult,10,0.08114444478519722,-0.6666666666666666,8
adult,10,0.2726821726489278,-0.08333333333333333,1
adult,10,0.07839617199656113,-0.6666666666666666,8
adult,10,0.49122554744404323,-0.0,0
adult,10,0.4597782854988285,-0.25,3
adult,10,0.35752953024759815,-0.5833333333333334,7
adult,10,0.06714669956426,-0.6666666666666666,8
adult,10,0.05544825654912722,-0.75,9
adult,10,0.49122554744404323,-0.08333333333333333,1
adult,10,0.014728222626579801,-0.75,9
adult,10,0.3522218625608804,-0.5833333333333334,7
adult,10,0.060538304650532004,-0.75,9
adult,10,0.20036608478191653,-0.3333333333333333,4
adult,10,0.08221874788557204,-0.3333333333333333,4
adult,10,0.07342330040262302,-0.75,9
adult,10,0.4006599402056277,-0.5833333333333334,7
adult,10,0.12964246975491212,-0.25,3
adult,10,0.4199947253310894,-0.25,3
adult,10,0.4597782854988285,-0.16666666666666666,2
adult,10,0.4325921849686901,-0.25,3
adult,10,0.07342330040262302,-0.75,9
adult,10,0.35869848485078126,-0.25,3
adult,10,0.48390655849303243,-0.08333333333333333,1
adult,10,0.4597782854988285,-0.25,3
adult,10,0.11865324053951043,-0.5833333333333334,7
adult,10,0.17085424768265522,-0.25,3
adult,10,0.061251603619355666,-0.75,9
adult,10,0.49122554744404323,-0.16666666666666666,2
adult,10,0.4597782854988285,-0.08333333333333333,1
adult,10,0.07093563747408771,-0.75,9
adult,10,0.06920930761588873,-0.75,9
adult,10,0.35869848485078126,-0.4166666666666667,5
adult,10,0.3522218625608804,-0.5833333333333334,7
adult,10,0.02081924993057771,-0.75,9
adult,10,0.1691033560504347,-0.5833333333333334,7
adult,10,0.48390655849303243,-0.08333333333333333,1
adult,10,0.49122554744404323,-0.0,0
adult,10,0.48390655849303243,-0.25,3
adult,10,0.48390655849303243,-0.08333333333333333,1
adult,10,0.09304909999391664,-0.6666666666666666,8
adult,10,0.35899251776501295,-0.5,6
adult,10,0.054102170577392084,-0.75,9
adult,10,0.396029780856501,-0.3333333333333333,4
adult,10,0.07112155424097788,-0.75,9
adult,10,0.008839927559450844,-0.75,9
adult,10,0.19189695568700205,-0.5833333333333334,7
adult,10,0.08000430165431949,-0.75,9
adult,10,0.09655986994283272,-0.75,9
adult,10,0.31218280661360687,-0.75,9
adult,10,0.22077437718297643,-0.4166666666666667,5
adult,10,0.1321768338242303,-0.75,9
adult,10,0.15573957493478552,-0.5,6
adult,10,0.49122554744404323,-0.0,0
adult,10,0.014630816395805768,-0.75,9
adult,10,0.3156222907197025,-0.3333333333333333,4
adult,10,0.4199947253310894,-0.08333333333333333,1
adult,10,0.0738760108591845,-0.75,9
adult,10,0.3841446984469006,-0.3333333333333333,4
adult,10,0.49122554744404323,-0.0,0
adult,10,0.49122554744404323,-0.0,0
adult,10,0.49122554744404323,-0.08333333333333333,1
adult,10,0.20036608478191653,-0.3333333333333333,4
adult,10,0.02243035191528453,-0.75,9
adult,10,0.35553545402526254,-0.3333333333333333,4
adult,10,0.4406388896832574,-0.08333333333333333,1
adult,10,0.49122554744404323,-0.0,0
adult,10,0.11628016916356854,-0.6666666666666666,8
adult,10,0.0610245882828826,-0.75,9
adult,10,0.0617988701103136,-0.75,9
adult,10,0.364697551973022,-0.4166666666666667,5
adult,10,0.1321768338242303,-0.6666666666666666,8
adult,10,0.01063069202371647,-0.75,9
adult,10,0.23849378149221334,-0.4166666666666667,5
adult,10,0.06600256526198245,-0.6666666666666666,8
adult,10,0.027558098079310422,-0.75,9
adult,10,0.3841446984469006,-0.4166666666666667,5
adult,10,0.396029780856501,-0.16666666666666666,2
adult,10,0.43561581086639223,-0.3333333333333333,4
adult,10,0.021089799059135328,-0.75,9
adult,10,0.48390655849303243,-0.25,3
adult,10,0.2726821726489278,-0.16666666666666666,2
adult,10,0.35802046232383233,-0.4166666666666667,5
adult,10,0.3876575545157147,-0.16666666666666666,2
adult,10,0.4406388896832574,-0.08333333333333333,1
adult,10,0.0610245882828826,-0.75,9
adult,10,0.17085424768265522,-0.5,6
flight,10,0.1222736628243225,-0.8461538461538461,11
flight,10,0.8846850956852224,-10.615384615384615,8
flight,10,0.9826408586840785,-10.307692307692308,4
flight,10,0.08907123541814055,-0.8461538461538461,11
flight,10,0.9826408586840785,-10.076923076923077,1
flight,10,0.9826408586840785,-10.0,0
flight,10,0.1222736628243225,-0.8461538461538461,11
flight,10,0.9826408586840785,-10.461538461538462,6
flight,10,0.8846850956852224,-10.692307692307692,9
flight,10,0.9826408586840785,-10.153846153846153,2
flight,10,0.7835724119593105,-10.384615384615385,5
flight,10,0.9826408586840785,-10.0,0
flight,10,0.9680567115073361,-10.846153846153847,11
flight,10,0.06676138493996508,-0.8461538461538461,11
flight,10,0.2455785165522859,-0.46153846153846156,6
flight,10,0.08907123541814055,-0.8461538461538461,11
flight,10,0.9826408586840785,-10.153846153846153,2
flight,10,0.9826408586840785,-10.23076923076923,3
flight,10,0.9680567115073361,-10.846153846153847,11
flight,10,0.7615997542394806,-10.692307692307692,9
flight,10,0.9826408586840785,-10.076923076923077,1
flight,10,0.13818569520024426,-0.8461538461538461,11
flight,10,0.9826408586840785,-10.307692307692308,4
flight,10,0.08907123541814055,-0.8461538461538461,11
flight,10,0.7637041577312637,-10.538461538461538,7
flight,10,0.9680567115073361,-10.615384615384615,8
flight,10,0.9680567115073361,-10.538461538461538,7
flight,10,0.8846850956852224,-10.846153846153847,11
flight,10,0.13051054943857365,-0.46153846153846156,6
flight,10,0.1222736628243225,-0.8461538461538461,11
flight,10,0.9826408586840785,-10.076923076923077,1
flight,10,0.9826408586840785,-10.153846153846153,2
flight,10,0.24980936013667854,-0.38461538461538464,5
flight,10,0.13051054943857365,-0.5384615384615384,7
flight,10,0.7615997542394806,-10.307692307692308,4
flight,10,0.9826408586840785,-10.0,0
flight,10,0.08907123541814055,-0.8461538461538461,11
flight,10,0.7835724119593105,-10.538461538461538,7
flight,10,0.9826408586840785,-10.153846153846153,2
flight,10,0.9826408586840785,-10.076923076923077,1
flight,10,0.9680567115073361,-10.692307692307692,9
flight,10,0.9826408586840785,-10.307692307692308,4
flight,10,0.9680567115073361,-10.615384615384615,8
flight,10,0.7637041577312637,-10.307692307692308,4
flight,10,0.9826408586840785,-10.307692307692308,4
flight,10,0.8846850956852224,-10.846153846153847,11
flight,10,0.1222736628243225,-0.8461538461538461,11
flight,10,0.9826408586840785,-10.615384615384615,8
flight,10,0.13818569520024426,-0.6923076923076923,9
flight,10,0.1689864093151694,-0.38461538461538464,5
flight,10,0.06676260648713994,-0.8461538461538461,11
flight,10,0.7637041577312637,-10.384615384615385,5
flight,10,0.18094116044347042,-0.6153846153846154,8
flight,10,0.9826408586840785,-10.076923076923077,1
flight,10,0.9826408586840785,-10.153846153846153,2
flight,10,0.8846850956852224,-10.76923076923077,10
flight,10,0.24980936013667854,-0.6153846153846154,8
flight,10,0.06680017428701124,-0.7692307692307693,10
flight,10,0.06680017428701124,-0.8461538461538461,11
flight,10,0.17937444104272926,-0.7692307692307693,10
flight,10,0.9680567115073361,-10.461538461538462,6
flight,10,0.12744625720955838,-0.6923076923076923,9
flight,10,0.9680567115073361,-10.846153846153847,11
flight,10,0.9826408586840785,-10.384615384615385,5
flight,10,0.9680567115073361,-10.846153846153847,11
flight,10,0.7835724119593105,-10.538461538461538,7
flight,10,0.2455785165522859,-0.6923076923076923,9
flight,10,0.1796692951326263,-0.8461538461538461,11
flight,10,0.9680567115073361,-10.153846153846153,2
flight,10,0.9826408586840785,-10.076923076923077,1
flight,10,0.13818569520024426,-0.6153846153846154,8
flight,10,0.06676625649827916,-0.8461538461538461,11
flight,10,0.8846850956852224,-10.692307692307692,9
flight,10,0.9680567115073361,-10.307692307692308,4
flight,10,0.9680567115073361,-10.461538461538462,6
flight,10,0.7637041577312637,-10.153846153846153,2
flight,10,0.9826408586840785,-10.0,0
flight,10,0.1689864093151694,-0.46153846153846156,6
flight,10,0.18094116044347042,-0.23076923076923078,3
flight,10,0.13818569520024426,-0.6153846153846154,8
flight,10,0.12535612051410105,-0.8461538461538461,11
flight,10,0.12744625720955838,-0.6923076923076923,9
flight,10,0.1796692951326263,-0.7692307692307693,10
flight,10,0.13818569520024426,-0.6923076923076923,9
flight,10,0.08907123541814055,-0.8461538461538461,11
flight,10,0.8846850956852224,-10.846153846153847,11
flight,10,0.9826408586840785,-10.0,0
flight,10,0.9826408586840785,-10.461538461538462,6
flight,10,0.9826408586840785,-10.0,0
flight,10,0.08907123541814055,-0.7692307692307693,10
flight,10,0.7835724119593105,-10.538461538461538,7
flight,10,0.9826408586840785,-10.153846153846153,2
flight,10,0.7637041577312637,-10.538461538461538,7
flight,10,0.9680567115073361,-10.692307692307692,9
flight,10,0.9680567115073361,-10.153846153846153,2
flight,10,0.8846850956852224,-10.615384615384615,8
flight,10,0.9680567115073361,-10.846153846153847,11
flight,10,0.9826408586840785,-10.307692307692308,4
flight,10,0.06676625649827916,-0.7692307692307693,10
flight,10,0.9826408586840785,-10.384615384615385,5
tax,10,0.0,-1.0,3
tax,10,0.3057912208405609,-0.6666666666666666,2
tax,10,0.3057912208405609,-0.3333333333333333,1
tax,10,0.0,-1.0,3
tax,10,0.3057912208405609,-0.6666666666666666,2
tax,10,0.5548418449270073,-0.0,0
tax,10,0.5548418449270073,-0.0,0
tax,10,0.3057912208405609,-0.6666666666666666,2
tax,10,0.3057912208405609,-0.6666666666666666,2
tax,10,0.3057912208405609,-0.3333333333333333,1
tax,10,0.0,-1.0,3
tax,10,0.2290091161470067,-0.6666666666666666,2
tax,10,0.0,-1.0,3
tax,10,0.5548418449270073,-0.3333333333333333,1
tax,10,0.0,-1.0,3
tax,10,0.0,-1.0,3
tax,10,0.5548418449270073,-0.0,0
tax,10,0.0,-1.0,3
tax,10,0.5548418449270073,-0.3333333333333333,1
tax,10,0.3057912208405609,-0.3333333333333333,1
tax,10,0.0,-1.0,3
tax,10,0.3057912208405609,-0.6666666666666666,2
tax,10,0.5548418449270073,-0.0,0
tax,10,0.3057912208405609,-0.6666666666666666,2
tax,10,0.0,-1.0,3
tax,10,0.0,-1.0,3
tax,10,0.5548418449270073,-0.0,0
tax,10,0.0,-1.0,3
tax,10,0.5548418449270073,-0.0,0
tax,10,0.3057912208405609,-0.6666666666666666,2
tax,10,0.5548418449270073,-0.0,0
tax,10,0.5548418449270073,-0.0,0
tax,10,0.5548418449270073,-0.6666666666666666,2
tax,10,0.5548418449270073,-0.6666666666666666,2
tax,10,0.5548418449270073,-0.3333333333333333,1
tax,10,0.5548418449270073,-0.6666666666666666,2
tax,10,0.5548418449270073,-0.0,0
tax,10,0.0,-1.0,3
tax,10,0.3057912208405609,-0.3333333333333333,1
tax,10,0.5548418449270073,-0.6666666666666666,2
tax,10,0.0,-1.0,3
tax,10,0.5548418449270073,-0.0,0
tax,10,0.5548418449270073,-0.3333333333333333,1
tax,10,0.5548418449270073,-0.3333333333333333,1
tax,10,0.5548418449270073,-0.3333333333333333,1
tax,10,0.5548418449270073,-0.0,0
tax,10,0.0,-1.0,3
tax,10,0.3057912208405609,-0.6666666666666666,2
tax,10,0.2290091161470067,-0.6666666666666666,2
tax,10,0.5548418449270073,-0.0,0
tax,10,0.3057912208405609,-0.3333333333333333,1
tax,10,0.5548418449270073,-0.3333333333333333,1
tax,10,0.5548418449270073,-0.3333333333333333,1
tax,10,0.0,-1.0,3
tax,10,0.5548418449270073,-0.3333333333333333,1
tax,10,0.3057912208405609,-0.6666666666666666,2
tax,10,0.3057912208405609,-0.6666666666666666,2
tax,10,0.2290091161470067,-0.6666666666666666,2
tax,10,0.0,-1.0,3
tax,10,0.0,-1.0,3
tax,10,0.0,-1.0,3
tax,10,0.5548418449270073,-0.0,0
tax,10,0.5548418449270073,-0.3333333333333333,1
tax,10,0.5548418449270073,-0.0,0
tax,10,0.0,-1.0,3
tax,10,0.5548418449270073,-0.0,0
tax,10,0.5548418449270073,-0.0,0
tax,10,0.5548418449270073,-0.3333333333333333,1
tax,10,0.5548418449270073,-0.6666666666666666,2
tax,10,0.5548418449270073,-0.0,0
tax,10,0.3057912208405609,-0.3333333333333333,1
tax,10,0.0,-1.0,3
tax,10,0.2290091161470067,-0.6666666666666666,2
tax,10,0.0,-1.0,3
tax,10,0.0,-1.0,3
tax,10,0.5548418449270073,-0.0,0
tax,10,0.5548418449270073,-0.0,0
tax,10,0.2290091161470067,-0.6666666666666666,2
tax,10,0.0,-1.0,3
tax,10,0.5548418449270073,-0.3333333333333333,1
tax,10,0.5548418449270073,-0.6666666666666666,2
tax,10,0.5548418449270073,-0.0,0
tax,10,0.0,-1.0,3
tax,10,0.5548418449270073,-0.6666666666666666,2
tax,10,0.3057912208405609,-0.6666666666666666,2
tax,10,0.0,-1.0,3
tax,10,0.2290091161470067,-0.6666666666666666,2
tax,10,0.0,-1.0,3
tax,10,0.2290091161470067,-0.6666666666666666,2
tax,10,0.0,-1.0,3
tax,10,0.0,-1.0,3
tax,10,0.5548418449270073,-0.0,0
tax,10,0.5548418449270073,-0.0,0
tax,10,0.5548418449270073,-0.3333333333333333,1
tax,10,0.0,-1.0,3
tax,10,0.5548418449270073,-0.3333333333333333,1
tax,10,0.0,-1.0,3
tax,10,0.5548418449270073,-0.0,0
tax,10,0.5548418449270073,-0.0,0
tax,10,0.5548418449270073,-0.0,0
