dataset,lambda,leakage,utility,mask_size
airport,100,0.03592524660768637,-0.6666666666666666,4
airport,100,0.22337399647872114,-0.0,0
airport,100,0.015768127809462573,-0.8333333333333334,5
airport,100,0.003306804705818678,-0.8333333333333334,5
airport,100,0.22337399647872114,-0.0,0
airport,100,0.22337399647872114,-0.0,0
airport,100,0.051126318247808444,-0.3333333333333333,2
airport,100,0.03592524660768637,-0.5,3
airport,100,0.22337399647872114,-0.3333333333333333,2
airport,100,0.015768127809462573,-0.8333333333333334,5
airport,100,0.051126318247808444,-0.5,3
airport,100,0.003306804705818678,-0.8333333333333334,5
airport,100,0.0096768865126029,-0.6666666666666666,4
airport,100,0.03592524660768637,-0.5,3
airport,100,0.05010955345870127,-0.5,3
airport,100,0.22337399647872114,-0.0,0
airport,100,0.003306804705818678,-0.8333333333333334,5
airport,100,0.0,-0.8333333333333334,5
airport,100,0.22337399647872114,-0.16666666666666666,1
airport,100,0.051126318247808444,-0.16666666666666666,1
airport,100,0.22337399647872114,-0.3333333333333333,2
airport,100,0.22337399647872114,-0.16666666666666666,1
airport,100,0.003609042830710618,-0.8333333333333334,5
airport,100,0.22337399647872114,-0.3333333333333333,2
airport,100,0.0,-0.8333333333333334,5
airport,100,0.03592524660768637,-0.3333333333333333,2
airport,100,0.22337399647872114,-0.3333333333333333,2
airport,100,0.22337399647872114,-0.0,0
airport,100,0.22337399647872114,-0.16666666666666666,1
airport,100,0.22337399647872114,-0.3333333333333333,2
airport,100,0.03592524660768637,-0.16666666666666666,1
airport,100,0.011469181810646378,-0.5,3
airport,100,0.008222647309668152,-0.6666666666666666,4
airport,100,0.22337399647872114,-0.0,0
airport,100,0.03592524660768637,-0.16666666666666666,1
airport,100,0.22337399647872114,-0.3333333333333333,2
airport,100,0.22337399647872114,-0.5,3
airport,100,0.05010955345870127,-0.3333333333333333,2
airport,100,0.06016840572859605,-0.6666666666666666,4
airport,100,0.22337399647872114,-0.0,0
airport,100,0.015768127809462573,-0.8333333333333334,5
airport,100,0.22337399647872114,-0.0,0
airport,100,0.22337399647872114,-0.0,0
airport,100,0.22337399647872114,-0.0,0
airport,100,0.22337399647872114,-0.0,0
airport,100,0.22337399647872114,-0.0,0
airport,100,0.03592524660768637,-0.16666666666666666,1
airport,100,0.011469181810646378,-0.6666666666666666,4
airport,100,0.003609042830710618,-0.8333333333333334,5
airport,100,0.051126318247808444,-0.16666666666666666,1
airport,100,0.051126318247808444,-0.16666666666666666,1
airport,100,0.015768127809462573,-0.8333333333333334,5
airport,100,0.06016840572859605,-0.6666666666666666,4
airport,100,0.22337399647872114,-0.0,0
airport,100,0.03592524660768637,-0.3333333333333333,2
airport,100,0.22337399647872114,-0.0,0
airport,100,0.051126318247808444,-0.3333333333333333,2
airport,100,0.22337399647872114,-0.0,0
airport,100,0.008222647309668152,-0.6666666666666666,4
airport,100,0.22337399647872114,-0.16666666666666666,1
airport,100,0.22337399647872114,-0.5,3
airport,100,0.015768127809462573,-0.8333333333333334,5
airport,100,0.22337399647872114,-0.5,3
airport,100,0.03592524660768637,-0.6666666666666666,4
airport,100,0.011469181810646378,-0.5,3
airport,100,0.03592524660768637,-0.6666666666666666,4
airport,100,0.22337399647872114,-0.3333333333333333,2
airport,100,0.22337399647872114,-0.3333333333333333,2
airport,100,0.22337399647872114,-0.3333333333333333,2
airport,100,0.22337399647872114,-0.16666666666666666,1
airport,100,0.051126318247808444,-0.3333333333333333,2
airport,100,0.0008907266304110095,-0.8333333333333334,5
airport,100,0.05853885744745513,-0.6666666666666666,4
airport,100,0.0096768865126029,-0.6666666666666666,4
airport,100,0.22337399647872114,-0.0,0
airport,100,0.051126318247808444,-0.3333333333333333,2
airport,100,0.013497595919447658,-0.5,3
airport,100,0.22337399647872114,-0.6666666666666666,4
airport,100,0.013497595919447658,-0.5,3
airport,100,0.0008907266304110095,-0.8333333333333334,5
airport,100,0.003306804705818678,-0.8333333333333334,5
airport,100,0.22337399647872114,-0.16666666666666666,1
airport,100,0.22337399647872114,-0.6666666666666666,4
airport,100,0.22337399647872114,-0.0,0
airport,100,0.05010955345870127,-0.6666666666666666,4
airport,100,0.05010955345870127,-0.6666666666666666,4
airport,100,0.05010955345870127,-0.6666666666666666,4
airport,100,0.22337399647872114,-0.16666666666666666,1
airport,100,0.22337399647872114,-0.6666666666666666,4
airport,100,0.015768127809462573,-0.6666666666666666,4
airport,100,0.015768127809462573,-0.8333333333333334,5
airport,100,0.051126318247808444,-0.3333333333333333,2
airport,100,0.0,-0.8333333333333334,5
airport,100,0.03592524660768637,-0.16666666666666666,1
airport,100,0.0,-0.8333333333333334,5
airport,100,0.03592524660768637,-0.16666666666666666,1
airport,100,0.03592524660768637,-0.16666666666666666,1
airport,100,0.015768127809462573,-0.8333333333333334,5
airport,100,0.003306804705818678,-0.8333333333333334,5
airport,100,0.003609042830710618,-0.8333333333333334,5
hospital,100,0.14540885463656628,-0.9,9
hospital,100,0.48321731969835446,-0.5,5
hospital,100,0.14540885463656628,-0.9,9
hospital,100,0.6623992294064142,-0.0,0
hospital,100,0.24175913958548945,-0.9,9
hospital,100,0.6009727293422886,-0.6,6
hospital,100,0.4156135985944347,-0.2,2
hospital,100,0.5627711589443901,-0.3,3
hospital,100,0.6009727293422886,-0.1,1
hospital,100,0.6086948858179753,-0.2,2
hospital,100,0.26187931623708605,-0.8,8
hospital,100,0.24175913958548945,-0.7,7
hospital,100,0.6623992294064142,-0.0,0
hospital,100,0.48321731969835446,-0.6,6
hospital,100,0.35966634913433626,-0.8,8
hospital,100,0.6086948858179753,-0.2,2
hospital,100,0.21940735109689347,-0.9,9
hospital,100,0.35966634913433626,-0.8,8
hospital,100,0.4694541344903692,-0.4,4
hospital,100,0.6009727293422886,-0.6,6
hospital,100,0.6623992294064142,-0.0,0
hospital,100,0.21945273335876703,-0.5,5
hospital,100,0.6623992294064142,-0.1,1
hospital,100,0.6086948858179753,-0.1,1
hospital,100,0.6623992294064142,-0.1,1
hospital,100,0.6623992294064142,-0.1,1
hospital,100,0.6623992294064142,-0.2,2
hospital,100,0.6623992294064142,-0.0,0
hospital,100,0.0001443939775050973,-0.9,9
hospital,100,0.6623992294064142,-0.3,3
hospital,100,0.0001443939775050973,-0.9,9
hospital,100,0.4694541344903692,-0.6,6
hospital,100,0.24315756576632586,-0.6,6
hospital,100,0.261836400724347,-0.7,7
hospital,100,0.42853421735144903,-0.7,7
hospital,100,0.2902622119955647,-0.8,8
hospital,100,0.4694541344903692,-0.3,3
hospital,100,0.26187931623708605,-0.7,7
hospital,100,0.48321731969835446,-0.2,2
hospital,100,0.5468475106079831,-0.7,7
hospital,100,0.48321731969835446,-0.5,5
hospital,100,0.385599188513301,-0.8,8
hospital,100,0.3166049127277152,-0.7,7
hospital,100,0.2902622119955647,-0.9,9
hospital,100,0.5065292841479625,-0.3,3
hospital,100,0.385599188513301,-0.7,7
hospital,100,0.5627711589443901,-0.1,1
hospital,100,0.6086948858179753,-0.4,4
hospital,100,0.0001443939775050973,-0.9,9
hospital,100,0.4694541344903692,-0.5,5
hospital,100,0.24315756576632586,-0.8,8
hospital,100,0.6086948858179753,-0.5,5
hospital,100,0.24315756576632586,-0.9,9
hospital,100,0.505574395670396,-0.4,4
hospital,100,0.385599188513301,-0.9,9
hospital,100,0.4694541344903692,-0.7,7
hospital,100,0.35966634913433626,-0.2,2
hospital,100,0.385599188513301,-0.9,9
hospital,100,0.6086948858179753,-0.1,1
hospital,100,0.5627711589443901,-0.5,5
hospital,100,0.6623992294064142,-0.2,2
hospital,100,0.6086948858179753,-0.4,4
hospital,100,0.42850099142022324,-0.6,6
hospital,100,0.261836400724347,-0.7,7
hospital,100,0.6623992294064142,-0.0,0
hospital,100,0.6623992294064142,-0.0,0
hospital,100,0.6623992294064142,-0.1,1
hospital,100,0.6623992294064142,-0.0,0
hospital,100,0.04096074580812714,-0.7,7
hospital,100,0.2902622119955647,-0.9,9
hospital,100,0.24315756576632586,-0.6,6
hospital,100,0.6086948858179753,-0.1,1
hospital,100,0.385599188513301,-0.9,9
hospital,100,0.44440927545847886,-0.7,7
hospital,100,0.6623992294064142,-0.2,2
hospital,100,0.42850099142022324,-0.6,6
hospital,100,0.5468475106079831,-0.4,4
hospital,100,0.6009727293422886,-0.2,2
hospital,100,0.385599188513301,-0.6,6
hospital,100,0.6086948858179753,-0.1,1
hospital,100,0.4694541344903692,-0.7,7
hospital,100,0.24315756576632586,-0.9,9
hospital,100,0.6086948858179753,-0.3,3
hospital,100,0.24175913958548945,-0.9,9
hospital,100,0.6623992294064142,-0.1,1
hospital,100,0.6623992294064142,-0.0,0
hospital,100,0.6623992294064142,-0.1,1
hospital,100,0.6623992294064142,-0.1,1
hospital,100,0.385599188513301,-0.9,9
hospital,100,0.6009727293422886,-0.3,3
hospital,100,0.5627711589443901,-0.3,3
hospital,100,0.505574395670396,-0.4,4
hospital,100,0.505574395670396,-0.5,5
hospital,100,0.6623992294064142,-0.2,2
hospital,100,0.21940735109689347,-0.9,9
hospital,100,0.35966634913433626,-0.3,3
hospital,100,0.1455166996776397,-0.8,8
hospital,100,0.6623992294064142,-0.0,0
hospital,100,0.6623992294064142,-0.0,0
hospital,100,0.385599188513301,-0.8,8
adult,100,0.49122554744404323,-0.08333333333333333,1
adult,100,0.02337809834371296,-0.75,9
adult,100,0.11023352473050418,-0.6666666666666666,8
adult,100,0.02337809834371296,-0.6666666666666666,8
adult,100,0.006450569864542843,-0.75,9
adult,100,0.0774344949388257,-0.5,6
adult,100,0.49122554744404323,-0.0,0
adult,100,0.4837492874056374,-0.4166666666666667,5
adult,100,0.20036608478191653,-0.25,3
adult,100,0.49122554744404323,-0.08333333333333333,1
adult,100,0.49122554744404323,-0.0,0
adult,100,0.019506699349020717,-0.75,9
adult,100,0.07352921468759865,-0.75,9
adult,100,0.0744644746040094,-0.5,6
adult,100,0.0012759391462174863,-0.75,9
adult,100,0.014580918669557907,-0.75,9
adult,100,0.06443486756484917,-0.75,9
adult,100,0.07129118921968924,-0.6666666666666666,8
adult,100,0.15662894254159787,-0.5833333333333334,7
adult,100,0.08065140489033817,-0.75,9
adult,100,0.3873413505738017,-0.3333333333333333,4
adult,100,0.12250505511270016,-0.4166666666666667,5
adult,100,0.4007261300524779,-0.5,6
adult,100,0.0035473236271421626,-0.75,9
adult,100,0.054194903456543986,-0.6666666666666666,8
adult,100,0.1349492663536822,-0.16666666666666666,2
adult,100,0.49122554744404323,-0.0,0
adult,100,0.43561581086639223,-0.25,3
adult,100,0.02243035191528453,-0.5833333333333334,7
adult,100,0.36960830881915396,-0.3333333333333333,4
adult,100,0.38715465280892436,-0.25,3
adult,100,0.49122554744404323,-0.0,0
adult,100,0.23849378149221334,-0.25,3
adult,100,0.49122554744404323,-0.0,0
adult,100,0.49122554744404323,-0.0,0
adult,100,0.05418616400540388,-0.75,9
adult,100,0.08265074730378996,-0.5833333333333334,7
adult,100,0.49122554744404323,-0.0,0
adult,100,0.49122554744404323,-0.08333333333333333,1
adult,100,0.06839724627941723,-0.75,9
adult,100,0.35707970972751135,-0.5,6
adult,100,0.0035360605976831883,-0.75,9
adult,100,0.0744644746040094,-0.5833333333333334,7
adult,100,0.49122554744404323,-0.0,0
adult,100,0.022662624511418872,-0.75,9
adult,100,0.0009256355697232488,-0.75,9
adult,100,0.05979781508205295,-0.75,9
adult,100,0.2726821726489278,-0.08333333333333333,1
adult,100,0.05993471082836699,-0.6666666666666666,8
adult,100,0.07132678227702649,-0.75,9
adult,100,0.4199947253310894,-0.08333333333333333,1
adult,100,0.07470802683816113,-0.4166666666666667,5
adult,100,0.07342330040262302,-0.75,9
adult,100,0.49122554744404323,-0.08333333333333333,1
adult,100,0.031177108617522653,-0.75,9
adult,100,0.26221932193872965,-0.3333333333333333,4
adult,100,0.07132678227702649,-0.75,9
adult,100,0.4837492874056374,-0.25,3
adult,100,0.49122554744404323,-0.25,3
adult,100,0.0021431443156229024,-0.75,9
adult,100,0.2726821726489278,-0.16666666666666666,2
adult,100,0.0004258560715968418,-0.75,9
adult,100,0.31929088353605695,-0.75,9
adult,100,0.000574061903952594,-0.75,9
adult,100,0.40940983353048355,-0.3333333333333333,4
adult,100,0.0738760108591845,-0.75,9
adult,100,0.06920930761588873,-0.75,9
adult,100,0.49122554744404323,-0.16666666666666666,2
adult,100,0.3876575545157147,-0.25,3
adult,100,0.07839617199656113,-0.6666666666666666,8
adult,100,0.20036608478191653,-0.25,3
adult,100,0.12964246975491212,-0.4166666666666667,5
adult,100,0.07305946281257858,-0.75,9
adult,100,0.49122554744404323,-0.0,0
adult,100,0.11789138276656375,-0.5,6
adult,100,0.2722496645998359,-0.4166666666666667,5
adult,100,0.49122554744404323,-0.0,0
adult,100,0.135682350389002,-0.4166666666666667,5
adult,100,0.09010807565150813,-0.5,6
adult,100,0.38715465280892436,-0.4166666666666667,5
adult,100,0.15716993784339994,-0.75,9
adult,100,0.028847808263706032,-0.6666666666666666,8
adult,100,0.443789132193782,-0.25,3
adult,100,0.4597782854988285,-0.3333333333333333,4
adult,100,0.48390655849303243,-0.16666666666666666,2
adult,100,0.06615809659152339,-0.5,6
adult,100,0.13720496132909643,-0.6666666666666666,8
adult,100,0.49122554744404323,-0.0,0
adult,100,0.34983921267950746,-0.25,3
adult,100,0.49122554744404323,-0.0,0
adult,100,0.48390655849303243,-0.16666666666666666,2
adult,100,0.0549373740911705,-0.75,9
adult,100,0.05680865014253034,-0.5,6
adult,100,0.23196451309928023,-0.6666666666666666,8
adult,100,0.03118688961875249,-0.5833333333333334,7
adult,100,0.028391769573003822,-0.75,9
adult,100,0.14535109048897876,-0.5,6
adult,100,0.022662624511418872,-0.75,9
adult,100,0.0703114517643928,-0.5833333333333334,7
adult,100,0.07455632252156719,-0.75,9
flight,100,0.08907123541814055,-0.8461538461538461,11
flight,100,0.9826408586840785,-100.46153846153847,6
flight,100,0.9826408586840785,-100.0,0
flight,100,0.1689864093151694,-0.5384615384615384,7
flight,100,0.9680567115073361,-100.84615384615384,11
flight,100,0.9680567115073361,-100.46153846153847,6
flight,100,0.9680567115073361,-100.84615384615384,11
flight,100,0.9680567115073361,-100.76923076923077,10
flight,100,0.7637041577312637,-100.23076923076923,3
flight,100,0.08907123541814055,-0.8461538461538461,11
flight,100,0.12744625720955838,-0.7692307692307693,10
flight,100,0.9680567115073361,-100.6923076923077,9
flight,100,0.9680567115073361,-100.15384615384616,2
flight,100,0.9826408586840785,-100.0,0
flight,100,0.9826408586840785,-100.0,0
flight,100,0.9680567115073361,-100.53846153846153,7
flight,100,0.9680567115073361,-100.6923076923077,9
flight,100,0.9680567115073361,-100.38461538461539,5
flight,100,0.9826408586840785,-100.07692307692308,1
flight,100,0.9826408586840785,-100.0,0
flight,100,0.08907123541814055,-0.8461538461538461,11
flight,100,0.9826408586840785,-100.07692307692308,1
flight,100,0.9826408586840785,-100.0,0
flight,100,0.7615997542394806,-100.23076923076923,3
flight,100,0.9826408586840785,-100.0,0
flight,100,0.13818569520024426,-0.8461538461538461,11
flight,100,0.9826408586840785,-100.0,0
flight,100,0.9826408586840785,-100.15384615384616,2
flight,100,0.9826408586840785,-100.53846153846153,7
flight,100,0.9826408586840785,-100.07692307692308,1
flight,100,0.8846850956852224,-100.6923076923077,9
flight,100,0.9680567115073361,-100.53846153846153,7
flight,100,0.1689864093151694,-0.5384615384615384,7
flight,100,0.9826408586840785,-100.15384615384616,2
flight,100,0.1796692951326263,-0.8461538461538461,11
flight,100,0.13514845205100667,-0.7692307692307693,10
flight,100,0.7615997542394806,-100.23076923076923,3
flight,100,0.08907123541814055,-0.8461538461538461,11
flight,100,0.9826408586840785,-100.15384615384616,2
flight,100,0.9680567115073361,-100.84615384615384,11
flight,100,0.13818569520024426,-0.8461538461538461,11
flight,100,0.8846850956852224,-100.84615384615384,11
flight,100,0.13514845205100667,-0.46153846153846156,6
flight,100,0.7637041577312637,-100.38461538461539,5
flight,100,0.8846850956852224,-100.61538461538461,8
flight,100,0.06680017428701124,-0.7692307692307693,10
flight,100,0.08907123541814055,-0.8461538461538461,11
flight,100,0.9826408586840785,-100.6923076923077,9
flight,100,0.11650065212924676,-0.8461538461538461,11
flight,100,0.1689864093151694,-0.46153846153846156,6
flight,100,0.8846850956852224,-100.61538461538461,8
flight,100,0.9680567115073361,-100.6923076923077,9
flight,100,0.9826408586840785,-100.23076923076923,3
flight,100,0.7637041577312637,-100.07692307692308,1
flight,100,0.9826408586840785,-100.76923076923077,10
flight,100,0.9826408586840785,-100.15384615384616,2
flight,100,0.9826408586840785,-100.15384615384616,2
flight,100,0.9826408586840785,-100.46153846153847,6
flight,100,0.13818569520024426,-0.6153846153846154,8
flight,100,0.13818569520024426,-0.6923076923076923,9
flight,100,0.9826408586840785,-100.0,0
flight,100,0.9826408586840785,-100.0,0
flight,100,0.9826408586840785,-100.23076923076923,3
flight,100,0.9826408586840785,-100.76923076923077,10
flight,100,0.1222736628243225,-0.8461538461538461,11
flight,100,0.08907123541814055,-0.8461538461538461,11
flight,100,0.16828933816592273,-0.8461538461538461,11
flight,100,0.9826408586840785,-100.53846153846153,7
flight,100,0.7835724119593105,-100.38461538461539,5
flight,100,0.06676260648713994,-0.8461538461538461,11
flight,100,0.11650065212924676,-0.6923076923076923,9
flight,100,0.1222736628243225,-0.8461538461538461,11
flight,100,0.9826408586840785,-100.15384615384616,2
flight,100,0.9826408586840785,-100.23076923076923,3
flight,100,0.9826408586840785,-100.3076923076923,4
flight,100,0.9826408586840785,-100.3076923076923,4
flight,100,0.17967605980281343,-0.8461538461538461,11
flight,100,0.13818569520024426,-0.5384615384615384,7
flight,100,0.06676260648713994,-0.8461538461538461,11
flight,100,0.08907123541814055,-0.8461538461538461,11
flight,100,0.9826408586840785,-100.0,0
flight,100,0.13051054943857365,-0.3076923076923077,4
flight,100,0.16828933816592273,-0.8461538461538461,11
flight,100,0.9826408586840785,-100.23076923076923,3
flight,100,0.2455785165522859,-0.7692307692307693,10
flight,100,0.9680567115073361,-100.6923076923077,9
flight,100,0.13818569520024426,-0.8461538461538461,11
flight,100,0.9826408586840785,-100.15384615384616,2
flight,100,0.08907123541814055,-0.8461538461538461,11
flight,100,0.11650065212924676,-0.8461538461538461,11
flight,100,0.9826408586840785,-100.38461538461539,5
flight,100,0.9680567115073361,-100.84615384615384,11
flight,100,0.8846850956852224,-100.84615384615384,11
flight,100,0.06676138493996508,-0.8461538461538461,11
flight,100,0.9826408586840785,-100.3076923076923,4
flight,100,0.9680567115073361,-100.38461538461539,5
flight,100,0.9826408586840785,-100.0,0
flight,100,0.9826408586840785,-100.15384615384616,2
flight,100,0.08907123541814055,-0.6923076923076923,9
flight,100,0.9826408586840785,-100.23076923076923,3
tax,100,0.0,-1.0,3
tax,100,0.3057912208405609,-0.3333333333333333,1
tax,100,0.5548418449270073,-0.6666666666666666,2
tax,100,0.2290091161470067,-0.6666666666666666,2
tax,100,0.0,-1.0,3
tax,100,0.5548418449270073,-0.0,0
tax,100,0.5548418449270073,-0.6666666666666666,2
tax,100,0.0,-1.0,3
tax,100,0.3057912208405609,-0.3333333333333333,1
tax,100,0.0,-1.0,3
tax,100,0.5548418449270073,-0.0,0
tax,100,0.0,-1.0,3
tax,100,0.5548418449270073,-0.3333333333333333,1
tax,100,0.5548418449270073,-0.3333333333333333,1
tax,100,0.0,-1.0,3
tax,100,0.2290091161470067,-0.6666666666666666,2
tax,100,0.2290091161470067,-0.6666666666666666,2
tax,100,0.0,-1.0,3
tax,100,0.3057912208405609,-0.3333333333333333,1
tax,100,0.2290091161470067,-0.6666666666666666,2
tax,100,0.5548418449270073,-0.3333333333333333,1
tax,100,0.5548418449270073,-0.3333333333333333,1
tax,100,0.5548418449270073,-0.0,0
tax,100,0.5548418449270073,-0.0,0
tax,100,0.5548418449270073,-0.0,0
tax,100,0.3057912208405609,-0.6666666666666666,2
tax,100,0.3057912208405609,-0.3333333333333333,1
tax,100,0.5548418449270073,-0.0,0
tax,100,0.5548418449270073,-0.0,0
tax,100,0.3057912208405609,-0.3333333333333333,1
tax,100,0.2290091161470067,-0.6666666666666666,2
tax,100,0.0,-1.0,3
tax,100,0.0,-1.0,3
tax,100,0.5548418449270073,-0.0,0
tax,100,0.3057912208405609,-0.6666666666666666,2
tax,100,0.5548418449270073,-0.3333333333333333,1
tax,100,0.2290091161470067,-0.6666666666666666,2
tax,100,0.0,-1.0,3
tax,100,0.5548418449270073,-0.0,0
tax,100,0.5548418449270073,-0.3333333333333333,1
tax,100,0.5548418449270073,-0.0,0
tax,100,0.5548418449270073,-0.0,0
tax,100,0.0,-1.0,3
tax,100,0.2290091161470067,-0.6666666666666666,2
tax,100,0.5548418449270073,-0.0,0
tax,100,0.0,-1.0,3
tax,100,0.2290091161470067,-0.6666666666666666,2
tax,100,0.0,-1.0,3
tax,100,0.0,-1.0,3
tax,100,0.2290091161470067,-0.6666666666666666,2
tax,100,0.2290091161470067,-0.6666666666666666,2
tax,100,0.5548418449270073,-0.6666666666666666,2
tax,100,0.5548418449270073,-0.0,0
tax,100,0.5548418449270073,-0.6666666666666666,2
tax,100,0.5548418449270073,-0.0,0
tax,100,0.3057912208405609,-0.3333333333333333,1
tax,100,0.2290091161470067,-0.6666666666666666,2
tax,100,0.5548418449270073,-0.0,0
tax,100,0.5548418449270073,-0.0,0
tax,100,0.5548418449270073,-0.0,0
tax,100,0.5548418449270073,-0.0,0
tax,100,0.3057912208405609,-0.6666666666666666,2
tax,100,0.0,-1.0,3
tax,100,0.5548418449270073,-0.6666666666666666,2
tax,100,0.5548418449270073,-0.6666666666666666,2
tax,100,0.0,-1.0,3
tax,100,0.3057912208405609,-0.3333333333333333,1
tax,100,0.3057912208405609,-0.3333333333333333,1
tax,100,0.5548418449270073,-0.6666666666666666,2
tax,100,0.5548418449270073,-0.0,0
tax,100,0.2290091161470067,-0.6666666666666666,2
tax,100,0.0,-1.0,3
tax,100,0.3057912208405609,-0.3333333333333333,1
tax,100,0.2290091161470067,-0.6666666666666666,2
tax,100,0.5548418449270073,-0.3333333333333333,1
tax,100,0.0,-1.0,3
tax,100,0.5548418449270073,-0.3333333333333333,1
tax,100,0.5548418449270073,-0.3333333333333333,1
tax,100,0.0,-1.0,3
tax,100,0.5548418449270073,-0.6666666666666666,2
tax,100,0.5548418449270073,-0.6666666666666666,2
tax,100,0.5548418449270073,-0.0,0
tax,100,0.0,-1.0,3
tax,100,0.5548418449270073,-0.0,0
tax,100,0.5548418449270073,-0.0,0
tax,100,0.5548418449270073,-0.0,0
tax,100,0.5548418449270073,-0.6666666666666666,2
tax,100,0.5548418449270073,-0.0,0
tax,100,0.0,-1.0,3
tax,100,0.5548418449270073,-0.0,0
tax,100,0.5548418449270073,-0.0,0
tax,100,0.5548418449270073,-0.3333333333333333,1
tax,100,0.5548418449270073,-0.3333333333333333,1
tax,100,0.0,-1.0,3
tax,100,0.0,-1.0,3
tax,100,0.0,-1.0,3
tax,100,0.5548418449270073,-0.0,0
tax,100,0.5548418449270073,-0.3333333333333333,1
tax,100,0.0,-1.0,3
tax,100,0.3057912208405609,-0.3333333333333333,1
