dataset,epsilon,leakage,utility,mask_size
airport,10,0.22337399647872114,-0.0,0
airport,10,0.22337399647872114,-0.0,0
airport,10,0.22337399647872114,-0.0,0
airport,10,0.22337399647872114,-0.0,0
airport,10,0.22337399647872114,-0.0,0
airport,10,0.22337399647872114,-0.0,0
airport,10,0.22337399647872114,-0.0,0
airport,10,0.22337399647872114,-0.0,0
airport,10,0.22337399647872114,-0.0,0
airport,10,0.22337399647872114,-0.0,0
airport,10,0.22337399647872114,-0.0,0
airport,10,0.22337399647872114,-0.0,0
airport,10,0.22337399647872114,-0.0,0
airport,10,0.22337399647872114,-0.0,0
airport,10,0.22337399647872114,-0.0,0
airport,10,0.22337399647872114,-0.0,0
airport,10,0.22337399647872114,-0.0,0
airport,10,0.22337399647872114,-0.0,0
airport,10,0.22337399647872114,-0.0,0
airport,10,0.22337399647872114,-0.0,0
airport,10,0.22337399647872114,-0.0,0
airport,10,0.22337399647872114,-0.0,0
airport,10,0.22337399647872114,-0.0,0
airport,10,0.22337399647872114,-0.0,0
airport,10,0.22337399647872114,-0.0,0
airport,10,0.22337399647872114,-0.0,0
airport,10,0.22337399647872114,-0.0,0
airport,10,0.22337399647872114,-0.0,0
airport,10,0.22337399647872114,-0.0,0
airport,10,0.22337399647872114,-0.0,0
airport,10,0.22337399647872114,-0.0,0
airport,10,0.22337399647872114,-0.0,0
airport,10,0.22337399647872114,-0.0,0
airport,10,0.22337399647872114,-0.0,0
airport,10,0.22337399647872114,-0.0,0
airport,10,0.22337399647872114,-0.0,0
airport,10,0.22337399647872114,-0.0,0
airport,10,0.22337399647872114,-0.0,0
airport,10,0.22337399647872114,-0.0,0
airport,10,0.22337399647872114,-0.0,0
airport,10,0.22337399647872114,-0.0,0
airport,10,0.22337399647872114,-0.0,0
airport,10,0.22337399647872114,-0.0,0
airport,10,0.22337399647872114,-0.0,0
airport,10,0.22337399647872114,-0.0,0
airport,10,0.22337399647872114,-0.0,0
airport,10,0.22337399647872114,-0.0,0
airport,10,0.22337399647872114,-0.0,0
airport,10,0.22337399647872114,-0.0,0
airport,10,0.22337399647872114,-0.0,0
airport,10,0.22337399647872114,-0.0,0
airport,10,0.22337399647872114,-0.0,0
airport,10,0.22337399647872114,-0.0,0
airport,10,0.22337399647872114,-0.0,0
airport,10,0.22337399647872114,-0.0,0
airport,10,0.22337399647872114,-0.0,0
airport,10,0.22337399647872114,-0.0,0
airport,10,0.22337399647872114,-0.0,0
airport,10,0.22337399647872114,-0.0,0
airport,10,0.22337399647872114,-0.0,0
airport,10,0.22337399647872114,-0.0,0
airport,10,0.22337399647872114,-0.0,0
airport,10,0.22337399647872114,-0.0,0
airport,10,0.22337399647872114,-0.0,0
airport,10,0.22337399647872114,-0.0,0
airport,10,0.22337399647872114,-0.0,0
airport,10,0.22337399647872114,-0.0,0
airport,10,0.22337399647872114,-0.0,0
airport,10,0.22337399647872114,-0.0,0
airport,10,0.22337399647872114,-0.0,0
airport,10,0.22337399647872114,-0.0,0
airport,10,0.22337399647872114,-0.0,0
airport,10,0.22337399647872114,-0.0,0
airport,10,0.22337399647872114,-0.0,0
airport,10,0.22337399647872114,-0.0,0
airport,10,0.22337399647872114,-0.0,0
airport,10,0.22337399647872114,-0.0,0
airport,10,0.22337399647872114,-0.0,0
airport,10,0.22337399647872114,-0.0,0
airport,10,0.22337399647872114,-0.0,0
airport,10,0.22337399647872114,-0.0,0
airport,10,0.22337399647872114,-0.0,0
airport,10,0.22337399647872114,-0.0,0
airport,10,0.22337399647872114,-0.0,0
airport,10,0.22337399647872114,-0.0,0
airport,10,0.22337399647872114,-0.0,0
airport,10,0.22337399647872114,-0.0,0
airport,10,0.22337399647872114,-0.0,0
airport,10,0.22337399647872114,-0.0,0
airport,10,0.22337399647872114,-0.0,0
airport,10,0.22337399647872114,-0.0,0
airport,10,0.22337399647872114,-0.0,0
airport,10,0.22337399647872114,-0.0,0
airport,10,0.22337399647872114,-0.0,0
airport,10,0.22337399647872114,-0.0,0
airport,10,0.22337399647872114,-0.0,0
airport,10,0.22337399647872114,-0.0,0
airport,10,0.22337399647872114,-0.0,0
airport,10,0.22337399647872114,-0.0,0
airport,10,0.22337399647872114,-0.0,0
hospital,10,0.6623992294064142,-0.0,0
hospital,10,0.6623992294064142,-0.0,0
hospital,10,0.6623992294064142,-0.0,0
hospital,10,0.6623992294064142,-0.0,0
hospital,10,0.6623992294064142,-0.0,0
hospital,10,0.6623992294064142,-0.0,0
hospital,10,0.6623992294064142,-0.0,0
hospital,10,0.6623992294064142,-0.0,0
hospital,10,0.6623992294064142,-0.0,0
hospital,10,0.6623992294064142,-0.0,0
hospital,10,0.6623992294064142,-0.0,0
hospital,10,0.6623992294064142,-0.0,0
hospital,10,0.6623992294064142,-0.0,0
hospital,10,0.6623992294064142,-0.0,0
hospital,10,0.6623992294064142,-0.0,0
hospital,10,0.6623992294064142,-0.0,0
hospital,10,0.6623992294064142,-0.0,0
hospital,10,0.6623992294064142,-0.0,0
hospital,10,0.6623992294064142,-0.0,0
hospital,10,0.6623992294064142,-0.0,0
hospital,10,0.6623992294064142,-0.0,0
hospital,10,0.6623992294064142,-0.0,0
hospital,10,0.6623992294064142,-0.0,0
hospital,10,0.6623992294064142,-0.0,0
hospital,10,0.6623992294064142,-0.0,0
hospital,10,0.6623992294064142,-0.0,0
hospital,10,0.6623992294064142,-0.0,0
hospital,10,0.6623992294064142,-0.0,0
hospital,10,0.6623992294064142,-0.0,0
hospital,10,0.6623992294064142,-0.0,0
hospital,10,0.6623992294064142,-0.0,0
hospital,10,0.6623992294064142,-0.0,0
hospital,10,0.6623992294064142,-0.0,0
hospital,10,0.6623992294064142,-0.0,0
hospital,10,0.6623992294064142,-0.0,0
hospital,10,0.6623992294064142,-0.0,0
hospital,10,0.6623992294064142,-0.0,0
hospital,10,0.6623992294064142,-0.0,0
hospital,10,0.6623992294064142,-0.0,0
hospital,10,0.6623992294064142,-0.0,0
hospital,10,0.6623992294064142,-0.0,0
hospital,10,0.6623992294064142,-0.0,0
hospital,10,0.6623992294064142,-0.0,0
hospital,10,0.6623992294064142,-0.0,0
hospital,10,0.6623992294064142,-0.0,0
hospital,10,0.6623992294064142,-0.0,0
hospital,10,0.6623992294064142,-0.0,0
hospital,10,0.6623992294064142,-0.0,0
hospital,10,0.6623992294064142,-0.0,0
hospital,10,0.6623992294064142,-0.0,0
hospital,10,0.6623992294064142,-0.0,0
hospital,10,0.6623992294064142,-0.0,0
hospital,10,0.6623992294064142,-0.0,0
hospital,10,0.6623992294064142,-0.0,0
hospital,10,0.6623992294064142,-0.0,0
hospital,10,0.6623992294064142,-0.0,0
hospital,10,0.6623992294064142,-0.0,0
hospital,10,0.6623992294064142,-0.0,0
hospital,10,0.6623992294064142,-0.0,0
hospital,10,0.6623992294064142,-0.0,0
hospital,10,0.6623992294064142,-0.0,0
hospital,10,0.6623992294064142,-0.0,0
hospital,10,0.6623992294064142,-0.0,0
hospital,10,0.6623992294064142,-0.0,0
hospital,10,0.6623992294064142,-0.0,0
hospital,10,0.6623992294064142,-0.0,0
hospital,10,0.6623992294064142,-0.0,0
hospital,10,0.6623992294064142,-0.0,0
hospital,10,0.6623992294064142,-0.0,0
hospital,10,0.6623992294064142,-0.0,0
hospital,10,0.6623992294064142,-0.0,0
hospital,10,0.6623992294064142,-0.0,0
hospital,10,0.6623992294064142,-0.0,0
hospital,10,0.6623992294064142,-0.0,0
hospital,10,0.6623992294064142,-0.0,0
hospital,10,0.6623992294064142,-0.0,0
hospital,10,0.6623992294064142,-0.0,0
hospital,10,0.6623992294064142,-0.0,0
hospital,10,0.6623992294064142,-0.0,0
hospital,10,0.6623992294064142,-0.0,0
hospital,10,0.6623992294064142,-0.0,0
hospital,10,0.6623992294064142,-0.0,0
hospital,10,0.6623992294064142,-0.0,0
hospital,10,0.6623992294064142,-0.0,0
hospital,10,0.6623992294064142,-0.0,0
hospital,10,0.6623992294064142,-0.0,0
hospital,10,0.6623992294064142,-0.0,0
hospital,10,0.6623992294064142,-0.0,0
hospital,10,0.6623992294064142,-0.0,0
hospital,10,0.6623992294064142,-0.0,0
hospital,10,0.6623992294064142,-0.0,0
hospital,10,0.6623992294064142,-0.0,0
hospital,10,0.6623992294064142,-0.0,0
hospital,10,0.6623992294064142,-0.0,0
hospital,10,0.6623992294064142,-0.0,0
hospital,10,0.6623992294064142,-0.0,0
hospital,10,0.6623992294064142,-0.0,0
hospital,10,0.6623992294064142,-0.0,0
hospital,10,0.6623992294064142,-0.0,0
hospital,10,0.6623992294064142,-0.0,0
adult,10,0.49122554744404323,-0.0,0
adult,10,0.49122554744404323,-0.0,0
adult,10,0.49122554744404323,-0.0,0
adult,10,0.49122554744404323,-0.0,0
adult,10,0.49122554744404323,-0.0,0
adult,10,0.49122554744404323,-0.0,0
adult,10,0.49122554744404323,-0.08333333333333333,1
adult,10,0.49122554744404323,-0.0,0
adult,10,0.49122554744404323,-0.0,0
adult,10,0.49122554744404323,-0.0,0
adult,10,0.49122554744404323,-0.0,0
adult,10,0.49122554744404323,-0.0,0
adult,10,0.49122554744404323,-0.0,0
adult,10,0.49122554744404323,-0.0,0
adult,10,0.49122554744404323,-0.0,0
adult,10,0.49122554744404323,-0.0,0
adult,10,0.49122554744404323,-0.0,0
adult,10,0.49122554744404323,-0.0,0
adult,10,0.49122554744404323,-0.0,0
adult,10,0.49122554744404323,-0.0,0
adult,10,0.49122554744404323,-0.0,0
adult,10,0.49122554744404323,-0.0,0
adult,10,0.49122554744404323,-0.0,0
adult,10,0.49122554744404323,-0.0,0
adult,10,0.49122554744404323,-0.0,0
adult,10,0.49122554744404323,-0.0,0
adult,10,0.49122554744404323,-0.0,0
adult,10,0.49122554744404323,-0.0,0
adult,10,0.49122554744404323,-0.0,0
adult,10,0.49122554744404323,-0.0,0
adult,10,0.49122554744404323,-0.0,0
adult,10,0.49122554744404323,-0.0,0
adult,10,0.49122554744404323,-0.0,0
adult,10,0.49122554744404323,-0.0,0
adult,10,0.49122554744404323,-0.0,0
adult,10,0.49122554744404323,-0.0,0
adult,10,0.49122554744404323,-0.0,0
adult,10,0.49122554744404323,-0.0,0
adult,10,0.49122554744404323,-0.0,0
adult,10,0.49122554744404323,-0.0,0
adult,10,0.27142142629317934,-0.08333333333333333,1
adult,10,0.49122554744404323,-0.0,0
adult,10,0.49122554744404323,-0.0,0
adult,10,0.49122554744404323,-0.0,0
adult,10,0.49122554744404323,-0.08333333333333333,1
adult,10,0.49122554744404323,-0.0,0
adult,10,0.49122554744404323,-0.0,0
adult,10,0.49122554744404323,-0.0,0
adult,10,0.49122554744404323,-0.0,0
adult,10,0.49122554744404323,-0.0,0
adult,10,0.49122554744404323,-0.0,0
adult,10,0.49122554744404323,-0.0,0
adult,10,0.49122554744404323,-0.0,0
adult,10,0.49122554744404323,-0.0,0
adult,10,0.49122554744404323,-0.0,0
adult,10,0.49122554744404323,-0.0,0
adult,10,0.49122554744404323,-0.0,0
adult,10,0.49122554744404323,-0.0,0
adult,10,0.49122554744404323,-0.0,0
adult,10,0.49122554744404323,-0.0,0
adult,10,0.49122554744404323,-0.0,0
adult,10,0.49122554744404323,-0.0,0
adult,10,0.49122554744404323,-0.0,0
adult,10,0.49122554744404323,-0.0,0
adult,10,0.49122554744404323,-0.0,0
adult,10,0.49122554744404323,-0.0,0
adult,10,0.49122554744404323,-0.0,0
adult,10,0.49122554744404323,-0.0,0
adult,10,0.49122554744404323,-0.0,0
adult,10,0.49122554744404323,-0.0,0
adult,10,0.49122554744404323,-0.0,0
adult,10,0.49122554744404323,-0.0,0
adult,10,0.49122554744404323,-0.0,0
adult,10,0.49122554744404323,-0.0,0
adult,10,0.49122554744404323,-0.0,0
adult,10,0.49122554744404323,-0.0,0
adult,10,0.49122554744404323,-0.0,0
adult,10,0.49122554744404323,-0.0,0
adult,10,0.49122554744404323,-0.08333333333333333,1
adult,10,0.49122554744404323,-0.0,0
adult,10,0.49122554744404323,-0.0,0
adult,10,0.38912364978807834,-0.08333333333333333,1
adult,10,0.49122554744404323,-0.0,0
adult,10,0.4400981151104615,-0.08333333333333333,1
adult,10,0.49122554744404323,-0.0,0
adult,10,0.49122554744404323,-0.0,0
adult,10,0.49122554744404323,-0.0,0
adult,10,0.49122554744404323,-0.0,0
adult,10,0.49122554744404323,-0.0,0
adult,10,0.49122554744404323,-0.0,0
adult,10,0.49122554744404323,-0.0,0
adult,10,0.49122554744404323,-0.0,0
adult,10,0.49122554744404323,-0.0,0
adult,10,0.49122554744404323,-0.0,0
adult,10,0.49122554744404323,-0.0,0
adult,10,0.49122554744404323,-0.0,0
adult,10,0.49122554744404323,-0.0,0
adult,10,0.49122554744404323,-0.0,0
adult,10,0.49122554744404323,-0.0,0
adult,10,0.49122554744404323,-0.0,0
flight,10,0.17632192147614734,-0.23076923076923078,3
flight,10,0.17632192147614734,-0.15384615384615385,2
flight,10,0.17632192147614734,-0.15384615384615385,2
flight,10,0.17632192147614734,-0.15384615384615385,2
flight,10,0.17632192147614734,-0.15384615384615385,2
flight,10,0.17632192147614734,-0.15384615384615385,2
flight,10,0.17632192147614734,-0.15384615384615385,2
flight,10,0.17632192147614734,-0.15384615384615385,2
flight,10,0.17632192147614734,-0.15384615384615385,2
flight,10,0.17632192147614734,-0.15384615384615385,2
flight,10,0.17632192147614734,-0.15384615384615385,2
flight,10,0.17632192147614734,-0.15384615384615385,2
flight,10,0.17632192147614734,-0.15384615384615385,2
flight,10,0.17632192147614734,-0.15384615384615385,2
flight,10,0.17632192147614734,-0.15384615384615385,2
flight,10,0.17632192147614734,-0.15384615384615385,2
flight,10,0.17632192147614734,-0.15384615384615385,2
flight,10,0.17632192147614734,-0.15384615384615385,2
flight,10,0.17632192147614734,-0.15384615384615385,2
flight,10,0.17632192147614734,-0.15384615384615385,2
flight,10,0.17632192147614734,-0.15384615384615385,2
flight,10,0.17632192147614734,-0.15384615384615385,2
flight,10,0.17632192147614734,-0.15384615384615385,2
flight,10,0.17632192147614734,-0.15384615384615385,2
flight,10,0.17632192147614734,-0.15384615384615385,2
flight,10,0.17632192147614734,-0.23076923076923078,3
flight,10,0.17632192147614734,-0.15384615384615385,2
flight,10,0.17632192147614734,-0.15384615384615385,2
flight,10,0.17632192147614734,-0.15384615384615385,2
flight,10,0.17632192147614734,-0.15384615384615385,2
flight,10,0.17632192147614734,-0.15384615384615385,2
flight,10,0.17632192147614734,-0.15384615384615385,2
flight,10,0.17632192147614734,-0.15384615384615385,2
flight,10,0.17632192147614734,-0.15384615384615385,2
flight,10,0.17632192147614734,-0.15384615384615385,2
flight,10,0.17632192147614734,-0.15384615384615385,2
flight,10,0.17632192147614734,-0.15384615384615385,2
flight,10,0.17632192147614734,-0.15384615384615385,2
flight,10,0.1689864093151694,-0.23076923076923078,3
flight,10,0.17632192147614734,-0.15384615384615385,2
flight,10,0.17632192147614734,-0.15384615384615385,2
flight,10,0.17632192147614734,-0.15384615384615385,2
flight,10,0.17632192147614734,-0.15384615384615385,2
flight,10,0.17632192147614734,-0.15384615384615385,2
flight,10,0.17632192147614734,-0.15384615384615385,2
flight,10,0.17632192147614734,-0.15384615384615385,2
flight,10,0.17632192147614734,-0.15384615384615385,2
flight,10,0.17632192147614734,-0.15384615384615385,2
flight,10,0.17632192147614734,-0.15384615384615385,2
flight,10,0.17632192147614734,-0.15384615384615385,2
flight,10,0.17632192147614734,-0.15384615384615385,2
flight,10,0.17632192147614734,-0.15384615384615385,2
flight,10,0.17632192147614734,-0.15384615384615385,2
flight,10,0.17632192147614734,-0.15384615384615385,2
flight,10,0.17632192147614734,-0.15384615384615385,2
flight,10,0.17632192147614734,-0.15384615384615385,2
flight,10,0.1689864093151694,-0.23076923076923078,3
flight,10,0.17632192147614734,-0.15384615384615385,2
flight,10,0.17632192147614734,-0.15384615384615385,2
flight,10,0.17632192147614734,-0.15384615384615385,2
flight,10,0.17632192147614734,-0.15384615384615385,2
flight,10,0.17632192147614734,-0.15384615384615385,2
flight,10,0.17632192147614734,-0.15384615384615385,2
flight,10,0.17632192147614734,-0.23076923076923078,3
flight,10,0.17632192147614734,-0.15384615384615385,2
flight,10,0.17632192147614734,-0.15384615384615385,2
flight,10,0.13818569520024426,-0.23076923076923078,3
flight,10,0.17632192147614734,-0.15384615384615385,2
flight,10,0.17632192147614734,-0.15384615384615385,2
flight,10,0.17632192147614734,-0.15384615384615385,2
flight,10,0.17632192147614734,-0.15384615384615385,2
flight,10,0.17632192147614734,-0.15384615384615385,2
flight,10,0.17632192147614734,-0.15384615384615385,2
flight,10,0.17632192147614734,-0.15384615384615385,2
flight,10,0.17632192147614734,-0.15384615384615385,2
flight,10,0.17632192147614734,-0.15384615384615385,2
flight,10,0.17632192147614734,-0.15384615384615385,2
flight,10,0.17632192147614734,-0.15384615384615385,2
flight,10,0.17632192147614734,-0.15384615384615385,2
flight,10,0.17632192147614734,-0.15384615384615385,2
flight,10,0.17632192147614734,-0.15384615384615385,2
flight,10,0.17632192147614734,-0.15384615384615385,2
flight,10,0.17632192147614734,-0.23076923076923078,3
flight,10,0.17632192147614734,-0.15384615384615385,2
flight,10,0.17632192147614734,-0.15384615384615385,2
flight,10,0.17632192147614734,-0.23076923076923078,3
flight,10,0.17632192147614734,-0.15384615384615385,2
flight,10,0.17632192147614734,-0.15384615384615385,2
flight,10,0.17632192147614734,-0.15384615384615385,2
flight,10,0.17632192147614734,-0.23076923076923078,3
flight,10,0.17632192147614734,-0.15384615384615385,2
flight,10,0.17632192147614734,-0.15384615384615385,2
flight,10,0.17632192147614734,-0.15384615384615385,2
flight,10,0.17632192147614734,-0.15384615384615385,2
flight,10,0.17632192147614734,-0.15384615384615385,2
flight,10,0.18094116044347042,-0.23076923076923078,3
flight,10,0.17632192147614734,-0.15384615384615385,2
flight,10,0.17632192147614734,-0.15384615384615385,2
flight,10,0.17632192147614734,-0.15384615384615385,2
flight,10,0.17632192147614734,-0.15384615384615385,2
tax,10,0.5548418449270073,-0.0,0
tax,10,0.5548418449270073,-0.0,0
tax,10,0.5548418449270073,-0.0,0
tax,10,0.5548418449270073,-0.0,0
tax,10,0.5548418449270073,-0.0,0
tax,10,0.5548418449270073,-0.0,0
tax,10,0.5548418449270073,-0.0,0
tax,10,0.5548418449270073,-0.0,0
tax,10,0.5548418449270073,-0.0,0
tax,10,0.5548418449270073,-0.0,0
tax,10,0.5548418449270073,-0.0,0
tax,10,0.5548418449270073,-0.0,0
tax,10,0.5548418449270073,-0.0,0
tax,10,0.5548418449270073,-0.0,0
tax,10,0.5548418449270073,-0.0,0
tax,10,0.5548418449270073,-0.0,0
tax,10,0.5548418449270073,-0.0,0
tax,10,0.5548418449270073,-0.0,0
tax,10,0.5548418449270073,-0.0,0
tax,10,0.5548418449270073,-0.0,0
tax,10,0.5548418449270073,-0.0,0
tax,10,0.5548418449270073,-0.0,0
tax,10,0.5548418449270073,-0.0,0
tax,10,0.5548418449270073,-0.0,0
tax,10,0.5548418449270073,-0.0,0
tax,10,0.5548418449270073,-0.0,0
tax,10,0.5548418449270073,-0.0,0
tax,10,0.5548418449270073,-0.0,0
tax,10,0.5548418449270073,-0.0,0
tax,10,0.5548418449270073,-0.0,0
tax,10,0.5548418449270073,-0.0,0
tax,10,0.5548418449270073,-0.0,0
tax,10,0.5548418449270073,-0.0,0
tax,10,0.5548418449270073,-0.0,0
tax,10,0.5548418449270073,-0.0,0
tax,10,0.5548418449270073,-0.0,0
tax,10,0.5548418449270073,-0.0,0
tax,10,0.5548418449270073,-0.0,0
tax,10,0.5548418449270073,-0.3333333333333333,1
tax,10,0.5548418449270073,-0.0,0
tax,10,0.5548418449270073,-0.0,0
tax,10,0.5548418449270073,-0.0,0
tax,10,0.5548418449270073,-0.0,0
tax,10,0.5548418449270073,-0.0,0
tax,10,0.5548418449270073,-0.0,0
tax,10,0.5548418449270073,-0.0,0
tax,10,0.5548418449270073,-0.0,0
tax,10,0.5548418449270073,-0.3333333333333333,1
tax,10,0.5548418449270073,-0.0,0
tax,10,0.5548418449270073,-0.0,0
tax,10,0.5548418449270073,-0.0,0
tax,10,0.5548418449270073,-0.0,0
tax,10,0.5548418449270073,-0.0,0
tax,10,0.5548418449270073,-0.0,0
tax,10,0.5548418449270073,-0.0,0
tax,10,0.5548418449270073,-0.0,0
tax,10,0.5548418449270073,-0.0,0
tax,10,0.5548418449270073,-0.0,0
tax,10,0.5548418449270073,-0.0,0
tax,10,0.5548418449270073,-0.0,0
tax,10,0.5548418449270073,-0.0,0
tax,10,0.5548418449270073,-0.0,0
tax,10,0.5548418449270073,-0.0,0
tax,10,0.5548418449270073,-0.0,0
tax,10,0.5548418449270073,-0.0,0
tax,10,0.5548418449270073,-0.0,0
tax,10,0.5548418449270073,-0.0,0
tax,10,0.5548418449270073,-0.0,0
tax,10,0.5548418449270073,-0.0,0
tax,10,0.5548418449270073,-0.0,0
tax,10,0.5548418449270073,-0.0,0
tax,10,0.5548418449270073,-0.0,0
tax,10,0.5548418449270073,-0.0,0
tax,10,0.5548418449270073,-0.0,0
tax,10,0.5548418449270073,-0.0,0
tax,10,0.5548418449270073,-0.0,0
tax,10,0.5548418449270073,-0.0,0
tax,10,0.5548418449270073,-0.0,0
tax,10,0.5548418449270073,-0.0,0
tax,10,0.5548418449270073,-0.0,0
tax,10,0.5548418449270073,-0.0,0
tax,10,0.5548418449270073,-0.0,0
tax,10,0.5548418449270073,-0.0,0
tax,10,0.5548418449270073,-0.0,0
tax,10,0.5548418449270073,-0.0,0
tax,10,0.5548418449270073,-0.0,0
tax,10,0.5548418449270073,-0.0,0
tax,10,0.3057912208405609,-0.3333333333333333,1
tax,10,0.5548418449270073,-0.0,0
tax,10,0.5548418449270073,-0.0,0
tax,10,0.5548418449270073,-0.0,0
tax,10,0.5548418449270073,-0.0,0
tax,10,0.5548418449270073,-0.0,0
tax,10,0.5548418449270073,-0.0,0
tax,10,0.5548418449270073,-0.0,0
tax,10,0.5548418449270073,-0.0,0
tax,10,0.5548418449270073,-0.0,0
tax,10,0.5548418449270073,-0.0,0
tax,10,0.5548418449270073,-0.0,0
tax,10,0.5548418449270073,-0.0,0
