dataset,epsilon,leakage,utility,mask_size
airport,1,0.03592524660768637,-0.16666666666666666,1
airport,1,0.22337399647872114,-0.16666666666666666,1
airport,1,0.22337399647872114,-0.3333333333333333,2
airport,1,0.22337399647872114,-0.5,3
airport,1,0.003306804705818678,-0.8333333333333334,5
airport,1,0.22337399647872114,-0.3333333333333333,2
airport,1,0.03592524660768637,-0.16666666666666666,1
airport,1,0.05010955345870127,-0.5,3
airport,1,0.22337399647872114,-0.5,3
airport,1,0.22337399647872114,-0.16666666666666666,1
airport,1,0.009414806213275395,-0.5,3
airport,1,0.03592524660768637,-0.5,3
airport,1,0.008222647309668152,-0.5,3
airport,1,0.0008907266304110095,-0.8333333333333334,5
airport,1,0.03592524660768637,-0.16666666666666666,1
airport,1,0.03592524660768637,-0.5,3
airport,1,0.03592524660768637,-0.5,3
airport,1,0.22337399647872114,-0.16666666666666666,1
airport,1,0.008222647309668152,-0.5,3
airport,1,0.03592524660768637,-0.3333333333333333,2
airport,1,0.03592524660768637,-0.16666666666666666,1
airport,1,0.03592524660768637,-0.16666666666666666,1
airport,1,0.22337399647872114,-0.3333333333333333,2
airport,1,0.22337399647872114,-0.3333333333333333,2
airport,1,0.05853885744745513,-0.5,3
airport,1,0.22337399647872114,-0.16666666666666666,1
airport,1,0.22337399647872114,-0.3333333333333333,2
airport,1,0.03592524660768637,-0.16666666666666666,1
airport,1,0.03592524660768637,-0.16666666666666666,1
airport,1,0.22337399647872114,-0.0,0
airport,1,0.22337399647872114,-0.3333333333333333,2
airport,1,0.008222647309668152,-0.5,3
airport,1,0.009414806213275395,-0.3333333333333333,2
airport,1,0.03592524660768637,-0.5,3
airport,1,0.05010955345870127,-0.5,3
airport,1,0.051126318247808444,-0.5,3
airport,1,0.03592524660768637,-0.3333333333333333,2
airport,1,0.22337399647872114,-0.3333333333333333,2
airport,1,0.22337399647872114,-0.16666666666666666,1
airport,1,0.22337399647872114,-0.0,0
airport,1,0.051126318247808444,-0.5,3
airport,1,0.03592524660768637,-0.5,3
airport,1,0.013132038880604324,-0.5,3
airport,1,0.009414806213275395,-0.5,3
airport,1,0.22337399647872114,-0.0,0
airport,1,0.22337399647872114,-0.16666666666666666,1
airport,1,0.22337399647872114,-0.3333333333333333,2
airport,1,0.05010955345870127,-0.5,3
airport,1,0.22337399647872114,-0.16666666666666666,1
airport,1,0.22337399647872114,-0.16666666666666666,1
airport,1,0.22337399647872114,-0.5,3
airport,1,0.22337399647872114,-0.0,0
airport,1,0.22337399647872114,-0.3333333333333333,2
airport,1,0.011469181810646378,-0.6666666666666666,4
airport,1,0.22337399647872114,-0.0,0
airport,1,0.03592524660768637,-0.16666666666666666,1
airport,1,0.03592524660768637,-0.16666666666666666,1
airport,1,0.05010955345870127,-0.5,3
airport,1,0.0,-1.0,6
airport,1,0.22337399647872114,-0.3333333333333333,2
airport,1,0.22337399647872114,-0.3333333333333333,2
airport,1,0.03592524660768637,-0.3333333333333333,2
airport,1,0.22337399647872114,-0.16666666666666666,1
airport,1,0.03592524660768637,-0.5,3
airport,1,0.051126318247808444,-0.6666666666666666,4
airport,1,0.03592524660768637,-0.5,3
airport,1,0.05853885744745513,-0.5,3
airport,1,0.22337399647872114,-0.0,0
airport,1,0.03592524660768637,-0.5,3
airport,1,0.22337399647872114,-0.5,3
airport,1,0.015768127809462573,-0.6666666666666666,4
airport,1,0.22337399647872114,-0.6666666666666666,4
airport,1,0.009414806213275395,-0.6666666666666666,4
airport,1,0.03592524660768637,-0.3333333333333333,2
airport,1,0.03592524660768637,-0.5,3
airport,1,0.051126318247808444,-0.6666666666666666,4
airport,1,0.22337399647872114,-0.16666666666666666,1
airport,1,0.003306804705818678,-0.6666666666666666,4
airport,1,0.05010955345870127,-0.6666666666666666,4
airport,1,0.03592524660768637,-0.3333333333333333,2
airport,1,0.0,-0.6666666666666666,4
airport,1,0.22337399647872114,-0.16666666666666666,1
airport,1,0.03592524660768637,-0.3333333333333333,2
airport,1,0.05853885744745513,-0.5,3
airport,1,0.03592524660768637,-0.3333333333333333,2
airport,1,0.22337399647872114,-0.16666666666666666,1
airport,1,0.22337399647872114,-0.5,3
airport,1,0.22337399647872114,-0.5,3
airport,1,0.22337399647872114,-0.3333333333333333,2
airport,1,0.03592524660768637,-0.5,3
airport,1,0.22337399647872114,-0.16666666666666666,1
airport,1,0.22337399647872114,-0.16666666666666666,1
airport,1,0.03592524660768637,-0.16666666666666666,1
airport,1,0.03592524660768637,-0.16666666666666666,1
airport,1,0.03592524660768637,-0.3333333333333333,2
airport,1,0.009414806213275395,-0.5,3
airport,1,0.03592524660768637,-0.16666666666666666,1
airport,1,0.22337399647872114,-0.3333333333333333,2
airport,1,0.03592524660768637,-0.3333333333333333,2
airport,1,0.22337399647872114,-0.16666666666666666,1
hospital,1,0.3592419527878562,-0.5,5
hospital,1,0.26303652729247295,-0.4,4
hospital,1,0.5860822545816282,-0.3,3
hospital,1,0.46992211475481305,-0.4,4
hospital,1,0.6086948858179753,-0.4,4
hospital,1,0.458343505445294,-0.4,4
hospital,1,0.24175913958548945,-0.3,3
hospital,1,0.3592419527878562,-0.4,4
hospital,1,0.6086948858179753,-0.4,4
hospital,1,0.5202376749670268,-0.6,6
hospital,1,0.5422684587046469,-0.4,4
hospital,1,0.6623992294064142,-0.1,1
hospital,1,0.385599188513301,-0.5,5
hospital,1,0.5860822545816282,-0.2,2
hospital,1,0.5422684587046469,-0.4,4
hospital,1,0.26303652729247295,-0.6,6
hospital,1,0.6090400455538584,-0.4,4
hospital,1,0.6623992294064142,-0.3,3
hospital,1,0.5468475106079831,-0.4,4
hospital,1,0.5468475106079831,-0.4,4
hospital,1,0.21945273335876703,-0.6,6
hospital,1,0.5422684587046469,-0.3,3
hospital,1,0.5468475106079831,-0.3,3
hospital,1,0.458343505445294,-0.3,3
hospital,1,0.458343505445294,-0.2,2
hospital,1,0.6623992294064142,-0.3,3
hospital,1,0.5468475106079831,-0.4,4
hospital,1,0.5468475106079831,-0.4,4
hospital,1,0.458343505445294,-0.5,5
hospital,1,0.5860822545816282,-0.2,2
hospital,1,0.3592419527878562,-0.5,5
hospital,1,0.6090400455538584,-0.4,4
hospital,1,0.6623992294064142,-0.2,2
hospital,1,0.5860822545816282,-0.4,4
hospital,1,0.46992211475481305,-0.5,5
hospital,1,0.6623992294064142,-0.2,2
hospital,1,0.24175913958548945,-0.5,5
hospital,1,0.5860822545816282,-0.3,3
hospital,1,0.5202376749670268,-0.4,4
hospital,1,0.6623992294064142,-0.1,1
hospital,1,0.3592419527878562,-0.4,4
hospital,1,0.6090400455538584,-0.4,4
hospital,1,0.458343505445294,-0.4,4
hospital,1,0.3592419527878562,-0.7,7
hospital,1,0.6090400455538584,-0.3,3
hospital,1,0.5206608604337979,-0.6,6
hospital,1,0.6086948858179753,-0.3,3
hospital,1,0.6086948858179753,-0.4,4
hospital,1,0.6623992294064142,-0.2,2
hospital,1,0.21945273335876703,-0.5,5
hospital,1,0.458343505445294,-0.5,5
hospital,1,0.6090400455538584,-0.3,3
hospital,1,0.5202376749670268,-0.6,6
hospital,1,0.24175913958548945,-0.4,4
hospital,1,0.21945273335876703,-0.5,5
hospital,1,0.5206608604337979,-0.5,5
hospital,1,0.6090400455538584,-0.3,3
hospital,1,0.44440927545847886,-0.5,5
hospital,1,0.3592419527878562,-0.7,7
hospital,1,0.44440927545847886,-0.4,4
hospital,1,0.3592419527878562,-0.5,5
hospital,1,0.6623992294064142,-0.2,2
hospital,1,0.385599188513301,-0.6,6
hospital,1,0.5202376749670268,-0.4,4
hospital,1,0.5206608604337979,-0.3,3
hospital,1,0.6623992294064142,-0.2,2
hospital,1,0.458343505445294,-0.5,5
hospital,1,0.5202376749670268,-0.3,3
hospital,1,0.6090400455538584,-0.3,3
hospital,1,0.6090400455538584,-0.3,3
hospital,1,0.6090400455538584,-0.1,1
hospital,1,0.6086948858179753,-0.4,4
hospital,1,0.5468475106079831,-0.5,5
hospital,1,0.5202376749670268,-0.4,4
hospital,1,0.6623992294064142,-0.1,1
hospital,1,0.5422684587046469,-0.2,2
hospital,1,0.46992211475481305,-0.2,2
hospital,1,0.6090400455538584,-0.3,3
hospital,1,0.44440927545847886,-0.5,5
hospital,1,0.46992211475481305,-0.4,4
hospital,1,0.5468475106079831,-0.5,5
hospital,1,0.5860822545816282,-0.4,4
hospital,1,0.6623992294064142,-0.1,1
hospital,1,0.6623992294064142,-0.1,1
hospital,1,0.385599188513301,-0.4,4
hospital,1,0.6623992294064142,-0.2,2
hospital,1,0.458343505445294,-0.4,4
hospital,1,0.26303652729247295,-0.6,6
hospital,1,0.6623992294064142,-0.2,2
hospital,1,0.5468475106079831,-0.7,7
hospital,1,0.5202376749670268,-0.3,3
hospital,1,0.5206608604337979,-0.5,5
hospital,1,0.5860822545816282,-0.5,5
hospital,1,0.5860822545816282,-0.3,3
hospital,1,0.5860822545816282,-0.2,2
hospital,1,0.3592419527878562,-0.3,3
hospital,1,0.458343505445294,-0.6,6
hospital,1,0.21945273335876703,-0.5,5
hospital,1,0.6090400455538584,-0.4,4
hospital,1,0.24175913958548945,-0.6,6
adult,1,0.07123114870903602,-0.4166666666666667,5
adult,1,0.3514304689713095,-0.3333333333333333,4
adult,1,0.2607152226933749,-0.25,3
adult,1,0.07123114870903602,-0.5833333333333334,7
adult,1,0.06467372477816058,-0.5,6
adult,1,0.3292430677445122,-0.5,6
adult,1,0.1524620991231389,-0.5,6
adult,1,0.3878268224287339,-0.4166666666666667,5
adult,1,0.38912364978807834,-0.08333333333333333,1
adult,1,0.27142142629317934,-0.16666666666666666,2
adult,1,0.3520720543573125,-0.4166666666666667,5
adult,1,0.39669221622365947,-0.25,3
adult,1,0.459832406379585,-0.08333333333333333,1
adult,1,0.07133887583535026,-0.5833333333333334,7
adult,1,0.04554321744091894,-0.6666666666666666,8
adult,1,0.027354158005235107,-0.6666666666666666,8
adult,1,0.35674224514469133,-0.3333333333333333,4
adult,1,0.07123114870903602,-0.5,6
adult,1,0.06141762886249513,-0.5,6
adult,1,0.10891035556900719,-0.4166666666666667,5
adult,1,0.14333250727068947,-0.3333333333333333,4
adult,1,0.3526322569387699,-0.4166666666666667,5
adult,1,0.022844208634371754,-0.6666666666666666,8
adult,1,0.022357120470564373,-0.6666666666666666,8
adult,1,0.10815944876786554,-0.3333333333333333,4
adult,1,0.05630525681163523,-0.5,6
adult,1,0.04737203769129539,-0.6666666666666666,8
adult,1,0.22646561173524504,-0.4166666666666667,5
adult,1,0.10815944876786554,-0.4166666666666667,5
adult,1,0.3761383659838282,-0.25,3
adult,1,0.0383164036515129,-0.4166666666666667,5
adult,1,0.152289551106487,-0.4166666666666667,5
adult,1,0.3576640773813201,-0.4166666666666667,5
adult,1,0.36723085877360395,-0.4166666666666667,5
adult,1,0.07123114870903602,-0.4166666666666667,5
adult,1,0.07214991607853904,-0.4166666666666667,5
adult,1,0.49122554744404323,-0.25,3
adult,1,0.08084605979788206,-0.3333333333333333,4
adult,1,0.27142142629317934,-0.3333333333333333,4
adult,1,0.03913024707927182,-0.5833333333333334,7
adult,1,0.31877155082985387,-0.5,6
adult,1,0.033052397153505275,-0.5833333333333334,7
adult,1,0.12108132709874952,-0.4166666666666667,5
adult,1,0.39669221622365947,-0.16666666666666666,2
adult,1,0.459832406379585,-0.16666666666666666,2
adult,1,0.1081659290904392,-0.4166666666666667,5
adult,1,0.11587591458193458,-0.5833333333333334,7
adult,1,0.3878268224287339,-0.4166666666666667,5
adult,1,0.08761250721237823,-0.4166666666666667,5
adult,1,0.07123114870903602,-0.5,6
adult,1,0.16016534172028907,-0.5,6
adult,1,0.12520878807357239,-0.3333333333333333,4
adult,1,0.364697551973022,-0.25,3
adult,1,0.35056182165240424,-0.4166666666666667,5
adult,1,0.17232769257305858,-0.3333333333333333,4
adult,1,0.12520878807357239,-0.3333333333333333,4
adult,1,0.4400981151104615,-0.3333333333333333,4
adult,1,0.49122554744404323,-0.16666666666666666,2
adult,1,0.07214991607853904,-0.3333333333333333,4
adult,1,0.3723981732008067,-0.3333333333333333,4
adult,1,0.21533791141048464,-0.5,6
adult,1,0.1982055807652513,-0.5,6
adult,1,0.49122554744404323,-0.16666666666666666,2
adult,1,0.45189008786881846,-0.25,3
adult,1,0.4837492874056374,-0.08333333333333333,1
adult,1,0.2607152226933749,-0.25,3
adult,1,0.0744644746040094,-0.5833333333333334,7
adult,1,0.39669221622365947,-0.16666666666666666,2
adult,1,0.4400981151104615,-0.25,3
adult,1,0.1982055807652513,-0.25,3
adult,1,0.14340383413236968,-0.3333333333333333,4
adult,1,0.27142142629317934,-0.16666666666666666,2
adult,1,0.3990845697208246,-0.4166666666666667,5
adult,1,0.22646561173524504,-0.25,3
adult,1,0.05550815769353756,-0.75,9
adult,1,0.25294682608435226,-0.4166666666666667,5
adult,1,0.1982055807652513,-0.16666666666666666,2
adult,1,0.459832406379585,-0.25,3
adult,1,0.27142142629317934,-0.3333333333333333,4
adult,1,0.06370402849868972,-0.5,6
adult,1,0.17232769257305858,-0.4166666666666667,5
adult,1,0.10190793234344253,-0.5,6
adult,1,0.12726536618592976,-0.3333333333333333,4
adult,1,0.07111755185219637,-0.5,6
adult,1,0.4400981151104615,-0.3333333333333333,4
adult,1,0.39669221622365947,-0.16666666666666666,2
adult,1,0.07214991607853904,-0.5833333333333334,7
adult,1,0.22646561173524504,-0.3333333333333333,4
adult,1,0.2607152226933749,-0.5,6
adult,1,0.07479426249835319,-0.4166666666666667,5
adult,1,0.02252396495023745,-0.5833333333333334,7
adult,1,0.3990845697208246,-0.4166666666666667,5
adult,1,0.09007293516492854,-0.3333333333333333,4
adult,1,0.22646561173524504,-0.16666666666666666,2
adult,1,0.1982055807652513,-0.16666666666666666,2
adult,1,0.14340383413236968,-0.3333333333333333,4
adult,1,0.06480567808096782,-0.5833333333333334,7
adult,1,0.39669221622365947,-0.3333333333333333,4
adult,1,0.459832406379585,-0.3333333333333333,4
adult,1,0.1864234962965302,-0.4166666666666667,5
flight,1,0.11650065212924676,-0.6923076923076923,9
flight,1,0.1689864093151694,-0.46153846153846156,6
flight,1,0.13818569520024426,-0.38461538461538464,5
flight,1,0.17632192147614734,-0.38461538461538464,5
flight,1,0.17632192147614734,-0.3076923076923077,4
flight,1,0.13514845205100667,-0.6923076923076923,9
flight,1,0.17632192147614734,-0.3076923076923077,4
flight,1,0.13051054943857365,-0.5384615384615384,7
flight,1,0.13514845205100667,-0.5384615384615384,7
flight,1,0.08907123541814055,-0.6153846153846154,8
flight,1,0.1689864093151694,-0.6153846153846154,8
flight,1,0.13514845205100667,-0.46153846153846156,6
flight,1,0.1689864093151694,-0.5384615384615384,7
flight,1,0.23553045167227926,-0.5384615384615384,7
flight,1,0.1689864093151694,-0.5384615384615384,7
flight,1,0.24980936013667854,-0.46153846153846156,6
flight,1,0.13051054943857365,-0.46153846153846156,6
flight,1,0.13051054943857365,-0.6153846153846154,8
flight,1,0.10217956832433472,-0.7692307692307693,10
flight,1,0.12883745488762943,-0.5384615384615384,7
flight,1,0.13051054943857365,-0.6153846153846154,8
flight,1,0.17632192147614734,-0.38461538461538464,5
flight,1,0.13514845205100667,-0.6153846153846154,8
flight,1,0.17632192147614734,-0.46153846153846156,6
flight,1,0.2455785165522859,-0.46153846153846156,6
flight,1,0.13818569520024426,-0.5384615384615384,7
flight,1,0.24980936013667854,-0.46153846153846156,6
flight,1,0.1689864093151694,-0.38461538461538464,5
flight,1,0.17632192147614734,-0.23076923076923078,3
flight,1,0.12744625720955838,-0.46153846153846156,6
flight,1,0.24980936013667854,-0.5384615384615384,7
flight,1,0.18094116044347042,-0.6153846153846154,8
flight,1,0.08907123541814055,-0.6153846153846154,8
flight,1,0.18094116044347042,-0.3076923076923077,4
flight,1,0.2455785165522859,-0.46153846153846156,6
flight,1,0.13514845205100667,-0.6153846153846154,8
flight,1,0.1689864093151694,-0.38461538461538464,5
flight,1,0.13818569520024426,-0.46153846153846156,6
flight,1,0.1689864093151694,-0.3076923076923077,4
flight,1,0.17632192147614734,-0.46153846153846156,6
flight,1,0.12064333692234097,-0.6153846153846154,8
flight,1,0.13514845205100667,-0.5384615384615384,7
flight,1,0.1689864093151694,-0.5384615384615384,7
flight,1,0.17632192147614734,-0.3076923076923077,4
flight,1,0.24980936013667854,-0.38461538461538464,5
flight,1,0.17364678630049102,-0.5384615384615384,7
flight,1,0.17632192147614734,-0.46153846153846156,6
flight,1,0.13818569520024426,-0.46153846153846156,6
flight,1,0.18094116044347042,-0.5384615384615384,7
flight,1,0.23553045167227926,-0.6153846153846154,8
flight,1,0.13818569520024426,-0.38461538461538464,5
flight,1,0.13818569520024426,-0.46153846153846156,6
flight,1,0.17364678630049102,-0.46153846153846156,6
flight,1,0.1689864093151694,-0.3076923076923077,4
flight,1,0.1689864093151694,-0.38461538461538464,5
flight,1,0.03864401288548669,-0.6923076923076923,9
flight,1,0.07100073740459956,-0.6923076923076923,9
flight,1,0.1689864093151694,-0.46153846153846156,6
flight,1,0.17632192147614734,-0.23076923076923078,3
flight,1,0.13818569520024426,-0.46153846153846156,6
flight,1,0.13818569520024426,-0.5384615384615384,7
flight,1,0.1689864093151694,-0.5384615384615384,7
flight,1,0.13818569520024426,-0.5384615384615384,7
flight,1,0.13818569520024426,-0.5384615384615384,7
flight,1,0.13051054943857365,-0.46153846153846156,6
flight,1,0.1421540216030207,-0.6923076923076923,9
flight,1,0.17632192147614734,-0.23076923076923078,3
flight,1,0.13514845205100667,-0.46153846153846156,6
flight,1,0.17632192147614734,-0.23076923076923078,3
flight,1,0.13514845205100667,-0.6923076923076923,9
flight,1,0.1689864093151694,-0.3076923076923077,4
flight,1,0.1689864093151694,-0.5384615384615384,7
flight,1,0.17632192147614734,-0.3076923076923077,4
flight,1,0.17632192147614734,-0.23076923076923078,3
flight,1,0.1689864093151694,-0.6153846153846154,8
flight,1,0.2455785165522859,-0.6923076923076923,9
flight,1,0.17603313033905366,-0.7692307692307693,10
flight,1,0.13514845205100667,-0.7692307692307693,10
flight,1,0.17632192147614734,-0.3076923076923077,4
flight,1,0.17632192147614734,-0.23076923076923078,3
flight,1,0.17632192147614734,-0.46153846153846156,6
flight,1,0.13514845205100667,-0.6923076923076923,9
flight,1,0.1689864093151694,-0.3076923076923077,4
flight,1,0.08907123541814055,-0.6923076923076923,9
flight,1,0.17632192147614734,-0.38461538461538464,5
flight,1,0.17364678630049102,-0.46153846153846156,6
flight,1,0.13051054943857365,-0.38461538461538464,5
flight,1,0.17632192147614734,-0.46153846153846156,6
flight,1,0.1689864093151694,-0.3076923076923077,4
flight,1,0.1689864093151694,-0.6153846153846154,8
flight,1,0.08907123541814055,-0.6153846153846154,8
flight,1,0.1689864093151694,-0.46153846153846156,6
flight,1,0.13051054943857365,-0.3076923076923077,4
flight,1,0.17632192147614734,-0.46153846153846156,6
flight,1,0.13818569520024426,-0.5384615384615384,7
flight,1,0.10454901622513235,-0.6923076923076923,9
flight,1,0.13051054943857365,-0.46153846153846156,6
flight,1,0.08907123541814055,-0.5384615384615384,7
flight,1,0.24980936013667854,-0.6153846153846154,8
flight,1,0.17632192147614734,-0.23076923076923078,3
tax,1,0.5548418449270073,-0.3333333333333333,1
tax,1,0.3057912208405609,-0.3333333333333333,1
tax,1,0.5548418449270073,-0.0,0
tax,1,0.5548418449270073,-0.0,0
tax,1,0.5548418449270073,-0.0,0
tax,1,0.5548418449270073,-0.6666666666666666,2
tax,1,0.2290091161470067,-0.6666666666666666,2
tax,1,0.5548418449270073,-0.3333333333333333,1
tax,1,0.5548418449270073,-0.0,0
tax,1,0.3057912208405609,-0.6666666666666666,2
tax,1,0.5548418449270073,-0.3333333333333333,1
tax,1,0.3057912208405609,-0.6666666666666666,2
tax,1,0.3057912208405609,-0.6666666666666666,2
tax,1,0.5548418449270073,-0.0,0
tax,1,0.3057912208405609,-0.3333333333333333,1
tax,1,0.3057912208405609,-0.3333333333333333,1
tax,1,0.3057912208405609,-0.3333333333333333,1
tax,1,0.3057912208405609,-0.3333333333333333,1
tax,1,0.2290091161470067,-0.6666666666666666,2
tax,1,0.3057912208405609,-0.3333333333333333,1
tax,1,0.5548418449270073,-0.6666666666666666,2
tax,1,0.3057912208405609,-0.3333333333333333,1
tax,1,0.5548418449270073,-0.3333333333333333,1
tax,1,0.5548418449270073,-0.3333333333333333,1
tax,1,0.5548418449270073,-0.3333333333333333,1
tax,1,0.3057912208405609,-0.3333333333333333,1
tax,1,0.5548418449270073,-0.3333333333333333,1
tax,1,0.5548418449270073,-0.0,0
tax,1,0.5548418449270073,-0.3333333333333333,1
tax,1,0.5548418449270073,-0.0,0
tax,1,0.5548418449270073,-0.3333333333333333,1
tax,1,0.5548418449270073,-0.3333333333333333,1
tax,1,0.5548418449270073,-0.3333333333333333,1
tax,1,0.5548418449270073,-0.0,0
tax,1,0.5548418449270073,-0.3333333333333333,1
tax,1,0.5548418449270073,-0.3333333333333333,1
tax,1,0.5548418449270073,-0.3333333333333333,1
tax,1,0.5548418449270073,-0.3333333333333333,1
tax,1,0.5548418449270073,-0.3333333333333333,1
tax,1,0.5548418449270073,-0.6666666666666666,2
tax,1,0.5548418449270073,-0.6666666666666666,2
tax,1,0.5548418449270073,-0.0,0
tax,1,0.5548418449270073,-0.0,0
tax,1,0.5548418449270073,-0.6666666666666666,2
tax,1,0.5548418449270073,-0.3333333333333333,1
tax,1,0.5548418449270073,-0.3333333333333333,1
tax,1,0.5548418449270073,-0.0,0
tax,1,0.2290091161470067,-0.6666666666666666,2
tax,1,0.5548418449270073,-0.3333333333333333,1
tax,1,0.5548418449270073,-0.3333333333333333,1
tax,1,0.5548418449270073,-0.3333333333333333,1
tax,1,0.5548418449270073,-0.3333333333333333,1
tax,1,0.5548418449270073,-0.0,0
tax,1,0.3057912208405609,-0.3333333333333333,1
tax,1,0.5548418449270073,-0.3333333333333333,1
tax,1,0.5548418449270073,-0.0,0
tax,1,0.5548418449270073,-0.3333333333333333,1
tax,1,0.3057912208405609,-0.3333333333333333,1
tax,1,0.5548418449270073,-0.3333333333333333,1
tax,1,0.5548418449270073,-0.3333333333333333,1
tax,1,0.3057912208405609,-0.3333333333333333,1
tax,1,0.3057912208405609,-0.3333333333333333,1
tax,1,0.5548418449270073,-0.3333333333333333,1
tax,1,0.5548418449270073,-0.0,0
tax,1,0.5548418449270073,-0.3333333333333333,1
tax,1,0.5548418449270073,-0.6666666666666666,2
tax,1,0.2290091161470067,-0.6666666666666666,2
tax,1,0.5548418449270073,-0.3333333333333333,1
tax,1,0.5548418449270073,-0.3333333333333333,1
tax,1,0.3057912208405609,-0.3333333333333333,1
tax,1,0.0,-1.0,3
tax,1,0.2290091161470067,-0.6666666666666666,2
tax,1,0.2290091161470067,-0.6666666666666666,2
tax,1,0.5548418449270073,-0.3333333333333333,1
tax,1,0.0,-1.0,3
tax,1,0.5548418449270073,-0.3333333333333333,1
tax,1,0.0,-1.0,3
tax,1,0.5548418449270073,-0.6666666666666666,2
tax,1,0.5548418449270073,-0.3333333333333333,1
tax,1,0.5548418449270073,-0.3333333333333333,1
tax,1,0.5548418449270073,-0.0,0
tax,1,0.2290091161470067,-0.6666666666666666,2
tax,1,0.3057912208405609,-0.6666666666666666,2
tax,1,0.3057912208405609,-0.6666666666666666,2
tax,1,0.5548418449270073,-0.0,0
tax,1,0.5548418449270073,-0.6666666666666666,2
tax,1,0.5548418449270073,-0.0,0
tax,1,0.5548418449270073,-0.6666666666666666,2
tax,1,0.5548418449270073,-0.3333333333333333,1
tax,1,0.2290091161470067,-0.6666666666666666,2
tax,1,0.5548418449270073,-0.3333333333333333,1
tax,1,0.3057912208405609,-0.6666666666666666,2
tax,1,0.5548418449270073,-0.0,0
tax,1,0.5548418449270073,-0.0,0
tax,1,0.5548418449270073,-0.0,0
tax,1,0.5548418449270073,-0.0,0
tax,1,0.3057912208405609,-0.3333333333333333,1
tax,1,0.5548418449270073,-0.0,0
tax,1,0.3057912208405609,-0.6666666666666666,2
tax,1,0.5548418449270073,-0.6666666666666666,2
