dataset,lambda,leakage,utility,mask_size
airport,1000,0.03592524660768637,-0.3333333333333333,2
airport,1000,0.22337399647872114,-0.3333333333333333,2
airport,1000,0.03592524660768637,-0.5,3
airport,1000,0.22337399647872114,-0.16666666666666666,1
airport,1000,0.009414806213275395,-0.5,3
airport,1000,0.05010955345870127,-0.3333333333333333,2
airport,1000,0.03592524660768637,-0.3333333333333333,2
airport,1000,0.05010955345870127,-0.3333333333333333,2
airport,1000,0.03592524660768637,-0.5,3
airport,1000,0.22337399647872114,-0.0,0
airport,1000,0.22337399647872114,-0.0,0
airport,1000,0.03592524660768637,-0.3333333333333333,2
airport,1000,0.03592524660768637,-0.5,3
airport,1000,0.22337399647872114,-0.16666666666666666,1
airport,1000,0.05010955345870127,-0.5,3
airport,1000,0.22337399647872114,-0.16666666666666666,1
airport,1000,0.22337399647872114,-0.0,0
airport,1000,0.22337399647872114,-0.3333333333333333,2
airport,1000,0.03592524660768637,-0.5,3
airport,1000,0.013132038880604324,-0.6666666666666666,4
airport,1000,0.22337399647872114,-0.0,0
airport,1000,0.015768127809462573,-0.8333333333333334,5
airport,1000,0.03592524660768637,-0.5,3
airport,1000,0.0,-0.6666666666666666,4
airport,1000,0.22337399647872114,-0.16666666666666666,1
airport,1000,0.03592524660768637,-0.6666666666666666,4
airport,1000,0.0,-1.0,6
airport,1000,0.03592524660768637,-0.16666666666666666,1
airport,1000,0.05010955345870127,-0.5,3
airport,1000,0.03592524660768637,-0.16666666666666666,1
airport,1000,0.22337399647872114,-0.5,3
airport,1000,0.22337399647872114,-0.5,3
airport,1000,0.22337399647872114,-0.3333333333333333,2
airport,1000,0.05853885744745513,-0.5,3
airport,1000,0.009414806213275395,-0.5,3
airport,1000,0.03592524660768637,-0.5,3
airport,1000,0.05010955345870127,-0.3333333333333333,2
airport,1000,0.22337399647872114,-0.16666666666666666,1
airport,1000,0.22337399647872114,-0.3333333333333333,2
airport,1000,0.22337399647872114,-0.3333333333333333,2
airport,1000,0.03592524660768637,-0.3333333333333333,2
airport,1000,0.22337399647872114,-0.16666666666666666,1
airport,1000,0.22337399647872114,-0.16666666666666666,1
airport,1000,0.22337399647872114,-0.3333333333333333,2
airport,1000,0.22337399647872114,-0.6666666666666666,4
airport,1000,0.015768127809462573,-0.8333333333333334,5
airport,1000,0.22337399647872114,-0.16666666666666666,1
airport,1000,0.22337399647872114,-0.5,3
airport,1000,0.03592524660768637,-0.3333333333333333,2
airport,1000,0.22337399647872114,-0.3333333333333333,2
airport,1000,0.22337399647872114,-0.5,3
airport,1000,0.05010955345870127,-0.5,3
airport,1000,0.22337399647872114,-0.3333333333333333,2
airport,1000,0.22337399647872114,-0.0,0
airport,1000,0.22337399647872114,-0.0,0
airport,1000,0.051126318247808444,-0.5,3
airport,1000,0.05010955345870127,-0.3333333333333333,2
airport,1000,0.03592524660768637,-0.3333333333333333,2
airport,1000,0.22337399647872114,-0.3333333333333333,2
airport,1000,0.0,-0.6666666666666666,4
airport,1000,0.05010955345870127,-0.5,3
airport,1000,0.009414806213275395,-0.5,3
airport,1000,0.22337399647872114,-0.3333333333333333,2
airport,1000,0.03592524660768637,-0.3333333333333333,2
airport,1000,0.22337399647872114,-0.16666666666666666,1
airport,1000,0.22337399647872114,-0.0,0
airport,1000,0.22337399647872114,-0.0,0
airport,1000,0.03592524660768637,-0.16666666666666666,1
airport,1000,0.03592524660768637,-0.3333333333333333,2
airport,1000,0.22337399647872114,-0.0,0
airport,1000,0.22337399647872114,-0.3333333333333333,2
airport,1000,0.22337399647872114,-0.16666666666666666,1
airport,1000,0.05010955345870127,-0.3333333333333333,2
airport,1000,0.009414806213275395,-0.3333333333333333,2
airport,1000,0.03592524660768637,-0.3333333333333333,2
airport,1000,0.013132038880604324,-0.5,3
airport,1000,0.03592524660768637,-0.16666666666666666,1
airport,1000,0.22337399647872114,-0.0,0
airport,1000,0.051126318247808444,-0.6666666666666666,4
airport,1000,0.06016840572859605,-0.6666666666666666,4
airport,1000,0.008222647309668152,-0.6666666666666666,4
airport,1000,0.05853885744745513,-0.5,3
airport,1000,0.22337399647872114,-0.16666666666666666,1
airport,1000,0.05010955345870127,-0.5,3
airport,1000,0.22337399647872114,-0.6666666666666666,4
airport,1000,0.009414806213275395,-0.3333333333333333,2
airport,1000,0.22337399647872114,-0.3333333333333333,2
airport,1000,0.22337399647872114,-0.3333333333333333,2
airport,1000,0.22337399647872114,-0.16666666666666666,1
airport,1000,0.22337399647872114,-0.16666666666666666,1
airport,1000,0.22337399647872114,-0.0,0
airport,1000,0.03592524660768637,-0.3333333333333333,2
airport,1000,0.03592524660768637,-0.3333333333333333,2
airport,1000,0.015768127809462573,-0.6666666666666666,4
airport,1000,0.22337399647872114,-0.5,3
airport,1000,0.05010955345870127,-0.5,3
airport,1000,0.013132038880604324,-0.5,3
airport,1000,0.05010955345870127,-0.6666666666666666,4
airport,1000,0.22337399647872114,-0.3333333333333333,2
airport,1000,0.05010955345870127,-0.3333333333333333,2
hospital,1000,0.5206608604337979,-0.4,4
hospital,1000,0.5468475106079831,-0.6,6
hospital,1000,0.6623992294064142,-0.2,2
hospital,1000,0.5860822545816282,-0.5,5
hospital,1000,0.385599188513301,-0.4,4
hospital,1000,0.5860822545816282,-0.2,2
hospital,1000,0.6090400455538584,-0.3,3
hospital,1000,0.6623992294064142,-0.2,2
hospital,1000,0.5422684587046469,-0.3,3
hospital,1000,0.5422684587046469,-0.1,1
hospital,1000,0.1457223282701623,-0.8,8
hospital,1000,0.6086948858179753,-0.3,3
hospital,1000,0.6090400455538584,-0.2,2
hospital,1000,0.6086948858179753,-0.1,1
hospital,1000,0.5422684587046469,-0.5,5
hospital,1000,0.5468475106079831,-0.3,3
hospital,1000,0.5206608604337979,-0.5,5
hospital,1000,0.46992211475481305,-0.2,2
hospital,1000,0.3592419527878562,-0.4,4
hospital,1000,0.6623992294064142,-0.4,4
hospital,1000,0.46992211475481305,-0.6,6
hospital,1000,0.6090400455538584,-0.4,4
hospital,1000,0.3592419527878562,-0.4,4
hospital,1000,0.6623992294064142,-0.2,2
hospital,1000,0.26303652729247295,-0.5,5
hospital,1000,0.6090400455538584,-0.3,3
hospital,1000,0.5206608604337979,-0.4,4
hospital,1000,0.5206608604337979,-0.4,4
hospital,1000,0.6623992294064142,-0.1,1
hospital,1000,0.6086948858179753,-0.4,4
hospital,1000,0.6086948858179753,-0.1,1
hospital,1000,0.6623992294064142,-0.3,3
hospital,1000,0.5860822545816282,-0.4,4
hospital,1000,0.6623992294064142,-0.3,3
hospital,1000,0.44440927545847886,-0.4,4
hospital,1000,0.458343505445294,-0.5,5
hospital,1000,0.5468475106079831,-0.5,5
hospital,1000,0.6623992294064142,-0.1,1
hospital,1000,0.458343505445294,-0.6,6
hospital,1000,0.5860822545816282,-0.4,4
hospital,1000,0.46992211475481305,-0.3,3
hospital,1000,0.6090400455538584,-0.3,3
hospital,1000,0.5422684587046469,-0.2,2
hospital,1000,0.6090400455538584,-0.3,3
hospital,1000,0.458343505445294,-0.4,4
hospital,1000,0.6623992294064142,-0.2,2
hospital,1000,0.458343505445294,-0.4,4
hospital,1000,0.3592419527878562,-0.6,6
hospital,1000,0.5860822545816282,-0.4,4
hospital,1000,0.6623992294064142,-0.3,3
hospital,1000,0.5202376749670268,-0.4,4
hospital,1000,0.3592419527878562,-0.5,5
hospital,1000,0.46992211475481305,-0.6,6
hospital,1000,0.44440927545847886,-0.7,7
hospital,1000,0.5422684587046469,-0.5,5
hospital,1000,0.6090400455538584,-0.3,3
hospital,1000,0.6623992294064142,-0.0,0
hospital,1000,0.6086948858179753,-0.3,3
hospital,1000,0.21940735109689347,-0.8,8
hospital,1000,0.6623992294064142,-0.0,0
hospital,1000,0.6623992294064142,-0.0,0
hospital,1000,0.6086948858179753,-0.2,2
hospital,1000,0.6090400455538584,-0.2,2
hospital,1000,0.385599188513301,-0.6,6
hospital,1000,0.5468475106079831,-0.4,4
hospital,1000,0.6090400455538584,-0.3,3
hospital,1000,0.6623992294064142,-0.2,2
hospital,1000,0.6623992294064142,-0.3,3
hospital,1000,0.6623992294064142,-0.1,1
hospital,1000,0.6086948858179753,-0.3,3
hospital,1000,0.46992211475481305,-0.4,4
hospital,1000,0.6623992294064142,-0.4,4
hospital,1000,0.6623992294064142,-0.3,3
hospital,1000,0.6623992294064142,-0.2,2
hospital,1000,0.6086948858179753,-0.6,6
hospital,1000,0.6623992294064142,-0.1,1
hospital,1000,0.6623992294064142,-0.4,4
hospital,1000,0.6090400455538584,-0.5,5
hospital,1000,0.21940735109689347,-0.8,8
hospital,1000,0.5468475106079831,-0.5,5
hospital,1000,0.46992211475481305,-0.4,4
hospital,1000,0.26303652729247295,-0.6,6
hospital,1000,0.458343505445294,-0.4,4
hospital,1000,0.5422684587046469,-0.3,3
hospital,1000,0.26303652729247295,-0.3,3
hospital,1000,0.5860822545816282,-0.3,3
hospital,1000,0.458343505445294,-0.3,3
hospital,1000,0.46992211475481305,-0.2,2
hospital,1000,0.385599188513301,-0.5,5
hospital,1000,0.3592419527878562,-0.4,4
hospital,1000,0.5422684587046469,-0.4,4
hospital,1000,0.5422684587046469,-0.3,3
hospital,1000,0.5422684587046469,-0.3,3
hospital,1000,0.458343505445294,-0.4,4
hospital,1000,0.6623992294064142,-0.1,1
hospital,1000,0.2629936790618288,-0.5,5
hospital,1000,0.26303652729247295,-0.4,4
hospital,1000,0.46992211475481305,-0.6,6
hospital,1000,0.21940735109689347,-0.6,6
hospital,1000,0.5202376749670268,-0.4,4
adult,1000,0.3520720543573125,-0.3333333333333333,4
adult,1000,0.1864234962965302,-0.5,6
adult,1000,0.2607152226933749,-0.25,3
adult,1000,0.07123114870903602,-0.25,3
adult,1000,0.4516656596995132,-0.25,3
adult,1000,0.03936339521264576,-0.3333333333333333,4
adult,1000,0.35310286323349893,-0.4166666666666667,5
adult,1000,0.07123114870903602,-0.4166666666666667,5
adult,1000,0.14333250727068947,-0.4166666666666667,5
adult,1000,0.07509601222941664,-0.5833333333333334,7
adult,1000,0.3534235948150932,-0.16666666666666666,2
adult,1000,0.39669221622365947,-0.3333333333333333,4
adult,1000,0.1129678754391773,-0.5833333333333334,7
adult,1000,0.4837492874056374,-0.08333333333333333,1
adult,1000,0.2607152226933749,-0.25,3
adult,1000,0.38912364978807834,-0.3333333333333333,4
adult,1000,0.27142142629317934,-0.16666666666666666,2
adult,1000,0.08196962725216128,-0.4166666666666667,5
adult,1000,0.49122554744404323,-0.16666666666666666,2
adult,1000,0.13081645744363246,-0.3333333333333333,4
adult,1000,0.31877155082985387,-0.4166666666666667,5
adult,1000,0.36697094065329483,-0.25,3
adult,1000,0.2607152226933749,-0.3333333333333333,4
adult,1000,0.07883775373570401,-0.4166666666666667,5
adult,1000,0.3723981732008067,-0.25,3
adult,1000,0.09007293516492854,-0.3333333333333333,4
adult,1000,0.11188224640593136,-0.5,6
adult,1000,0.07214991607853904,-0.3333333333333333,4
adult,1000,0.07214991607853904,-0.5,6
adult,1000,0.152289551106487,-0.25,3
adult,1000,0.2607152226933749,-0.4166666666666667,5
adult,1000,0.02939134205290339,-0.6666666666666666,8
adult,1000,0.4837492874056374,-0.4166666666666667,5
adult,1000,0.0796124753626124,-0.5833333333333334,7
adult,1000,0.38912364978807834,-0.25,3
adult,1000,0.3285724813113512,-0.5,6
adult,1000,0.2648617929519371,-0.25,3
adult,1000,0.3761383659838282,-0.3333333333333333,4
adult,1000,0.36290951598413357,-0.3333333333333333,4
adult,1000,0.22646561173524504,-0.25,3
adult,1000,0.39669221622365947,-0.16666666666666666,2
adult,1000,0.07214991607853904,-0.3333333333333333,4
adult,1000,0.05444461049555549,-0.5833333333333334,7
adult,1000,0.22646561173524504,-0.3333333333333333,4
adult,1000,0.3723981732008067,-0.3333333333333333,4
adult,1000,0.27142142629317934,-0.25,3
adult,1000,0.07123114870903602,-0.4166666666666667,5
adult,1000,0.35310286323349893,-0.5,6
adult,1000,0.3878268224287339,-0.3333333333333333,4
adult,1000,0.31396804868007144,-0.5,6
adult,1000,0.10815944876786554,-0.25,3
adult,1000,0.22646561173524504,-0.5,6
adult,1000,0.27142142629317934,-0.25,3
adult,1000,0.25405919786791153,-0.3333333333333333,4
adult,1000,0.3723981732008067,-0.4166666666666667,5
adult,1000,0.06141762886249513,-0.4166666666666667,5
adult,1000,0.31877155082985387,-0.4166666666666667,5
adult,1000,0.27142142629317934,-0.4166666666666667,5
adult,1000,0.07214991607853904,-0.4166666666666667,5
adult,1000,0.49122554744404323,-0.16666666666666666,2
adult,1000,0.1864234962965302,-0.3333333333333333,4
adult,1000,0.3878268224287339,-0.25,3
adult,1000,0.27142142629317934,-0.16666666666666666,2
adult,1000,0.06608894403230847,-0.6666666666666666,8
adult,1000,0.06144113268123186,-0.75,9
adult,1000,0.4837492874056374,-0.3333333333333333,4
adult,1000,0.07156978873337028,-0.4166666666666667,5
adult,1000,0.2607152226933749,-0.3333333333333333,4
adult,1000,0.3254611976649975,-0.4166666666666667,5
adult,1000,0.08196962725216128,-0.4166666666666667,5
adult,1000,0.12520878807357239,-0.4166666666666667,5
adult,1000,0.07479426249835319,-0.6666666666666666,8
adult,1000,0.062210468502462035,-0.5833333333333334,7
adult,1000,0.4837492874056374,-0.3333333333333333,4
adult,1000,0.07180028703747676,-0.3333333333333333,4
adult,1000,0.152289551106487,-0.5,6
adult,1000,0.38912364978807834,-0.4166666666666667,5
adult,1000,0.49122554744404323,-0.0,0
adult,1000,0.3878268224287339,-0.4166666666666667,5
adult,1000,0.49122554744404323,-0.08333333333333333,1
adult,1000,0.06296199010796566,-0.6666666666666666,8
adult,1000,0.07471974245340063,-0.5,6
adult,1000,0.0931657842184902,-0.5,6
adult,1000,0.07214991607853904,-0.4166666666666667,5
adult,1000,0.49122554744404323,-0.25,3
adult,1000,0.38912364978807834,-0.4166666666666667,5
adult,1000,0.11252786678133886,-0.5833333333333334,7
adult,1000,0.3534235948150932,-0.25,3
adult,1000,0.3514304689713095,-0.16666666666666666,2
adult,1000,0.07123114870903602,-0.6666666666666666,8
adult,1000,0.17232769257305858,-0.4166666666666667,5
adult,1000,0.21477061286472454,-0.4166666666666667,5
adult,1000,0.22646561173524504,-0.3333333333333333,4
adult,1000,0.3376085977018678,-0.3333333333333333,4
adult,1000,0.10891035556900719,-0.3333333333333333,4
adult,1000,0.36723085877360395,-0.5,6
adult,1000,0.2607152226933749,-0.5,6
adult,1000,0.019711762738096383,-0.6666666666666666,8
adult,1000,0.38912364978807834,-0.16666666666666666,2
adult,1000,0.3376085977018678,-0.3333333333333333,4
flight,1000,0.13051054943857365,-0.5384615384615384,7
flight,1000,0.2455785165522859,-0.6923076923076923,9
flight,1000,0.1689864093151694,-0.5384615384615384,7
flight,1000,0.17632192147614734,-0.23076923076923078,3
flight,1000,0.17632192147614734,-0.3076923076923077,4
flight,1000,0.13051054943857365,-0.38461538461538464,5
flight,1000,0.13051054943857365,-0.46153846153846156,6
flight,1000,0.2455785165522859,-0.5384615384615384,7
flight,1000,0.1689864093151694,-0.46153846153846156,6
flight,1000,0.17632192147614734,-0.38461538461538464,5
flight,1000,0.17967605980281343,-0.6153846153846154,8
flight,1000,0.17632192147614734,-0.38461538461538464,5
flight,1000,0.13514845205100667,-0.6153846153846154,8
flight,1000,0.17364678630049102,-0.46153846153846156,6
flight,1000,0.08907123541814055,-0.6923076923076923,9
flight,1000,0.2455785165522859,-0.46153846153846156,6
flight,1000,0.2455785165522859,-0.3076923076923077,4
flight,1000,0.18094116044347042,-0.6923076923076923,9
flight,1000,0.17632192147614734,-0.3076923076923077,4
flight,1000,0.13818569520024426,-0.5384615384615384,7
flight,1000,0.2455785165522859,-0.5384615384615384,7
flight,1000,0.1689864093151694,-0.3076923076923077,4
flight,1000,0.18094116044347042,-0.46153846153846156,6
flight,1000,0.18094116044347042,-0.38461538461538464,5
flight,1000,0.1689864093151694,-0.38461538461538464,5
flight,1000,0.17632192147614734,-0.38461538461538464,5
flight,1000,0.13818569520024426,-0.6153846153846154,8
flight,1000,0.13818569520024426,-0.38461538461538464,5
flight,1000,0.17632192147614734,-0.3076923076923077,4
flight,1000,0.08907123541814055,-0.6153846153846154,8
flight,1000,0.18094116044347042,-0.38461538461538464,5
flight,1000,0.13514845205100667,-0.46153846153846156,6
flight,1000,0.2455785165522859,-0.5384615384615384,7
flight,1000,0.2455785165522859,-0.46153846153846156,6
flight,1000,0.17632192147614734,-0.38461538461538464,5
flight,1000,0.18094116044347042,-0.38461538461538464,5
flight,1000,0.17632192147614734,-0.46153846153846156,6
flight,1000,0.06676260648713994,-0.8461538461538461,11
flight,1000,0.17632192147614734,-0.3076923076923077,4
flight,1000,0.13051054943857365,-0.5384615384615384,7
flight,1000,0.13514845205100667,-0.5384615384615384,7
flight,1000,0.18094116044347042,-0.46153846153846156,6
flight,1000,0.13051054943857365,-0.5384615384615384,7
flight,1000,0.11650065212924676,-0.6923076923076923,9
flight,1000,0.2455785165522859,-0.5384615384615384,7
flight,1000,0.13514845205100667,-0.6153846153846154,8
flight,1000,0.18094116044347042,-0.23076923076923078,3
flight,1000,0.13514845205100667,-0.38461538461538464,5
flight,1000,0.2455785165522859,-0.6923076923076923,9
flight,1000,0.17632192147614734,-0.5384615384615384,7
flight,1000,0.18094116044347042,-0.5384615384615384,7
flight,1000,0.17632192147614734,-0.38461538461538464,5
flight,1000,0.1689864093151694,-0.38461538461538464,5
flight,1000,0.13818569520024426,-0.5384615384615384,7
flight,1000,0.2455785165522859,-0.5384615384615384,7
flight,1000,0.13818569520024426,-0.46153846153846156,6
flight,1000,0.1689864093151694,-0.38461538461538464,5
flight,1000,0.13818569520024426,-0.46153846153846156,6
flight,1000,0.1689864093151694,-0.38461538461538464,5
flight,1000,0.23553045167227926,-0.5384615384615384,7
flight,1000,0.13051054943857365,-0.6153846153846154,8
flight,1000,0.18094116044347042,-0.46153846153846156,6
flight,1000,0.13514845205100667,-0.46153846153846156,6
flight,1000,0.13514845205100667,-0.6923076923076923,9
flight,1000,0.13818569520024426,-0.5384615384615384,7
flight,1000,0.1689864093151694,-0.46153846153846156,6
flight,1000,0.17632192147614734,-0.46153846153846156,6
flight,1000,0.13818569520024426,-0.5384615384615384,7
flight,1000,0.1689864093151694,-0.38461538461538464,5
flight,1000,0.1689864093151694,-0.38461538461538464,5
flight,1000,0.13818569520024426,-0.3076923076923077,4
flight,1000,0.13514845205100667,-0.38461538461538464,5
flight,1000,0.24980936013667854,-0.6923076923076923,9
flight,1000,0.2455785165522859,-0.46153846153846156,6
flight,1000,0.12744625720955838,-0.7692307692307693,10
flight,1000,0.17632192147614734,-0.3076923076923077,4
flight,1000,0.13514845205100667,-0.46153846153846156,6
flight,1000,0.2455785165522859,-0.38461538461538464,5
flight,1000,0.2455785165522859,-0.46153846153846156,6
flight,1000,0.24980936013667854,-0.6153846153846154,8
flight,1000,0.1689864093151694,-0.5384615384615384,7
flight,1000,0.13514845205100667,-0.5384615384615384,7
flight,1000,0.13818569520024426,-0.46153846153846156,6
flight,1000,0.1689864093151694,-0.46153846153846156,6
flight,1000,0.2455785165522859,-0.46153846153846156,6
flight,1000,0.18094116044347042,-0.3076923076923077,4
flight,1000,0.08907123541814055,-0.5384615384615384,7
flight,1000,0.17632192147614734,-0.5384615384615384,7
flight,1000,0.13818569520024426,-0.3076923076923077,4
flight,1000,0.13051054943857365,-0.5384615384615384,7
flight,1000,0.17364678630049102,-0.46153846153846156,6
flight,1000,0.18094116044347042,-0.38461538461538464,5
flight,1000,0.1689864093151694,-0.23076923076923078,3
flight,1000,0.24980936013667854,-0.6923076923076923,9
flight,1000,0.17632192147614734,-0.46153846153846156,6
flight,1000,0.13818569520024426,-0.3076923076923077,4
flight,1000,0.17632192147614734,-0.3076923076923077,4
flight,1000,0.13514845205100667,-0.46153846153846156,6
flight,1000,0.1689864093151694,-0.46153846153846156,6
flight,1000,0.17632192147614734,-0.38461538461538464,5
tax,1000,0.5548418449270073,-0.6666666666666666,2
tax,1000,0.5548418449270073,-0.3333333333333333,1
tax,1000,0.5548418449270073,-0.6666666666666666,2
tax,1000,0.5548418449270073,-0.6666666666666666,2
tax,1000,0.5548418449270073,-0.3333333333333333,1
tax,1000,0.3057912208405609,-0.3333333333333333,1
tax,1000,0.5548418449270073,-0.3333333333333333,1
tax,1000,0.5548418449270073,-0.3333333333333333,1
tax,1000,0.3057912208405609,-0.3333333333333333,1
tax,1000,0.5548418449270073,-0.0,0
tax,1000,0.2290091161470067,-0.6666666666666666,2
tax,1000,0.5548418449270073,-0.3333333333333333,1
tax,1000,0.5548418449270073,-0.3333333333333333,1
tax,1000,0.3057912208405609,-0.6666666666666666,2
tax,1000,0.5548418449270073,-0.0,0
tax,1000,0.5548418449270073,-0.3333333333333333,1
tax,1000,0.5548418449270073,-0.6666666666666666,2
tax,1000,0.5548418449270073,-0.0,0
tax,1000,0.5548418449270073,-0.6666666666666666,2
tax,1000,0.3057912208405609,-0.3333333333333333,1
tax,1000,0.3057912208405609,-0.6666666666666666,2
tax,1000,0.5548418449270073,-0.0,0
tax,1000,0.5548418449270073,-0.0,0
tax,1000,0.0,-1.0,3
tax,1000,0.5548418449270073,-0.0,0
tax,1000,0.3057912208405609,-0.6666666666666666,2
tax,1000,0.5548418449270073,-0.3333333333333333,1
tax,1000,0.5548418449270073,-0.3333333333333333,1
tax,1000,0.3057912208405609,-0.3333333333333333,1
tax,1000,0.5548418449270073,-0.0,0
tax,1000,0.5548418449270073,-0.6666666666666666,2
tax,1000,0.0,-1.0,3
tax,1000,0.0,-1.0,3
tax,1000,0.5548418449270073,-0.6666666666666666,2
tax,1000,0.5548418449270073,-0.0,0
tax,1000,0.3057912208405609,-0.6666666666666666,2
tax,1000,0.5548418449270073,-0.0,0
tax,1000,0.5548418449270073,-0.6666666666666666,2
tax,1000,0.0,-1.0,3
tax,1000,0.5548418449270073,-0.3333333333333333,1
tax,1000,0.5548418449270073,-0.0,0
tax,1000,0.5548418449270073,-0.0,0
tax,1000,0.5548418449270073,-0.3333333333333333,1
tax,1000,0.5548418449270073,-0.3333333333333333,1
tax,1000,0.3057912208405609,-0.3333333333333333,1
tax,1000,0.3057912208405609,-0.3333333333333333,1
tax,1000,0.3057912208405609,-0.3333333333333333,1
tax,1000,0.5548418449270073,-0.3333333333333333,1
tax,1000,0.5548418449270073,-0.6666666666666666,2
tax,1000,0.5548418449270073,-0.3333333333333333,1
tax,1000,0.5548418449270073,-0.3333333333333333,1
tax,1000,0.3057912208405609,-0.6666666666666666,2
tax,1000,0.2290091161470067,-0.6666666666666666,2
tax,1000,0.5548418449270073,-0.0,0
tax,1000,0.5548418449270073,-0.6666666666666666,2
tax,1000,0.3057912208405609,-0.3333333333333333,1
tax,1000,0.0,-1.0,3
tax,1000,0.5548418449270073,-0.3333333333333333,1
tax,1000,0.5548418449270073,-0.6666666666666666,2
tax,1000,0.0,-1.0,3
tax,1000,0.5548418449270073,-0.3333333333333333,1
tax,1000,0.5548418449270073,-0.3333333333333333,1
tax,1000,0.2290091161470067,-0.6666666666666666,2
tax,1000,0.3057912208405609,-0.3333333333333333,1
tax,1000,0.5548418449270073,-0.3333333333333333,1
tax,1000,0.2290091161470067,-0.6666666666666666,2
tax,1000,0.2290091161470067,-0.6666666666666666,2
tax,1000,0.2290091161470067,-0.6666666666666666,2
tax,1000,0.3057912208405609,-0.6666666666666666,2
tax,1000,0.5548418449270073,-0.0,0
tax,1000,0.3057912208405609,-0.3333333333333333,1
tax,1000,0.5548418449270073,-0.3333333333333333,1
tax,1000,0.3057912208405609,-0.3333333333333333,1
tax,1000,0.3057912208405609,-0.3333333333333333,1
tax,1000,0.5548418449270073,-0.6666666666666666,2
tax,1000,0.5548418449270073,-0.3333333333333333,1
tax,1000,0.0,-1.0,3
tax,1000,0.5548418449270073,-0.3333333333333333,1
tax,1000,0.5548418449270073,-0.0,0
tax,1000,0.3057912208405609,-0.6666666666666666,2
tax,1000,0.3057912208405609,-0.3333333333333333,1
tax,1000,0.0,-1.0,3
tax,1000,0.2290091161470067,-0.6666666666666666,2
tax,1000,0.5548418449270073,-0.3333333333333333,1
tax,1000,0.5548418449270073,-0.3333333333333333,1
tax,1000,0.5548418449270073,-0.3333333333333333,1
tax,1000,0.5548418449270073,-0.3333333333333333,1
tax,1000,0.3057912208405609,-0.3333333333333333,1
tax,1000,0.3057912208405609,-0.6666666666666666,2
tax,1000,0.3057912208405609,-0.6666666666666666,2
tax,1000,0.3057912208405609,-0.3333333333333333,1
tax,1000,0.5548418449270073,-0.6666666666666666,2
tax,1000,0.2290091161470067,-0.6666666666666666,2
tax,1000,0.5548418449270073,-0.3333333333333333,1
tax,1000,0.5548418449270073,-0.3333333333333333,1
tax,1000,0.5548418449270073,-0.3333333333333333,1
tax,1000,0.5548418449270073,-0.3333333333333333,1
tax,1000,0.5548418449270073,-0.3333333333333333,1
tax,1000,0.5548418449270073,-0.0,0
tax,1000,0.5548418449270073,-0.3333333333333333,1
