dataset,lambda,leakage,utility,mask_size
airport,10,0.22337399647872114,-0.16666666666666666,1
airport,10,0.03592524660768637,-0.16666666666666666,1
airport,10,0.009414806213275395,-0.5,3
airport,10,0.03592524660768637,-0.3333333333333333,2
airport,10,0.03592524660768637,-0.5,3
airport,10,0.22337399647872114,-0.3333333333333333,2
airport,10,0.003306804705818678,-0.6666666666666666,4
airport,10,0.05010955345870127,-0.3333333333333333,2
airport,10,0.009414806213275395,-0.3333333333333333,2
airport,10,0.03592524660768637,-0.5,3
airport,10,0.03592524660768637,-0.16666666666666666,1
airport,10,0.03592524660768637,-0.16666666666666666,1
airport,10,0.22337399647872114,-0.16666666666666666,1
airport,10,0.22337399647872114,-0.6666666666666666,4
airport,10,0.03592524660768637,-0.3333333333333333,2
airport,10,0.009414806213275395,-0.3333333333333333,2
airport,10,0.22337399647872114,-0.3333333333333333,2
airport,10,0.03592524660768637,-0.16666666666666666,1
airport,10,0.03592524660768637,-0.16666666666666666,1
airport,10,0.22337399647872114,-0.16666666666666666,1
airport,10,0.05010955345870127,-0.6666666666666666,4
airport,10,0.03592524660768637,-0.3333333333333333,2
airport,10,0.22337399647872114,-0.3333333333333333,2
airport,10,0.22337399647872114,-0.16666666666666666,1
airport,10,0.003609042830710618,-0.8333333333333334,5
airport,10,0.013132038880604324,-0.6666666666666666,4
airport,10,0.22337399647872114,-0.0,0
airport,10,0.03592524660768637,-0.16666666666666666,1
airport,10,0.03592524660768637,-0.16666666666666666,1
airport,10,0.03592524660768637,-0.3333333333333333,2
airport,10,0.03592524660768637,-0.5,3
airport,10,0.05010955345870127,-0.3333333333333333,2
airport,10,0.05010955345870127,-0.3333333333333333,2
airport,10,0.22337399647872114,-0.0,0
airport,10,0.03592524660768637,-0.16666666666666666,1
airport,10,0.05010955345870127,-0.6666666666666666,4
airport,10,0.22337399647872114,-0.3333333333333333,2
airport,10,0.009414806213275395,-0.3333333333333333,2
airport,10,0.03592524660768637,-0.6666666666666666,4
airport,10,0.03592524660768637,-0.16666666666666666,1
airport,10,0.03592524660768637,-0.3333333333333333,2
airport,10,0.003306804705818678,-0.6666666666666666,4
airport,10,0.03592524660768637,-0.5,3
airport,10,0.03592524660768637,-0.5,3
airport,10,0.03592524660768637,-0.16666666666666666,1
airport,10,0.05853885744745513,-0.5,3
airport,10,0.22337399647872114,-0.3333333333333333,2
airport,10,0.22337399647872114,-0.0,0
airport,10,0.22337399647872114,-0.5,3
airport,10,0.051126318247808444,-0.6666666666666666,4
airport,10,0.03592524660768637,-0.5,3
airport,10,0.03592524660768637,-0.3333333333333333,2
airport,10,0.22337399647872114,-0.0,0
airport,10,0.22337399647872114,-0.3333333333333333,2
airport,10,0.22337399647872114,-0.3333333333333333,2
airport,10,0.03592524660768637,-0.3333333333333333,2
airport,10,0.22337399647872114,-0.3333333333333333,2
airport,10,0.051126318247808444,-0.5,3
airport,10,0.03592524660768637,-0.16666666666666666,1
airport,10,0.03592524660768637,-0.3333333333333333,2
airport,10,0.22337399647872114,-0.3333333333333333,2
airport,10,0.05010955345870127,-0.6666666666666666,4
airport,10,0.05010955345870127,-0.5,3
airport,10,0.22337399647872114,-0.16666666666666666,1
airport,10,0.05010955345870127,-0.6666666666666666,4
airport,10,0.22337399647872114,-0.16666666666666666,1
airport,10,0.03592524660768637,-0.16666666666666666,1
airport,10,0.22337399647872114,-0.16666666666666666,1
airport,10,0.22337399647872114,-0.16666666666666666,1
airport,10,0.05010955345870127,-0.3333333333333333,2
airport,10,0.22337399647872114,-0.6666666666666666,4
airport,10,0.22337399647872114,-0.3333333333333333,2
airport,10,0.05010955345870127,-0.5,3
airport,10,0.051126318247808444,-0.6666666666666666,4
airport,10,0.03592524660768637,-0.5,3
airport,10,0.22337399647872114,-0.16666666666666666,1
airport,10,0.22337399647872114,-0.3333333333333333,2
airport,10,0.03592524660768637,-0.3333333333333333,2
airport,10,0.05010955345870127,-0.3333333333333333,2
airport,10,0.05010955345870127,-0.3333333333333333,2
airport,10,0.22337399647872114,-0.3333333333333333,2
airport,10,0.03592524660768637,-0.5,3
airport,10,0.003306804705818678,-0.6666666666666666,4
airport,10,0.051126318247808444,-0.5,3
airport,10,0.22337399647872114,-0.16666666666666666,1
airport,10,0.009414806213275395,-0.5,3
airport,10,0.22337399647872114,-0.3333333333333333,2
airport,10,0.05010955345870127,-0.5,3
airport,10,0.05010955345870127,-0.3333333333333333,2
airport,10,0.22337399647872114,-0.3333333333333333,2
airport,10,0.03592524660768637,-0.16666666666666666,1
airport,10,0.011469181810646378,-0.6666666666666666,4
airport,10,0.06016840572859605,-0.6666666666666666,4
airport,10,0.22337399647872114,-0.5,3
airport,10,0.22337399647872114,-0.5,3
airport,10,0.003306804705818678,-0.6666666666666666,4
airport,10,0.03592524660768637,-0.16666666666666666,1
airport,10,0.22337399647872114,-0.5,3
airport,10,0.22337399647872114,-0.16666666666666666,1
airport,10,0.011469181810646378,-0.6666666666666666,4
hospital,10,0.5860822545816282,-0.2,2
hospital,10,0.6623992294064142,-0.3,3
hospital,10,0.6090400455538584,-0.4,4
hospital,10,0.46992211475481305,-0.4,4
hospital,10,0.6086948858179753,-0.4,4
hospital,10,0.5422684587046469,-0.5,5
hospital,10,0.6623992294064142,-0.3,3
hospital,10,0.5422684587046469,-0.4,4
hospital,10,0.5860822545816282,-0.5,5
hospital,10,0.5422684587046469,-0.3,3
hospital,10,0.26303652729247295,-0.5,5
hospital,10,0.6623992294064142,-0.3,3
hospital,10,0.24175913958548945,-0.6,6
hospital,10,0.5468475106079831,-0.5,5
hospital,10,0.5422684587046469,-0.2,2
hospital,10,0.6623992294064142,-0.2,2
hospital,10,0.5468475106079831,-0.6,6
hospital,10,0.5422684587046469,-0.4,4
hospital,10,0.24175913958548945,-0.6,6
hospital,10,0.6623992294064142,-0.3,3
hospital,10,0.6090400455538584,-0.5,5
hospital,10,0.5202376749670268,-0.3,3
hospital,10,0.458343505445294,-0.3,3
hospital,10,0.5206608604337979,-0.4,4
hospital,10,0.5860822545816282,-0.4,4
hospital,10,0.3592419527878562,-0.2,2
hospital,10,0.6623992294064142,-0.1,1
hospital,10,0.21940735109689347,-0.5,5
hospital,10,0.5468475106079831,-0.4,4
hospital,10,0.6090400455538584,-0.4,4
hospital,10,0.5468475106079831,-0.5,5
hospital,10,0.5860822545816282,-0.3,3
hospital,10,0.6623992294064142,-0.2,2
hospital,10,0.21940735109689347,-0.6,6
hospital,10,0.6090400455538584,-0.4,4
hospital,10,0.6623992294064142,-0.3,3
hospital,10,0.3166049127277152,-0.6,6
hospital,10,0.6086948858179753,-0.6,6
hospital,10,0.46992211475481305,-0.5,5
hospital,10,0.6086948858179753,-0.6,6
hospital,10,0.6623992294064142,-0.1,1
hospital,10,0.5422684587046469,-0.4,4
hospital,10,0.5422684587046469,-0.2,2
hospital,10,0.458343505445294,-0.3,3
hospital,10,0.6086948858179753,-0.5,5
hospital,10,0.5202376749670268,-0.4,4
hospital,10,0.3592419527878562,-0.4,4
hospital,10,0.2629936790618288,-0.4,4
hospital,10,0.6090400455538584,-0.4,4
hospital,10,0.44440927545847886,-0.5,5
hospital,10,0.5206608604337979,-0.4,4
hospital,10,0.26303652729247295,-0.4,4
hospital,10,0.5860822545816282,-0.2,2
hospital,10,0.26303652729247295,-0.6,6
hospital,10,0.5206608604337979,-0.5,5
hospital,10,0.5422684587046469,-0.1,1
hospital,10,0.5422684587046469,-0.3,3
hospital,10,0.5202376749670268,-0.3,3
hospital,10,0.44440927545847886,-0.5,5
hospital,10,0.6623992294064142,-0.2,2
hospital,10,0.5422684587046469,-0.2,2
hospital,10,0.6090400455538584,-0.2,2
hospital,10,0.5202376749670268,-0.6,6
hospital,10,0.6090400455538584,-0.2,2
hospital,10,0.5860822545816282,-0.1,1
hospital,10,0.5860822545816282,-0.5,5
hospital,10,0.6086948858179753,-0.3,3
hospital,10,0.385599188513301,-0.6,6
hospital,10,0.5422684587046469,-0.1,1
hospital,10,0.5860822545816282,-0.3,3
hospital,10,0.5468475106079831,-0.2,2
hospital,10,0.6086948858179753,-0.3,3
hospital,10,0.5422684587046469,-0.3,3
hospital,10,0.6623992294064142,-0.4,4
hospital,10,0.6090400455538584,-0.4,4
hospital,10,0.385599188513301,-0.5,5
hospital,10,0.6623992294064142,-0.1,1
hospital,10,0.6090400455538584,-0.2,2
hospital,10,0.3592419527878562,-0.5,5
hospital,10,0.5206608604337979,-0.4,4
hospital,10,0.26303652729247295,-0.6,6
hospital,10,0.5422684587046469,-0.4,4
hospital,10,0.5860822545816282,-0.3,3
hospital,10,0.44440927545847886,-0.6,6
hospital,10,0.5206608604337979,-0.6,6
hospital,10,0.6623992294064142,-0.1,1
hospital,10,0.6086948858179753,-0.5,5
hospital,10,0.3592419527878562,-0.5,5
hospital,10,0.44440927545847886,-0.4,4
hospital,10,0.6090400455538584,-0.1,1
hospital,10,0.5468475106079831,-0.6,6
hospital,10,0.458343505445294,-0.5,5
hospital,10,0.6090400455538584,-0.2,2
hospital,10,0.6623992294064142,-0.3,3
hospital,10,0.6090400455538584,-0.4,4
hospital,10,0.26303652729247295,-0.4,4
hospital,10,0.6623992294064142,-0.2,2
hospital,10,0.6623992294064142,-0.2,2
hospital,10,0.5860822545816282,-0.3,3
hospital,10,0.6623992294064142,-0.2,2
adult,10,0.07123114870903602,-0.4166666666666667,5
adult,10,0.40815493743497544,-0.3333333333333333,4
adult,10,0.459832406379585,-0.25,3
adult,10,0.13899892210768638,-0.4166666666666667,5
adult,10,0.12520878807357239,-0.25,3
adult,10,0.06934937044060308,-0.5,6
adult,10,0.12520878807357239,-0.25,3
adult,10,0.12726536618592976,-0.4166666666666667,5
adult,10,0.07214991607853904,-0.25,3
adult,10,0.22646561173524504,-0.5,6
adult,10,0.49122554744404323,-0.4166666666666667,5
adult,10,0.12520878807357239,-0.3333333333333333,4
adult,10,0.459832406379585,-0.3333333333333333,4
adult,10,0.2607152226933749,-0.5,6
adult,10,0.12520878807357239,-0.25,3
adult,10,0.3534235948150932,-0.4166666666666667,5
adult,10,0.2607152226933749,-0.3333333333333333,4
adult,10,0.21950122635942593,-0.3333333333333333,4
adult,10,0.10815944876786554,-0.3333333333333333,4
adult,10,0.3254611976649975,-0.4166666666666667,5
adult,10,0.31734091648323215,-0.6666666666666666,8
adult,10,0.3534235948150932,-0.16666666666666666,2
adult,10,0.13987895398545402,-0.6666666666666666,8
adult,10,0.264807075177372,-0.4166666666666667,5
adult,10,0.17232769257305858,-0.5,6
adult,10,0.31037102074517575,-0.6666666666666666,8
adult,10,0.254003676035066,-0.5,6
adult,10,0.07123114870903602,-0.25,3
adult,10,0.43187055559681353,-0.25,3
adult,10,0.43187055559681353,-0.25,3
adult,10,0.49122554744404323,-0.3333333333333333,4
adult,10,0.07214991607853904,-0.3333333333333333,4
adult,10,0.0643846722018101,-0.6666666666666666,8
adult,10,0.04711945237932613,-0.6666666666666666,8
adult,10,0.459832406379585,-0.25,3
adult,10,0.07186988820608442,-0.3333333333333333,4
adult,10,0.16016534172028907,-0.5,6
adult,10,0.27142142629317934,-0.25,3
adult,10,0.3723981732008067,-0.4166666666666667,5
adult,10,0.032822593775805875,-0.6666666666666666,8
adult,10,0.3539186306232933,-0.3333333333333333,4
adult,10,0.12520878807357239,-0.3333333333333333,4
adult,10,0.3534235948150932,-0.16666666666666666,2
adult,10,0.12520878807357239,-0.16666666666666666,2
adult,10,0.49122554744404323,-0.25,3
adult,10,0.08196962725216128,-0.3333333333333333,4
adult,10,0.0549373740911705,-0.5833333333333334,7
adult,10,0.27142142629317934,-0.16666666666666666,2
adult,10,0.06574904294170203,-0.5,6
adult,10,0.27142142629317934,-0.25,3
adult,10,0.49122554744404323,-0.16666666666666666,2
adult,10,0.3514304689713095,-0.3333333333333333,4
adult,10,0.21829232398914267,-0.25,3
adult,10,0.38912364978807834,-0.08333333333333333,1
adult,10,0.3761383659838282,-0.3333333333333333,4
adult,10,0.40803444525214194,-0.16666666666666666,2
adult,10,0.3723981732008067,-0.16666666666666666,2
adult,10,0.27142142629317934,-0.3333333333333333,4
adult,10,0.40815493743497544,-0.4166666666666667,5
adult,10,0.03936339521264576,-0.4166666666666667,5
adult,10,0.35310286323349893,-0.4166666666666667,5
adult,10,0.07364399401999377,-0.6666666666666666,8
adult,10,0.3520720543573125,-0.25,3
adult,10,0.1982055807652513,-0.25,3
adult,10,0.12520878807357239,-0.25,3
adult,10,0.38912364978807834,-0.08333333333333333,1
adult,10,0.1982055807652513,-0.3333333333333333,4
adult,10,0.1864234962965302,-0.4166666666666667,5
adult,10,0.3526322569387699,-0.25,3
adult,10,0.07214991607853904,-0.3333333333333333,4
adult,10,0.08196962725216128,-0.25,3
adult,10,0.49122554744404323,-0.25,3
adult,10,0.1398252965500606,-0.5833333333333334,7
adult,10,0.0021348541067391924,-0.75,9
adult,10,0.12742849241448284,-0.4166666666666667,5
adult,10,0.0713050687995368,-0.5833333333333334,7
adult,10,0.3526322569387699,-0.3333333333333333,4
adult,10,0.05432064282373972,-0.5833333333333334,7
adult,10,0.2607152226933749,-0.25,3
adult,10,0.152289551106487,-0.5833333333333334,7
adult,10,0.062210468502462035,-0.5,6
adult,10,0.07078864823288122,-0.5833333333333334,7
adult,10,0.39669221622365947,-0.08333333333333333,1
adult,10,0.4837492874056374,-0.3333333333333333,4
adult,10,0.17782711717089983,-0.3333333333333333,4
adult,10,0.07479426249835319,-0.3333333333333333,4
adult,10,0.49122554744404323,-0.16666666666666666,2
adult,10,0.11610140683112824,-0.4166666666666667,5
adult,10,0.26372314885536674,-0.16666666666666666,2
adult,10,0.152289551106487,-0.5833333333333334,7
adult,10,0.38912364978807834,-0.25,3
adult,10,0.07479426249835319,-0.5,6
adult,10,0.12520878807357239,-0.3333333333333333,4
adult,10,0.459832406379585,-0.08333333333333333,1
adult,10,0.49122554744404323,-0.25,3
adult,10,0.0253939371243882,-0.6666666666666666,8
adult,10,0.35075303839525485,-0.3333333333333333,4
adult,10,0.39669221622365947,-0.3333333333333333,4
adult,10,0.04164231935793272,-0.5833333333333334,7
adult,10,0.1129678754391773,-0.3333333333333333,4
flight,10,0.13514845205100667,-0.5384615384615384,7
flight,10,0.13051054943857365,-0.46153846153846156,6
flight,10,0.1689864093151694,-0.38461538461538464,5
flight,10,0.2455785165522859,-0.6923076923076923,9
flight,10,0.13514845205100667,-0.6153846153846154,8
flight,10,0.13514845205100667,-0.46153846153846156,6
flight,10,0.13818569520024426,-0.23076923076923078,3
flight,10,0.24980936013667854,-0.46153846153846156,6
flight,10,0.17632192147614734,-0.38461538461538464,5
flight,10,0.17632192147614734,-0.3076923076923077,4
flight,10,0.1689864093151694,-0.38461538461538464,5
flight,10,0.17632192147614734,-0.5384615384615384,7
flight,10,0.2455785165522859,-0.38461538461538464,5
flight,10,0.13051054943857365,-0.38461538461538464,5
flight,10,0.17632192147614734,-0.3076923076923077,4
flight,10,0.24980936013667854,-0.38461538461538464,5
flight,10,0.13051054943857365,-0.46153846153846156,6
flight,10,0.1689864093151694,-0.38461538461538464,5
flight,10,0.1689864093151694,-0.5384615384615384,7
flight,10,0.1689864093151694,-0.38461538461538464,5
flight,10,0.17632192147614734,-0.46153846153846156,6
flight,10,0.13051054943857365,-0.6923076923076923,9
flight,10,0.13514845205100667,-0.6153846153846154,8
flight,10,0.13818569520024426,-0.46153846153846156,6
flight,10,0.23553045167227926,-0.5384615384615384,7
flight,10,0.13514845205100667,-0.5384615384615384,7
flight,10,0.11960338386169278,-0.5384615384615384,7
flight,10,0.18094116044347042,-0.5384615384615384,7
flight,10,0.13818569520024426,-0.5384615384615384,7
flight,10,0.17632192147614734,-0.3076923076923077,4
flight,10,0.13514845205100667,-0.5384615384615384,7
flight,10,0.1689864093151694,-0.46153846153846156,6
flight,10,0.17632192147614734,-0.38461538461538464,5
flight,10,0.24980936013667854,-0.6153846153846154,8
flight,10,0.08907123541814055,-0.7692307692307693,10
flight,10,0.13514845205100667,-0.46153846153846156,6
flight,10,0.1689864093151694,-0.5384615384615384,7
flight,10,0.17632192147614734,-0.38461538461538464,5
flight,10,0.13051054943857365,-0.6153846153846154,8
flight,10,0.1689864093151694,-0.3076923076923077,4
flight,10,0.1689864093151694,-0.38461538461538464,5
flight,10,0.17632192147614734,-0.3076923076923077,4
flight,10,0.1689864093151694,-0.38461538461538464,5
flight,10,0.13051054943857365,-0.46153846153846156,6
flight,10,0.17632192147614734,-0.46153846153846156,6
flight,10,0.18094116044347042,-0.38461538461538464,5
flight,10,0.2455785165522859,-0.6153846153846154,8
flight,10,0.17632192147614734,-0.3076923076923077,4
flight,10,0.1689864093151694,-0.38461538461538464,5
flight,10,0.1689864093151694,-0.6153846153846154,8
flight,10,0.18094116044347042,-0.46153846153846156,6
flight,10,0.13051054943857365,-0.46153846153846156,6
flight,10,0.13818569520024426,-0.46153846153846156,6
flight,10,0.13514845205100667,-0.46153846153846156,6
flight,10,0.17632192147614734,-0.3076923076923077,4
flight,10,0.1689864093151694,-0.5384615384615384,7
flight,10,0.17603313033905366,-0.6923076923076923,9
flight,10,0.11960338386169278,-0.6923076923076923,9
flight,10,0.24980936013667854,-0.3076923076923077,4
flight,10,0.23553045167227926,-0.6153846153846154,8
flight,10,0.17632192147614734,-0.38461538461538464,5
flight,10,0.12744625720955838,-0.7692307692307693,10
flight,10,0.17364678630049102,-0.46153846153846156,6
flight,10,0.13514845205100667,-0.5384615384615384,7
flight,10,0.13514845205100667,-0.5384615384615384,7
flight,10,0.24980936013667854,-0.6153846153846154,8
flight,10,0.2455785165522859,-0.38461538461538464,5
flight,10,0.13514845205100667,-0.5384615384615384,7
flight,10,0.13818569520024426,-0.3076923076923077,4
flight,10,0.17364678630049102,-0.3076923076923077,4
flight,10,0.2455785165522859,-0.5384615384615384,7
flight,10,0.13514845205100667,-0.6153846153846154,8
flight,10,0.13051054943857365,-0.5384615384615384,7
flight,10,0.13051054943857365,-0.6153846153846154,8
flight,10,0.13514845205100667,-0.5384615384615384,7
flight,10,0.17632192147614734,-0.38461538461538464,5
flight,10,0.1689864093151694,-0.6153846153846154,8
flight,10,0.18094116044347042,-0.3076923076923077,4
flight,10,0.17632192147614734,-0.46153846153846156,6
flight,10,0.13818569520024426,-0.38461538461538464,5
flight,10,0.1689864093151694,-0.38461538461538464,5
flight,10,0.13051054943857365,-0.6153846153846154,8
flight,10,0.18094116044347042,-0.38461538461538464,5
flight,10,0.17632192147614734,-0.3076923076923077,4
flight,10,0.1796692951326263,-0.7692307692307693,10
flight,10,0.1689864093151694,-0.3076923076923077,4
flight,10,0.17632192147614734,-0.38461538461538464,5
flight,10,0.17632192147614734,-0.38461538461538464,5
flight,10,0.13051054943857365,-0.46153846153846156,6
flight,10,0.18094116044347042,-0.6153846153846154,8
flight,10,0.08907123541814055,-0.6153846153846154,8
flight,10,0.17632192147614734,-0.38461538461538464,5
flight,10,0.17632192147614734,-0.38461538461538464,5
flight,10,0.2455785165522859,-0.38461538461538464,5
flight,10,0.17632192147614734,-0.5384615384615384,7
flight,10,0.2455785165522859,-0.46153846153846156,6
flight,10,0.13818569520024426,-0.38461538461538464,5
flight,10,0.17364678630049102,-0.46153846153846156,6
flight,10,0.17632192147614734,-0.38461538461538464,5
flight,10,0.17603313033905366,-0.7692307692307693,10
tax,10,0.2290091161470067,-0.6666666666666666,2
tax,10,0.5548418449270073,-0.3333333333333333,1
tax,10,0.5548418449270073,-0.3333333333333333,1
tax,10,0.5548418449270073,-0.3333333333333333,1
tax,10,0.5548418449270073,-0.0,0
tax,10,0.5548418449270073,-0.0,0
tax,10,0.5548418449270073,-0.3333333333333333,1
tax,10,0.0,-1.0,3
tax,10,0.5548418449270073,-0.0,0
tax,10,0.3057912208405609,-0.3333333333333333,1
tax,10,0.3057912208405609,-0.3333333333333333,1
tax,10,0.5548418449270073,-0.0,0
tax,10,0.2290091161470067,-0.6666666666666666,2
tax,10,0.5548418449270073,-0.3333333333333333,1
tax,10,0.3057912208405609,-0.6666666666666666,2
tax,10,0.2290091161470067,-0.6666666666666666,2
tax,10,0.3057912208405609,-0.3333333333333333,1
tax,10,0.5548418449270073,-0.3333333333333333,1
tax,10,0.3057912208405609,-0.3333333333333333,1
tax,10,0.5548418449270073,-0.0,0
tax,10,0.5548418449270073,-0.3333333333333333,1
tax,10,0.5548418449270073,-0.3333333333333333,1
tax,10,0.3057912208405609,-0.3333333333333333,1
tax,10,0.5548418449270073,-0.3333333333333333,1
tax,10,0.2290091161470067,-0.6666666666666666,2
tax,10,0.5548418449270073,-0.6666666666666666,2
tax,10,0.3057912208405609,-0.3333333333333333,1
tax,10,0.3057912208405609,-0.6666666666666666,2
tax,10,0.3057912208405609,-0.3333333333333333,1
tax,10,0.3057912208405609,-0.6666666666666666,2
tax,10,0.5548418449270073,-0.3333333333333333,1
tax,10,0.5548418449270073,-0.3333333333333333,1
tax,10,0.5548418449270073,-0.3333333333333333,1
tax,10,0.5548418449270073,-0.0,0
tax,10,0.3057912208405609,-0.6666666666666666,2
tax,10,0.5548418449270073,-0.6666666666666666,2
tax,10,0.5548418449270073,-0.3333333333333333,1
tax,10,0.3057912208405609,-0.3333333333333333,1
tax,10,0.5548418449270073,-0.3333333333333333,1
tax,10,0.5548418449270073,-0.3333333333333333,1
tax,10,0.3057912208405609,-0.6666666666666666,2
tax,10,0.5548418449270073,-0.3333333333333333,1
tax,10,0.5548418449270073,-0.3333333333333333,1
tax,10,0.5548418449270073,-0.3333333333333333,1
tax,10,0.5548418449270073,-0.0,0
tax,10,0.5548418449270073,-0.3333333333333333,1
tax,10,0.5548418449270073,-0.3333333333333333,1
tax,10,0.5548418449270073,-0.0,0
tax,10,0.5548418449270073,-0.3333333333333333,1
tax,10,0.5548418449270073,-0.3333333333333333,1
tax,10,0.5548418449270073,-0.3333333333333333,1
tax,10,0.3057912208405609,-0.3333333333333333,1
tax,10,0.3057912208405609,-0.3333333333333333,1
tax,10,0.5548418449270073,-0.0,0
tax,10,0.5548418449270073,-0.0,0
tax,10,0.2290091161470067,-0.6666666666666666,2
tax,10,0.5548418449270073,-0.3333333333333333,1
tax,10,0.5548418449270073,-0.3333333333333333,1
tax,10,0.5548418449270073,-0.0,0
tax,10,0.5548418449270073,-0.3333333333333333,1
tax,10,0.5548418449270073,-0.3333333333333333,1
tax,10,0.2290091161470067,-0.6666666666666666,2
tax,10,0.5548418449270073,-0.6666666666666666,2
tax,10,0.5548418449270073,-0.0,0
tax,10,0.3057912208405609,-0.6666666666666666,2
tax,10,0.3057912208405609,-0.6666666666666666,2
tax,10,0.5548418449270073,-0.3333333333333333,1
tax,10,0.3057912208405609,-0.3333333333333333,1
tax,10,0.3057912208405609,-0.6666666666666666,2
tax,10,0.2290091161470067,-0.6666666666666666,2
tax,10,0.5548418449270073,-0.3333333333333333,1
tax,10,0.3057912208405609,-0.6666666666666666,2
tax,10,0.0,-1.0,3
tax,10,0.5548418449270073,-0.6666666666666666,2
tax,10,0.5548418449270073,-0.0,0
tax,10,0.5548418449270073,-0.0,0
tax,10,0.5548418449270073,-0.6666666666666666,2
tax,10,0.3057912208405609,-0.6666666666666666,2
tax,10,0.5548418449270073,-0.3333333333333333,1
tax,10,0.3057912208405609,-0.3333333333333333,1
tax,10,0.2290091161470067,-0.6666666666666666,2
tax,10,0.2290091161470067,-0.6666666666666666,2
tax,10,0.3057912208405609,-0.6666666666666666,2
tax,10,0.3057912208405609,-0.3333333333333333,1
tax,10,0.0,-1.0,3
tax,10,0.5548418449270073,-0.0,0
tax,10,0.2290091161470067,-0.6666666666666666,2
tax,10,0.5548418449270073,-0.3333333333333333,1
tax,10,0.5548418449270073,-0.3333333333333333,1
tax,10,0.2290091161470067,-0.6666666666666666,2
tax,10,0.3057912208405609,-0.3333333333333333,1
tax,10,0.3057912208405609,-0.6666666666666666,2
tax,10,0.3057912208405609,-0.3333333333333333,1
tax,10,0.5548418449270073,-0.3333333333333333,1
tax,10,0.5548418449270073,-0.6666666666666666,2
tax,10,0.0,-1.0,3
tax,10,0.5548418449270073,-0.3333333333333333,1
tax,10,0.5548418449270073,-0.3333333333333333,1
tax,10,0.5548418449270073,-0.3333333333333333,1
tax,10,0.5548418449270073,-0.3333333333333333,1
