dataset,lambda,leakage,utility,mask_size
airport,100,0.22337399647872114,-0.16666666666666666,1
airport,100,0.05010955345870127,-0.5,3
airport,100,0.22337399647872114,-0.3333333333333333,2
airport,100,0.22337399647872114,-0.16666666666666666,1
airport,100,0.22337399647872114,-0.16666666666666666,1
airport,100,0.03592524660768637,-0.5,3
airport,100,0.03592524660768637,-0.16666666666666666,1
airport,100,0.22337399647872114,-0.16666666666666666,1
airport,100,0.22337399647872114,-0.16666666666666666,1
airport,100,0.03592524660768637,-0.16666666666666666,1
airport,100,0.22337399647872114,-0.3333333333333333,2
airport,100,0.03592524660768637,-0.3333333333333333,2
airport,100,0.03592524660768637,-0.16666666666666666,1
airport,100,0.03592524660768637,-0.5,3
airport,100,0.22337399647872114,-0.16666666666666666,1
airport,100,0.22337399647872114,-0.3333333333333333,2
airport,100,0.03592524660768637,-0.3333333333333333,2
airport,100,0.0008907266304110095,-0.8333333333333334,5
airport,100,0.03592524660768637,-0.5,3
airport,100,0.22337399647872114,-0.5,3
airport,100,0.03592524660768637,-0.3333333333333333,2
airport,100,0.22337399647872114,-0.0,0
airport,100,0.03592524660768637,-0.5,3
airport,100,0.05010955345870127,-0.3333333333333333,2
airport,100,0.013132038880604324,-0.5,3
airport,100,0.22337399647872114,-0.16666666666666666,1
airport,100,0.22337399647872114,-0.5,3
airport,100,0.22337399647872114,-0.3333333333333333,2
airport,100,0.22337399647872114,-0.16666666666666666,1
airport,100,0.22337399647872114,-0.16666666666666666,1
airport,100,0.03592524660768637,-0.3333333333333333,2
airport,100,0.22337399647872114,-0.0,0
airport,100,0.22337399647872114,-0.3333333333333333,2
airport,100,0.22337399647872114,-0.5,3
airport,100,0.22337399647872114,-0.5,3
airport,100,0.05010955345870127,-0.6666666666666666,4
airport,100,0.22337399647872114,-0.16666666666666666,1
airport,100,0.003306804705818678,-0.6666666666666666,4
airport,100,0.03592524660768637,-0.3333333333333333,2
airport,100,0.03592524660768637,-0.5,3
airport,100,0.22337399647872114,-0.16666666666666666,1
airport,100,0.03592524660768637,-0.16666666666666666,1
airport,100,0.05010955345870127,-0.5,3
airport,100,0.03592524660768637,-0.5,3
airport,100,0.013132038880604324,-0.6666666666666666,4
airport,100,0.22337399647872114,-0.16666666666666666,1
airport,100,0.22337399647872114,-0.5,3
airport,100,0.05010955345870127,-0.5,3
airport,100,0.05010955345870127,-0.3333333333333333,2
airport,100,0.013132038880604324,-0.5,3
airport,100,0.22337399647872114,-0.16666666666666666,1
airport,100,0.05853885744745513,-0.5,3
airport,100,0.03592524660768637,-0.5,3
airport,100,0.05010955345870127,-0.5,3
airport,100,0.22337399647872114,-0.16666666666666666,1
airport,100,0.22337399647872114,-0.16666666666666666,1
airport,100,0.22337399647872114,-0.3333333333333333,2
airport,100,0.0,-0.6666666666666666,4
airport,100,0.05853885744745513,-0.5,3
airport,100,0.05010955345870127,-0.5,3
airport,100,0.05853885744745513,-0.5,3
airport,100,0.03592524660768637,-0.16666666666666666,1
airport,100,0.05010955345870127,-0.6666666666666666,4
airport,100,0.05853885744745513,-0.5,3
airport,100,0.013132038880604324,-0.5,3
airport,100,0.003306804705818678,-0.6666666666666666,4
airport,100,0.22337399647872114,-0.16666666666666666,1
airport,100,0.05010955345870127,-0.3333333333333333,2
airport,100,0.22337399647872114,-0.5,3
airport,100,0.0,-0.6666666666666666,4
airport,100,0.03592524660768637,-0.5,3
airport,100,0.05010955345870127,-0.5,3
airport,100,0.05010955345870127,-0.3333333333333333,2
airport,100,0.22337399647872114,-0.3333333333333333,2
airport,100,0.03592524660768637,-0.3333333333333333,2
airport,100,0.22337399647872114,-0.16666666666666666,1
airport,100,0.009414806213275395,-0.3333333333333333,2
airport,100,0.008222647309668152,-0.6666666666666666,4
airport,100,0.03592524660768637,-0.3333333333333333,2
airport,100,0.051126318247808444,-0.5,3
airport,100,0.015768127809462573,-0.8333333333333334,5
airport,100,0.22337399647872114,-0.16666666666666666,1
airport,100,0.22337399647872114,-0.3333333333333333,2
airport,100,0.03592524660768637,-0.16666666666666666,1
airport,100,0.03592524660768637,-0.3333333333333333,2
airport,100,0.05853885744745513,-0.6666666666666666,4
airport,100,0.22337399647872114,-0.0,0
airport,100,0.05010955345870127,-0.5,3
airport,100,0.22337399647872114,-0.16666666666666666,1
airport,100,0.05010955345870127,-0.3333333333333333,2
airport,100,0.22337399647872114,-0.16666666666666666,1
airport,100,0.22337399647872114,-0.5,3
airport,100,0.22337399647872114,-0.3333333333333333,2
airport,100,0.22337399647872114,-0.3333333333333333,2
airport,100,0.03592524660768637,-0.16666666666666666,1
airport,100,0.22337399647872114,-0.3333333333333333,2
airport,100,0.03592524660768637,-0.6666666666666666,4
airport,100,0.05010955345870127,-0.5,3
airport,100,0.22337399647872114,-0.3333333333333333,2
airport,100,0.05010955345870127,-0.5,3
hospital,100,0.6623992294064142,-0.3,3
hospital,100,0.6090400455538584,-0.2,2
hospital,100,0.6090400455538584,-0.4,4
hospital,100,0.46992211475481305,-0.4,4
hospital,100,0.6623992294064142,-0.2,2
hospital,100,0.6623992294064142,-0.4,4
hospital,100,0.5206608604337979,-0.5,5
hospital,100,0.44440927545847886,-0.8,8
hospital,100,0.6623992294064142,-0.4,4
hospital,100,0.458343505445294,-0.7,7
hospital,100,0.5468475106079831,-0.2,2
hospital,100,0.24175913958548945,-0.4,4
hospital,100,0.5202376749670268,-0.3,3
hospital,100,0.44440927545847886,-0.5,5
hospital,100,0.6623992294064142,-0.1,1
hospital,100,0.6090400455538584,-0.4,4
hospital,100,0.6623992294064142,-0.3,3
hospital,100,0.6090400455538584,-0.3,3
hospital,100,0.6623992294064142,-0.1,1
hospital,100,0.5860822545816282,-0.4,4
hospital,100,0.5860822545816282,-0.3,3
hospital,100,0.6086948858179753,-0.2,2
hospital,100,0.6090400455538584,-0.2,2
hospital,100,0.6623992294064142,-0.2,2
hospital,100,0.6090400455538584,-0.5,5
hospital,100,0.6090400455538584,-0.4,4
hospital,100,0.6623992294064142,-0.3,3
hospital,100,0.6086948858179753,-0.2,2
hospital,100,0.44440927545847886,-0.6,6
hospital,100,0.385599188513301,-0.5,5
hospital,100,0.5422684587046469,-0.3,3
hospital,100,0.5422684587046469,-0.2,2
hospital,100,0.6623992294064142,-0.0,0
hospital,100,0.5422684587046469,-0.2,2
hospital,100,0.5860822545816282,-0.3,3
hospital,100,0.6623992294064142,-0.3,3
hospital,100,0.3592419527878562,-0.3,3
hospital,100,0.385599188513301,-0.5,5
hospital,100,0.458343505445294,-0.3,3
hospital,100,0.6623992294064142,-0.4,4
hospital,100,0.3592419527878562,-0.7,7
hospital,100,0.6086948858179753,-0.3,3
hospital,100,0.2902622119955647,-0.7,7
hospital,100,0.44440927545847886,-0.7,7
hospital,100,0.5422684587046469,-0.2,2
hospital,100,0.5202376749670268,-0.3,3
hospital,100,0.5468475106079831,-0.3,3
hospital,100,0.6090400455538584,-0.2,2
hospital,100,0.24175913958548945,-0.3,3
hospital,100,0.6623992294064142,-0.1,1
hospital,100,0.5206608604337979,-0.6,6
hospital,100,0.3592419527878562,-0.4,4
hospital,100,0.5422684587046469,-0.5,5
hospital,100,0.6623992294064142,-0.4,4
hospital,100,0.5422684587046469,-0.3,3
hospital,100,0.2629936790618288,-0.4,4
hospital,100,0.5202376749670268,-0.5,5
hospital,100,0.5202376749670268,-0.5,5
hospital,100,0.5422684587046469,-0.2,2
hospital,100,0.6090400455538584,-0.3,3
hospital,100,0.24175913958548945,-0.3,3
hospital,100,0.24175913958548945,-0.4,4
hospital,100,0.24175913958548945,-0.6,6
hospital,100,0.5860822545816282,-0.3,3
hospital,100,0.6086948858179753,-0.4,4
hospital,100,0.5422684587046469,-0.4,4
hospital,100,0.6090400455538584,-0.3,3
hospital,100,0.5206608604337979,-0.5,5
hospital,100,0.6623992294064142,-0.2,2
hospital,100,0.5206608604337979,-0.3,3
hospital,100,0.5422684587046469,-0.3,3
hospital,100,0.5860822545816282,-0.3,3
hospital,100,0.5468475106079831,-0.4,4
hospital,100,0.458343505445294,-0.3,3
hospital,100,0.6090400455538584,-0.4,4
hospital,100,0.5860822545816282,-0.2,2
hospital,100,0.3592419527878562,-0.7,7
hospital,100,0.5206608604337979,-0.3,3
hospital,100,0.5202376749670268,-0.4,4
hospital,100,0.6623992294064142,-0.1,1
hospital,100,0.385599188513301,-0.4,4
hospital,100,0.6090400455538584,-0.4,4
hospital,100,0.458343505445294,-0.4,4
hospital,100,0.385599188513301,-0.5,5
hospital,100,0.44440927545847886,-0.3,3
hospital,100,0.46992211475481305,-0.6,6
hospital,100,0.5422684587046469,-0.3,3
hospital,100,0.5860822545816282,-0.2,2
hospital,100,0.24175913958548945,-0.6,6
hospital,100,0.46992211475481305,-0.4,4
hospital,100,0.458343505445294,-0.5,5
hospital,100,0.6090400455538584,-0.4,4
hospital,100,0.5422684587046469,-0.6,6
hospital,100,0.6090400455538584,-0.3,3
hospital,100,0.5206608604337979,-0.5,5
hospital,100,0.6623992294064142,-0.1,1
hospital,100,0.5860822545816282,-0.3,3
hospital,100,0.458343505445294,-0.4,4
hospital,100,0.46992211475481305,-0.5,5
hospital,100,0.3166049127277152,-0.6,6
adult,100,0.39669221622365947,-0.25,3
adult,100,0.11188224640593136,-0.4166666666666667,5
adult,100,0.12520878807357239,-0.16666666666666666,2
adult,100,0.27142142629317934,-0.3333333333333333,4
adult,100,0.3539186306232933,-0.4166666666666667,5
adult,100,0.05999190852233105,-0.5833333333333334,7
adult,100,0.062180243068847285,-0.5833333333333334,7
adult,100,0.49122554744404323,-0.25,3
adult,100,0.062180243068847285,-0.5833333333333334,7
adult,100,0.07123114870903602,-0.25,3
adult,100,0.3100347519083644,-0.5,6
adult,100,0.3878268224287339,-0.16666666666666666,2
adult,100,0.17232769257305858,-0.4166666666666667,5
adult,100,0.1897803335009849,-0.5,6
adult,100,0.459832406379585,-0.25,3
adult,100,0.07214991607853904,-0.3333333333333333,4
adult,100,0.40803444525214194,-0.25,3
adult,100,0.07123114870903602,-0.4166666666666667,5
adult,100,0.32476982573675917,-0.4166666666666667,5
adult,100,0.36374189061071316,-0.25,3
adult,100,0.39669221622365947,-0.3333333333333333,4
adult,100,0.36723085877360395,-0.25,3
adult,100,0.3360785467168711,-0.4166666666666667,5
adult,100,0.11596560457545335,-0.4166666666666667,5
adult,100,0.3878268224287339,-0.16666666666666666,2
adult,100,0.35802046232383233,-0.3333333333333333,4
adult,100,0.27142142629317934,-0.08333333333333333,1
adult,100,0.10891035556900719,-0.25,3
adult,100,0.3292430677445122,-0.4166666666666667,5
adult,100,0.21829232398914267,-0.4166666666666667,5
adult,100,0.2607152226933749,-0.16666666666666666,2
adult,100,0.2607152226933749,-0.25,3
adult,100,0.3534235948150932,-0.25,3
adult,100,0.17232769257305858,-0.16666666666666666,2
adult,100,0.062180243068847285,-0.5833333333333334,7
adult,100,0.3520720543573125,-0.4166666666666667,5
adult,100,0.22646561173524504,-0.25,3
adult,100,0.21477061286472454,-0.4166666666666667,5
adult,100,0.4837492874056374,-0.3333333333333333,4
adult,100,0.08417342038895492,-0.5,6
adult,100,0.07180028703747676,-0.5,6
adult,100,0.13081645744363246,-0.3333333333333333,4
adult,100,0.38912364978807834,-0.25,3
adult,100,0.36697094065329483,-0.4166666666666667,5
adult,100,0.2142315349907158,-0.5,6
adult,100,0.49122554744404323,-0.3333333333333333,4
adult,100,0.3723981732008067,-0.25,3
adult,100,0.13081645744363246,-0.4166666666666667,5
adult,100,0.152289551106487,-0.3333333333333333,4
adult,100,0.014213320357860049,-0.6666666666666666,8
adult,100,0.459832406379585,-0.25,3
adult,100,0.07123114870903602,-0.3333333333333333,4
adult,100,0.13038062625301994,-0.5,6
adult,100,0.38912364978807834,-0.16666666666666666,2
adult,100,0.4516656596995132,-0.25,3
adult,100,0.40803444525214194,-0.4166666666666667,5
adult,100,0.1524620991231389,-0.3333333333333333,4
adult,100,0.35056182165240424,-0.5,6
adult,100,0.21829232398914267,-0.3333333333333333,4
adult,100,0.08084605979788206,-0.5,6
adult,100,0.31280475967658716,-0.5833333333333334,7
adult,100,0.49122554744404323,-0.08333333333333333,1
adult,100,0.13899892210768638,-0.4166666666666667,5
adult,100,0.07123114870903602,-0.4166666666666667,5
adult,100,0.39669221622365947,-0.16666666666666666,2
adult,100,0.38912364978807834,-0.25,3
adult,100,0.31771655017054434,-0.5,6
adult,100,0.35019349907016817,-0.5,6
adult,100,0.21895264837991157,-0.4166666666666667,5
adult,100,0.1864234962965302,-0.25,3
adult,100,0.12520878807357239,-0.5,6
adult,100,0.055067916684298,-0.5833333333333334,7
adult,100,0.06418117354545683,-0.5,6
adult,100,0.3503334421753367,-0.5,6
adult,100,0.2607152226933749,-0.3333333333333333,4
adult,100,0.27142142629317934,-0.3333333333333333,4
adult,100,0.17232769257305858,-0.16666666666666666,2
adult,100,0.4516656596995132,-0.25,3
adult,100,0.17782711717089983,-0.4166666666666667,5
adult,100,0.4837492874056374,-0.16666666666666666,2
adult,100,0.06199637574091432,-0.4166666666666667,5
adult,100,0.2607152226933749,-0.25,3
adult,100,0.07123114870903602,-0.4166666666666667,5
adult,100,0.11610140683112824,-0.4166666666666667,5
adult,100,0.12520878807357239,-0.3333333333333333,4
adult,100,0.16016534172028907,-0.4166666666666667,5
adult,100,0.49122554744404323,-0.16666666666666666,2
adult,100,0.07123114870903602,-0.5833333333333334,7
adult,100,0.2607152226933749,-0.25,3
adult,100,0.07123114870903602,-0.4166666666666667,5
adult,100,0.49122554744404323,-0.0,0
adult,100,0.3131952409342753,-0.3333333333333333,4
adult,100,0.4400981151104615,-0.4166666666666667,5
adult,100,0.459832406379585,-0.25,3
adult,100,0.1160164912849243,-0.5,6
adult,100,0.07123114870903602,-0.5833333333333334,7
adult,100,0.2607152226933749,-0.4166666666666667,5
adult,100,0.4400981151104615,-0.3333333333333333,4
adult,100,0.152289551106487,-0.5,6
adult,100,0.3526322569387699,-0.25,3
flight,100,0.1689864093151694,-0.3076923076923077,4
flight,100,0.13051054943857365,-0.46153846153846156,6
flight,100,0.1689864093151694,-0.38461538461538464,5
flight,100,0.18094116044347042,-0.46153846153846156,6
flight,100,0.17632192147614734,-0.5384615384615384,7
flight,100,0.17632192147614734,-0.3076923076923077,4
flight,100,0.08907123541814055,-0.5384615384615384,7
flight,100,0.17632192147614734,-0.6153846153846154,8
flight,100,0.08907123541814055,-0.7692307692307693,10
flight,100,0.17632192147614734,-0.23076923076923078,3
flight,100,0.2455785165522859,-0.6923076923076923,9
flight,100,0.13514845205100667,-0.6923076923076923,9
flight,100,0.13514845205100667,-0.3076923076923077,4
flight,100,0.24980936013667854,-0.6153846153846154,8
flight,100,0.1689864093151694,-0.38461538461538464,5
flight,100,0.1689864093151694,-0.46153846153846156,6
flight,100,0.18094116044347042,-0.5384615384615384,7
flight,100,0.13514845205100667,-0.5384615384615384,7
flight,100,0.18094116044347042,-0.38461538461538464,5
flight,100,0.0,-0.8461538461538461,11
flight,100,0.2455785165522859,-0.6153846153846154,8
flight,100,0.24980936013667854,-0.6153846153846154,8
flight,100,0.13514845205100667,-0.6923076923076923,9
flight,100,0.13514845205100667,-0.5384615384615384,7
flight,100,0.13051054943857365,-0.5384615384615384,7
flight,100,0.13818569520024426,-0.6153846153846154,8
flight,100,0.17632192147614734,-0.38461538461538464,5
flight,100,0.17632192147614734,-0.23076923076923078,3
flight,100,0.08907123541814055,-0.6923076923076923,9
flight,100,0.1689864093151694,-0.23076923076923078,3
flight,100,0.13818569520024426,-0.46153846153846156,6
flight,100,0.13051054943857365,-0.5384615384615384,7
flight,100,0.18094116044347042,-0.5384615384615384,7
flight,100,0.08907123541814055,-0.6153846153846154,8
flight,100,0.2455785165522859,-0.6153846153846154,8
flight,100,0.13818569520024426,-0.5384615384615384,7
flight,100,0.17632192147614734,-0.46153846153846156,6
flight,100,0.13818569520024426,-0.6153846153846154,8
flight,100,0.1689864093151694,-0.6153846153846154,8
flight,100,0.12744625720955838,-0.5384615384615384,7
flight,100,0.17632192147614734,-0.46153846153846156,6
flight,100,0.18094116044347042,-0.46153846153846156,6
flight,100,0.08907123541814055,-0.5384615384615384,7
flight,100,0.17632192147614734,-0.23076923076923078,3
flight,100,0.24980936013667854,-0.6153846153846154,8
flight,100,0.13818569520024426,-0.5384615384615384,7
flight,100,0.13051054943857365,-0.46153846153846156,6
flight,100,0.13514845205100667,-0.6923076923076923,9
flight,100,0.08907123541814055,-0.5384615384615384,7
flight,100,0.17632192147614734,-0.38461538461538464,5
flight,100,0.13051054943857365,-0.5384615384615384,7
flight,100,0.13818569520024426,-0.38461538461538464,5
flight,100,0.13818569520024426,-0.46153846153846156,6
flight,100,0.12744625720955838,-0.5384615384615384,7
flight,100,0.17632192147614734,-0.38461538461538464,5
flight,100,0.1689864093151694,-0.6923076923076923,9
flight,100,0.1689864093151694,-0.5384615384615384,7
flight,100,0.13818569520024426,-0.23076923076923078,3
flight,100,0.18094116044347042,-0.46153846153846156,6
flight,100,0.18094116044347042,-0.38461538461538464,5
flight,100,0.18094116044347042,-0.38461538461538464,5
flight,100,0.17632192147614734,-0.5384615384615384,7
flight,100,0.17632192147614734,-0.3076923076923077,4
flight,100,0.1689864093151694,-0.38461538461538464,5
flight,100,0.17632192147614734,-0.5384615384615384,7
flight,100,0.2455785165522859,-0.6923076923076923,9
flight,100,0.13051054943857365,-0.5384615384615384,7
flight,100,0.1689864093151694,-0.5384615384615384,7
flight,100,0.13051054943857365,-0.6153846153846154,8
flight,100,0.17632192147614734,-0.5384615384615384,7
flight,100,0.17632192147614734,-0.38461538461538464,5
flight,100,0.24980936013667854,-0.46153846153846156,6
flight,100,0.13818569520024426,-0.38461538461538464,5
flight,100,0.17632192147614734,-0.46153846153846156,6
flight,100,0.18094116044347042,-0.46153846153846156,6
flight,100,0.24980936013667854,-0.6923076923076923,9
flight,100,0.08907123541814055,-0.38461538461538464,5
flight,100,0.13818569520024426,-0.46153846153846156,6
flight,100,0.1689864093151694,-0.46153846153846156,6
flight,100,0.13514845205100667,-0.46153846153846156,6
flight,100,0.13514845205100667,-0.46153846153846156,6
flight,100,0.17632192147614734,-0.23076923076923078,3
flight,100,0.12744625720955838,-0.6153846153846154,8
flight,100,0.13514845205100667,-0.5384615384615384,7
flight,100,0.24980936013667854,-0.6153846153846154,8
flight,100,0.13818569520024426,-0.3076923076923077,4
flight,100,0.13051054943857365,-0.6923076923076923,9
flight,100,0.1689864093151694,-0.5384615384615384,7
flight,100,0.13818569520024426,-0.5384615384615384,7
flight,100,0.1760394759225462,-0.5384615384615384,7
flight,100,0.24980936013667854,-0.5384615384615384,7
flight,100,0.13514845205100667,-0.5384615384615384,7
flight,100,0.18094116044347042,-0.5384615384615384,7
flight,100,0.13514845205100667,-0.6153846153846154,8
flight,100,0.13514845205100667,-0.5384615384615384,7
flight,100,0.13051054943857365,-0.46153846153846156,6
flight,100,0.18094116044347042,-0.6153846153846154,8
flight,100,0.17632192147614734,-0.38461538461538464,5
flight,100,0.18094116044347042,-0.6923076923076923,9
flight,100,0.17632192147614734,-0.38461538461538464,5
tax,100,0.3057912208405609,-0.3333333333333333,1
tax,100,0.3057912208405609,-0.6666666666666666,2
tax,100,0.5548418449270073,-0.3333333333333333,1
tax,100,0.5548418449270073,-0.3333333333333333,1
tax,100,0.3057912208405609,-0.6666666666666666,2
tax,100,0.5548418449270073,-0.0,0
tax,100,0.2290091161470067,-0.6666666666666666,2
tax,100,0.2290091161470067,-0.6666666666666666,2
tax,100,0.5548418449270073,-0.3333333333333333,1
tax,100,0.2290091161470067,-0.6666666666666666,2
tax,100,0.5548418449270073,-0.6666666666666666,2
tax,100,0.5548418449270073,-0.3333333333333333,1
tax,100,0.5548418449270073,-0.0,0
tax,100,0.5548418449270073,-0.3333333333333333,1
tax,100,0.5548418449270073,-0.3333333333333333,1
tax,100,0.5548418449270073,-0.3333333333333333,1
tax,100,0.5548418449270073,-0.3333333333333333,1
tax,100,0.5548418449270073,-0.3333333333333333,1
tax,100,0.3057912208405609,-0.3333333333333333,1
tax,100,0.5548418449270073,-0.0,0
tax,100,0.5548418449270073,-0.0,0
tax,100,0.5548418449270073,-0.3333333333333333,1
tax,100,0.5548418449270073,-0.3333333333333333,1
tax,100,0.5548418449270073,-0.0,0
tax,100,0.2290091161470067,-0.6666666666666666,2
tax,100,0.3057912208405609,-0.3333333333333333,1
tax,100,0.2290091161470067,-0.6666666666666666,2
tax,100,0.5548418449270073,-0.0,0
tax,100,0.5548418449270073,-0.0,0
tax,100,0.5548418449270073,-0.0,0
tax,100,0.0,-1.0,3
tax,100,0.5548418449270073,-0.3333333333333333,1
tax,100,0.2290091161470067,-0.6666666666666666,2
tax,100,0.3057912208405609,-0.3333333333333333,1
tax,100,0.5548418449270073,-0.3333333333333333,1
tax,100,0.3057912208405609,-0.3333333333333333,1
tax,100,0.0,-1.0,3
tax,100,0.5548418449270073,-0.0,0
tax,100,0.5548418449270073,-0.3333333333333333,1
tax,100,0.2290091161470067,-0.6666666666666666,2
tax,100,0.5548418449270073,-0.6666666666666666,2
tax,100,0.5548418449270073,-0.3333333333333333,1
tax,100,0.5548418449270073,-0.3333333333333333,1
tax,100,0.5548418449270073,-0.0,0
tax,100,0.5548418449270073,-0.0,0
tax,100,0.3057912208405609,-0.3333333333333333,1
tax,100,0.5548418449270073,-0.3333333333333333,1
tax,100,0.5548418449270073,-0.3333333333333333,1
tax,100,0.5548418449270073,-0.0,0
tax,100,0.5548418449270073,-0.0,0
tax,100,0.3057912208405609,-0.6666666666666666,2
tax,100,0.5548418449270073,-0.3333333333333333,1
tax,100,0.5548418449270073,-0.3333333333333333,1
tax,100,0.5548418449270073,-0.0,0
tax,100,0.5548418449270073,-0.0,0
tax,100,0.3057912208405609,-0.6666666666666666,2
tax,100,0.0,-1.0,3
tax,100,0.5548418449270073,-0.3333333333333333,1
tax,100,0.5548418449270073,-0.3333333333333333,1
tax,100,0.5548418449270073,-0.3333333333333333,1
tax,100,0.5548418449270073,-0.0,0
tax,100,0.5548418449270073,-0.6666666666666666,2
tax,100,0.3057912208405609,-0.3333333333333333,1
tax,100,0.5548418449270073,-0.3333333333333333,1
tax,100,0.5548418449270073,-0.0,0
tax,100,0.5548418449270073,-0.0,0
tax,100,0.3057912208405609,-0.6666666666666666,2
tax,100,0.3057912208405609,-0.3333333333333333,1
tax,100,0.0,-1.0,3
tax,100,0.5548418449270073,-0.0,0
tax,100,0.5548418449270073,-0.3333333333333333,1
tax,100,0.5548418449270073,-0.3333333333333333,1
tax,100,0.5548418449270073,-0.0,0
tax,100,0.5548418449270073,-0.0,0
tax,100,0.5548418449270073,-0.6666666666666666,2
tax,100,0.2290091161470067,-0.6666666666666666,2
tax,100,0.5548418449270073,-0.6666666666666666,2
tax,100,0.5548418449270073,-0.6666666666666666,2
tax,100,0.5548418449270073,-0.3333333333333333,1
tax,100,0.5548418449270073,-0.3333333333333333,1
tax,100,0.5548418449270073,-0.0,0
tax,100,0.5548418449270073,-0.0,0
tax,100,0.3057912208405609,-0.6666666666666666,2
tax,100,0.0,-1.0,3
tax,100,0.3057912208405609,-0.3333333333333333,1
tax,100,0.5548418449270073,-0.0,0
tax,100,0.5548418449270073,-0.0,0
tax,100,0.0,-1.0,3
tax,100,0.5548418449270073,-0.0,0
tax,100,0.0,-1.0,3
tax,100,0.5548418449270073,-0.3333333333333333,1
tax,100,0.5548418449270073,-0.3333333333333333,1
tax,100,0.2290091161470067,-0.6666666666666666,2
tax,100,0.3057912208405609,-0.6666666666666666,2
tax,100,0.5548418449270073,-0.0,0
tax,100,0.5548418449270073,-0.0,0
tax,100,0.5548418449270073,-0.3333333333333333,1
tax,100,0.5548418449270073,-0.3333333333333333,1
tax,100,0.2290091161470067,-0.6666666666666666,2
tax,100,0.2290091161470067,-0.6666666666666666,2
