dataset,lambda,leakage,utility,mask_size
airport,1,0.05010955345870127,-0.5,3
airport,1,0.22337399647872114,-0.3333333333333333,2
airport,1,0.22337399647872114,-0.3333333333333333,2
airport,1,0.003609042830710618,-0.8333333333333334,5
airport,1,0.03592524660768637,-0.16666666666666666,1
airport,1,0.03592524660768637,-0.3333333333333333,2
airport,1,0.22337399647872114,-0.5,3
airport,1,0.22337399647872114,-0.0,0
airport,1,0.009414806213275395,-0.3333333333333333,2
airport,1,0.009414806213275395,-0.3333333333333333,2
airport,1,0.03592524660768637,-0.3333333333333333,2
airport,1,0.05010955345870127,-0.3333333333333333,2
airport,1,0.008222647309668152,-0.6666666666666666,4
airport,1,0.22337399647872114,-0.16666666666666666,1
airport,1,0.03592524660768637,-0.3333333333333333,2
airport,1,0.03592524660768637,-0.3333333333333333,2
airport,1,0.22337399647872114,-0.16666666666666666,1
airport,1,0.03592524660768637,-0.16666666666666666,1
airport,1,0.22337399647872114,-0.16666666666666666,1
airport,1,0.03592524660768637,-0.16666666666666666,1
airport,1,0.22337399647872114,-0.3333333333333333,2
airport,1,0.22337399647872114,-0.16666666666666666,1
airport,1,0.0,-0.6666666666666666,4
airport,1,0.22337399647872114,-0.0,0
airport,1,0.22337399647872114,-0.3333333333333333,2
airport,1,0.03592524660768637,-0.5,3
airport,1,0.03592524660768637,-0.16666666666666666,1
airport,1,0.008222647309668152,-0.5,3
airport,1,0.03592524660768637,-0.5,3
airport,1,0.03592524660768637,-0.5,3
airport,1,0.05010955345870127,-0.5,3
airport,1,0.009414806213275395,-0.5,3
airport,1,0.22337399647872114,-0.5,3
airport,1,0.22337399647872114,-0.5,3
airport,1,0.009414806213275395,-0.6666666666666666,4
airport,1,0.22337399647872114,-0.5,3
airport,1,0.22337399647872114,-0.0,0
airport,1,0.03592524660768637,-0.3333333333333333,2
airport,1,0.05010955345870127,-0.5,3
airport,1,0.03592524660768637,-0.3333333333333333,2
airport,1,0.05010955345870127,-0.5,3
airport,1,0.03592524660768637,-0.3333333333333333,2
airport,1,0.22337399647872114,-0.3333333333333333,2
airport,1,0.22337399647872114,-0.16666666666666666,1
airport,1,0.03592524660768637,-0.16666666666666666,1
airport,1,0.22337399647872114,-0.0,0
airport,1,0.03592524660768637,-0.3333333333333333,2
airport,1,0.22337399647872114,-0.5,3
airport,1,0.03592524660768637,-0.5,3
airport,1,0.051126318247808444,-0.6666666666666666,4
airport,1,0.03592524660768637,-0.6666666666666666,4
airport,1,0.22337399647872114,-0.16666666666666666,1
airport,1,0.003306804705818678,-0.6666666666666666,4
airport,1,0.05853885744745513,-0.6666666666666666,4
airport,1,0.03592524660768637,-0.3333333333333333,2
airport,1,0.03592524660768637,-0.6666666666666666,4
airport,1,0.03592524660768637,-0.3333333333333333,2
airport,1,0.22337399647872114,-0.16666666666666666,1
airport,1,0.22337399647872114,-0.6666666666666666,4
airport,1,0.03592524660768637,-0.3333333333333333,2
airport,1,0.05853885744745513,-0.6666666666666666,4
airport,1,0.05010955345870127,-0.3333333333333333,2
airport,1,0.22337399647872114,-0.3333333333333333,2
airport,1,0.03592524660768637,-0.16666666666666666,1
airport,1,0.03592524660768637,-0.5,3
airport,1,0.22337399647872114,-0.3333333333333333,2
airport,1,0.05853885744745513,-0.5,3
airport,1,0.22337399647872114,-0.3333333333333333,2
airport,1,0.03592524660768637,-0.3333333333333333,2
airport,1,0.03592524660768637,-0.16666666666666666,1
airport,1,0.22337399647872114,-0.3333333333333333,2
airport,1,0.051126318247808444,-0.5,3
airport,1,0.03592524660768637,-0.3333333333333333,2
airport,1,0.03592524660768637,-0.5,3
airport,1,0.05853885744745513,-0.6666666666666666,4
airport,1,0.03592524660768637,-0.5,3
airport,1,0.013132038880604324,-0.6666666666666666,4
airport,1,0.22337399647872114,-0.3333333333333333,2
airport,1,0.03592524660768637,-0.3333333333333333,2
airport,1,0.22337399647872114,-0.5,3
airport,1,0.22337399647872114,-0.16666666666666666,1
airport,1,0.22337399647872114,-0.0,0
airport,1,0.22337399647872114,-0.3333333333333333,2
airport,1,0.03592524660768637,-0.3333333333333333,2
airport,1,0.03592524660768637,-0.16666666666666666,1
airport,1,0.013132038880604324,-0.5,3
airport,1,0.22337399647872114,-0.3333333333333333,2
airport,1,0.03592524660768637,-0.3333333333333333,2
airport,1,0.05853885744745513,-0.6666666666666666,4
airport,1,0.22337399647872114,-0.16666666666666666,1
airport,1,0.22337399647872114,-0.16666666666666666,1
airport,1,0.03592524660768637,-0.3333333333333333,2
airport,1,0.22337399647872114,-0.16666666666666666,1
airport,1,0.22337399647872114,-0.3333333333333333,2
airport,1,0.22337399647872114,-0.3333333333333333,2
airport,1,0.03592524660768637,-0.6666666666666666,4
airport,1,0.22337399647872114,-0.6666666666666666,4
airport,1,0.009414806213275395,-0.5,3
airport,1,0.05010955345870127,-0.3333333333333333,2
airport,1,0.22337399647872114,-0.3333333333333333,2
hospital,1,0.6090400455538584,-0.1,1
hospital,1,0.6090400455538584,-0.2,2
hospital,1,0.6090400455538584,-0.5,5
hospital,1,0.5860822545816282,-0.5,5
hospital,1,0.6623992294064142,-0.3,3
hospital,1,0.5206608604337979,-0.4,4
hospital,1,0.458343505445294,-0.5,5
hospital,1,0.5202376749670268,-0.3,3
hospital,1,0.5422684587046469,-0.2,2
hospital,1,0.5202376749670268,-0.4,4
hospital,1,0.6623992294064142,-0.2,2
hospital,1,0.26303652729247295,-0.5,5
hospital,1,0.6090400455538584,-0.5,5
hospital,1,0.5468475106079831,-0.3,3
hospital,1,0.5202376749670268,-0.6,6
hospital,1,0.3592419527878562,-0.7,7
hospital,1,0.5206608604337979,-0.3,3
hospital,1,0.6623992294064142,-0.2,2
hospital,1,0.5860822545816282,-0.3,3
hospital,1,0.3592419527878562,-0.5,5
hospital,1,0.6086948858179753,-0.2,2
hospital,1,0.6090400455538584,-0.4,4
hospital,1,0.5202376749670268,-0.5,5
hospital,1,0.6623992294064142,-0.3,3
hospital,1,0.46992211475481305,-0.3,3
hospital,1,0.6623992294064142,-0.3,3
hospital,1,0.6086948858179753,-0.2,2
hospital,1,0.6623992294064142,-0.2,2
hospital,1,0.46992211475481305,-0.2,2
hospital,1,0.5468475106079831,-0.6,6
hospital,1,0.6623992294064142,-0.2,2
hospital,1,0.3592419527878562,-0.3,3
hospital,1,0.5422684587046469,-0.2,2
hospital,1,0.6090400455538584,-0.1,1
hospital,1,0.385599188513301,-0.5,5
hospital,1,0.46992211475481305,-0.6,6
hospital,1,0.44440927545847886,-0.5,5
hospital,1,0.6090400455538584,-0.5,5
hospital,1,0.5206608604337979,-0.7,7
hospital,1,0.3592419527878562,-0.4,4
hospital,1,0.6623992294064142,-0.0,0
hospital,1,0.5860822545816282,-0.4,4
hospital,1,0.5202376749670268,-0.5,5
hospital,1,0.5860822545816282,-0.3,3
hospital,1,0.5206608604337979,-0.4,4
hospital,1,0.6086948858179753,-0.5,5
hospital,1,0.3592419527878562,-0.3,3
hospital,1,0.24175913958548945,-0.6,6
hospital,1,0.6623992294064142,-0.2,2
hospital,1,0.5206608604337979,-0.4,4
hospital,1,0.6623992294064142,-0.4,4
hospital,1,0.6623992294064142,-0.3,3
hospital,1,0.5468475106079831,-0.5,5
hospital,1,0.46992211475481305,-0.4,4
hospital,1,0.6086948858179753,-0.1,1
hospital,1,0.458343505445294,-0.4,4
hospital,1,0.3592419527878562,-0.5,5
hospital,1,0.46992211475481305,-0.3,3
hospital,1,0.385599188513301,-0.7,7
hospital,1,0.5468475106079831,-0.3,3
hospital,1,0.3592419527878562,-0.4,4
hospital,1,0.46992211475481305,-0.3,3
hospital,1,0.5202376749670268,-0.3,3
hospital,1,0.5860822545816282,-0.4,4
hospital,1,0.46992211475481305,-0.6,6
hospital,1,0.5202376749670268,-0.4,4
hospital,1,0.458343505445294,-0.4,4
hospital,1,0.458343505445294,-0.5,5
hospital,1,0.6086948858179753,-0.5,5
hospital,1,0.5422684587046469,-0.3,3
hospital,1,0.6090400455538584,-0.3,3
hospital,1,0.5860822545816282,-0.3,3
hospital,1,0.6623992294064142,-0.1,1
hospital,1,0.5468475106079831,-0.7,7
hospital,1,0.46992211475481305,-0.5,5
hospital,1,0.6623992294064142,-0.2,2
hospital,1,0.5422684587046469,-0.4,4
hospital,1,0.6086948858179753,-0.2,2
hospital,1,0.46992211475481305,-0.6,6
hospital,1,0.5202376749670268,-0.5,5
hospital,1,0.5860822545816282,-0.2,2
hospital,1,0.6086948858179753,-0.5,5
hospital,1,0.5202376749670268,-0.4,4
hospital,1,0.6623992294064142,-0.2,2
hospital,1,0.6090400455538584,-0.4,4
hospital,1,0.6090400455538584,-0.2,2
hospital,1,0.6623992294064142,-0.2,2
hospital,1,0.5206608604337979,-0.3,3
hospital,1,0.5202376749670268,-0.5,5
hospital,1,0.6086948858179753,-0.2,2
hospital,1,0.5468475106079831,-0.7,7
hospital,1,0.6090400455538584,-0.2,2
hospital,1,0.6623992294064142,-0.2,2
hospital,1,0.385599188513301,-0.5,5
hospital,1,0.6623992294064142,-0.0,0
hospital,1,0.3592419527878562,-0.6,6
hospital,1,0.6090400455538584,-0.4,4
hospital,1,0.26303652729247295,-0.4,4
hospital,1,0.44440927545847886,-0.6,6
hospital,1,0.6086948858179753,-0.4,4
adult,1,0.2607152226933749,-0.16666666666666666,2
adult,1,0.05662507314180698,-0.5833333333333334,7
adult,1,0.08799040338888187,-0.4166666666666667,5
adult,1,0.32267826739639704,-0.3333333333333333,4
adult,1,0.0605423309133063,-0.5,6
adult,1,0.39669221622365947,-0.3333333333333333,4
adult,1,0.27142142629317934,-0.25,3
adult,1,0.07214991607853904,-0.3333333333333333,4
adult,1,0.07214991607853904,-0.5,6
adult,1,0.1909265445666828,-0.4166666666666667,5
adult,1,0.05633874249212156,-0.5833333333333334,7
adult,1,0.36723085877360395,-0.25,3
adult,1,0.0586793967364444,-0.5833333333333334,7
adult,1,0.49122554744404323,-0.16666666666666666,2
adult,1,0.49122554744404323,-0.25,3
adult,1,0.14340383413236968,-0.25,3
adult,1,0.27142142629317934,-0.16666666666666666,2
adult,1,0.07123114870903602,-0.3333333333333333,4
adult,1,0.14340383413236968,-0.3333333333333333,4
adult,1,0.3576640773813201,-0.3333333333333333,4
adult,1,0.06141762886249513,-0.5833333333333334,7
adult,1,0.27142142629317934,-0.25,3
adult,1,0.06418973518521409,-0.5833333333333334,7
adult,1,0.459832406379585,-0.25,3
adult,1,0.1864234962965302,-0.4166666666666667,5
adult,1,0.4837492874056374,-0.3333333333333333,4
adult,1,0.152289551106487,-0.5,6
adult,1,0.22646561173524504,-0.4166666666666667,5
adult,1,0.459832406379585,-0.16666666666666666,2
adult,1,0.06403686696768163,-0.5,6
adult,1,0.13190993176117882,-0.3333333333333333,4
adult,1,0.05981718655333257,-0.5833333333333334,7
adult,1,0.09543804904553033,-0.4166666666666667,5
adult,1,0.13899892210768638,-0.3333333333333333,4
adult,1,0.015785769696927576,-0.6666666666666666,8
adult,1,0.35310286323349893,-0.4166666666666667,5
adult,1,0.14340383413236968,-0.3333333333333333,4
adult,1,0.1897803335009849,-0.4166666666666667,5
adult,1,0.07292335260564409,-0.5833333333333334,7
adult,1,0.07123114870903602,-0.5,6
adult,1,0.3723981732008067,-0.25,3
adult,1,0.2607152226933749,-0.25,3
adult,1,0.17232769257305858,-0.4166666666666667,5
adult,1,0.49122554744404323,-0.08333333333333333,1
adult,1,0.16016534172028907,-0.3333333333333333,4
adult,1,0.39669221622365947,-0.16666666666666666,2
adult,1,0.17232769257305858,-0.3333333333333333,4
adult,1,0.17947869520524695,-0.5,6
adult,1,0.40815493743497544,-0.25,3
adult,1,0.03936339521264576,-0.3333333333333333,4
adult,1,0.1129678754391773,-0.25,3
adult,1,0.22646561173524504,-0.4166666666666667,5
adult,1,0.38912364978807834,-0.16666666666666666,2
adult,1,0.4837492874056374,-0.25,3
adult,1,0.3539186306232933,-0.25,3
adult,1,0.36697094065329483,-0.4166666666666667,5
adult,1,0.36723085877360395,-0.5,6
adult,1,0.12520878807357239,-0.3333333333333333,4
adult,1,0.3520720543573125,-0.5,6
adult,1,0.4837492874056374,-0.4166666666666667,5
adult,1,0.4400981151104615,-0.16666666666666666,2
adult,1,0.11610140683112824,-0.5,6
adult,1,0.07214991607853904,-0.4166666666666667,5
adult,1,0.3878268224287339,-0.25,3
adult,1,0.11586850607824573,-0.75,9
adult,1,0.17232769257305858,-0.4166666666666667,5
adult,1,0.22646561173524504,-0.3333333333333333,4
adult,1,0.015685935087076608,-0.6666666666666666,8
adult,1,0.3553620079404467,-0.4166666666666667,5
adult,1,0.43187055559681353,-0.25,3
adult,1,0.36290951598413357,-0.4166666666666667,5
adult,1,0.35056182165240424,-0.4166666666666667,5
adult,1,0.40803444525214194,-0.3333333333333333,4
adult,1,0.17232769257305858,-0.5,6
adult,1,0.07479426249835319,-0.5833333333333334,7
adult,1,0.35674224514469133,-0.4166666666666667,5
adult,1,0.06608894403230847,-0.5833333333333334,7
adult,1,0.3526322569387699,-0.3333333333333333,4
adult,1,0.21477061286472454,-0.5,6
adult,1,0.3151097292649244,-0.4166666666666667,5
adult,1,0.36374651381133283,-0.5,6
adult,1,0.2607152226933749,-0.3333333333333333,4
adult,1,0.12633924966621168,-0.5,6
adult,1,0.04049821398412512,-0.6666666666666666,8
adult,1,0.45189008786881846,-0.4166666666666667,5
adult,1,0.4400981151104615,-0.16666666666666666,2
adult,1,0.254003676035066,-0.5833333333333334,7
adult,1,0.459832406379585,-0.16666666666666666,2
adult,1,0.35674224514469133,-0.3333333333333333,4
adult,1,0.27142142629317934,-0.25,3
adult,1,0.07773355173056418,-0.4166666666666667,5
adult,1,0.4400981151104615,-0.08333333333333333,1
adult,1,0.1864234962965302,-0.3333333333333333,4
adult,1,0.152289551106487,-0.5,6
adult,1,0.12108132709874952,-0.5,6
adult,1,0.35075303839525485,-0.4166666666666667,5
adult,1,0.38912364978807834,-0.25,3
adult,1,0.39669221622365947,-0.3333333333333333,4
adult,1,0.4516656596995132,-0.4166666666666667,5
adult,1,0.07123114870903602,-0.3333333333333333,4
flight,1,0.13514845205100667,-0.46153846153846156,6
flight,1,0.13051054943857365,-0.5384615384615384,7
flight,1,0.13818569520024426,-0.46153846153846156,6
flight,1,0.1689864093151694,-0.46153846153846156,6
flight,1,0.13514845205100667,-0.7692307692307693,10
flight,1,0.08907123541814055,-0.5384615384615384,7
flight,1,0.13051054943857365,-0.46153846153846156,6
flight,1,0.1689864093151694,-0.5384615384615384,7
flight,1,0.13514845205100667,-0.5384615384615384,7
flight,1,0.17632192147614734,-0.23076923076923078,3
flight,1,0.13514845205100667,-0.38461538461538464,5
flight,1,0.1689864093151694,-0.3076923076923077,4
flight,1,0.2455785165522859,-0.6153846153846154,8
flight,1,0.1689864093151694,-0.3076923076923077,4
flight,1,0.24980936013667854,-0.38461538461538464,5
flight,1,0.1689864093151694,-0.5384615384615384,7
flight,1,0.13051054943857365,-0.38461538461538464,5
flight,1,0.13051054943857365,-0.5384615384615384,7
flight,1,0.2455785165522859,-0.5384615384615384,7
flight,1,0.08907123541814055,-0.7692307692307693,10
flight,1,0.08907123541814055,-0.5384615384615384,7
flight,1,0.1689864093151694,-0.46153846153846156,6
flight,1,0.13818569520024426,-0.23076923076923078,3
flight,1,0.1689864093151694,-0.3076923076923077,4
flight,1,0.08907123541814055,-0.5384615384615384,7
flight,1,0.13051054943857365,-0.38461538461538464,5
flight,1,0.13051054943857365,-0.46153846153846156,6
flight,1,0.13514845205100667,-0.6923076923076923,9
flight,1,0.1689864093151694,-0.38461538461538464,5
flight,1,0.1689864093151694,-0.38461538461538464,5
flight,1,0.13818569520024426,-0.46153846153846156,6
flight,1,0.13051054943857365,-0.5384615384615384,7
flight,1,0.2455785165522859,-0.38461538461538464,5
flight,1,0.13051054943857365,-0.38461538461538464,5
flight,1,0.1689864093151694,-0.5384615384615384,7
flight,1,0.1689864093151694,-0.38461538461538464,5
flight,1,0.18094116044347042,-0.46153846153846156,6
flight,1,0.1689864093151694,-0.38461538461538464,5
flight,1,0.18094116044347042,-0.46153846153846156,6
flight,1,0.1689864093151694,-0.38461538461538464,5
flight,1,0.17632192147614734,-0.5384615384615384,7
flight,1,0.13051054943857365,-0.46153846153846156,6
flight,1,0.13051054943857365,-0.46153846153846156,6
flight,1,0.2455785165522859,-0.6153846153846154,8
flight,1,0.13514845205100667,-0.6153846153846154,8
flight,1,0.24980936013667854,-0.5384615384615384,7
flight,1,0.24980936013667854,-0.46153846153846156,6
flight,1,0.1689864093151694,-0.46153846153846156,6
flight,1,0.1689864093151694,-0.3076923076923077,4
flight,1,0.13818569520024426,-0.38461538461538464,5
flight,1,0.13514845205100667,-0.46153846153846156,6
flight,1,0.08907123541814055,-0.46153846153846156,6
flight,1,0.24980936013667854,-0.5384615384615384,7
flight,1,0.1689864093151694,-0.5384615384615384,7
flight,1,0.2455785165522859,-0.46153846153846156,6
flight,1,0.17632192147614734,-0.3076923076923077,4
flight,1,0.13818569520024426,-0.3076923076923077,4
flight,1,0.2455785165522859,-0.46153846153846156,6
flight,1,0.08907123541814055,-0.5384615384615384,7
flight,1,0.13514845205100667,-0.6153846153846154,8
flight,1,0.1689864093151694,-0.46153846153846156,6
flight,1,0.13051054943857365,-0.3076923076923077,4
flight,1,0.1689864093151694,-0.38461538461538464,5
flight,1,0.13051054943857365,-0.5384615384615384,7
flight,1,0.2455785165522859,-0.5384615384615384,7
flight,1,0.13051054943857365,-0.38461538461538464,5
flight,1,0.08907123541814055,-0.5384615384615384,7
flight,1,0.1689864093151694,-0.46153846153846156,6
flight,1,0.24980936013667854,-0.46153846153846156,6
flight,1,0.1689864093151694,-0.38461538461538464,5
flight,1,0.12744625720955838,-0.46153846153846156,6
flight,1,0.18094116044347042,-0.6153846153846154,8
flight,1,0.17632192147614734,-0.23076923076923078,3
flight,1,0.1689864093151694,-0.46153846153846156,6
flight,1,0.13514845205100667,-0.6153846153846154,8
flight,1,0.13818569520024426,-0.46153846153846156,6
flight,1,0.9680567115073361,-1.4615384615384617,6
flight,1,0.08907123541814055,-0.5384615384615384,7
flight,1,0.13051054943857365,-0.5384615384615384,7
flight,1,0.18094116044347042,-0.38461538461538464,5
flight,1,0.1689864093151694,-0.3076923076923077,4
flight,1,0.24980936013667854,-0.6153846153846154,8
flight,1,0.1689864093151694,-0.6153846153846154,8
flight,1,0.13514845205100667,-0.6923076923076923,9
flight,1,0.24980936013667854,-0.38461538461538464,5
flight,1,0.17364678630049102,-0.6153846153846154,8
flight,1,0.08907123541814055,-0.8461538461538461,11
flight,1,0.17632192147614734,-0.38461538461538464,5
flight,1,0.13818569520024426,-0.3076923076923077,4
flight,1,0.13514845205100667,-0.6153846153846154,8
flight,1,0.1421540216030207,-0.6153846153846154,8
flight,1,0.13051054943857365,-0.5384615384615384,7
flight,1,0.24980936013667854,-0.38461538461538464,5
flight,1,0.13514845205100667,-0.6153846153846154,8
flight,1,0.17632192147614734,-0.46153846153846156,6
flight,1,0.17632192147614734,-0.23076923076923078,3
flight,1,0.2455785165522859,-0.6923076923076923,9
flight,1,0.13514845205100667,-0.6153846153846154,8
flight,1,0.17364678630049102,-0.3076923076923077,4
flight,1,0.1689864093151694,-0.6153846153846154,8
tax,1,0.5548418449270073,-0.0,0
tax,1,0.5548418449270073,-0.3333333333333333,1
tax,1,0.5548418449270073,-0.3333333333333333,1
tax,1,0.5548418449270073,-0.6666666666666666,2
tax,1,0.3057912208405609,-0.6666666666666666,2
tax,1,0.5548418449270073,-0.3333333333333333,1
tax,1,0.5548418449270073,-0.3333333333333333,1
tax,1,0.5548418449270073,-0.0,0
tax,1,0.5548418449270073,-0.6666666666666666,2
tax,1,0.3057912208405609,-0.3333333333333333,1
tax,1,0.2290091161470067,-0.6666666666666666,2
tax,1,0.5548418449270073,-0.3333333333333333,1
tax,1,0.5548418449270073,-0.3333333333333333,1
tax,1,0.5548418449270073,-0.0,0
tax,1,0.5548418449270073,-0.3333333333333333,1
tax,1,0.5548418449270073,-0.3333333333333333,1
tax,1,0.5548418449270073,-0.0,0
tax,1,0.3057912208405609,-0.6666666666666666,2
tax,1,0.5548418449270073,-0.0,0
tax,1,0.5548418449270073,-0.0,0
tax,1,0.5548418449270073,-0.6666666666666666,2
tax,1,0.5548418449270073,-0.3333333333333333,1
tax,1,0.2290091161470067,-0.6666666666666666,2
tax,1,0.5548418449270073,-0.3333333333333333,1
tax,1,0.3057912208405609,-0.3333333333333333,1
tax,1,0.2290091161470067,-0.6666666666666666,2
tax,1,0.2290091161470067,-0.6666666666666666,2
tax,1,0.5548418449270073,-0.0,0
tax,1,0.3057912208405609,-0.3333333333333333,1
tax,1,0.3057912208405609,-0.3333333333333333,1
tax,1,0.2290091161470067,-0.6666666666666666,2
tax,1,0.3057912208405609,-0.6666666666666666,2
tax,1,0.5548418449270073,-0.6666666666666666,2
tax,1,0.5548418449270073,-0.3333333333333333,1
tax,1,0.5548418449270073,-0.0,0
tax,1,0.5548418449270073,-0.3333333333333333,1
tax,1,0.3057912208405609,-0.6666666666666666,2
tax,1,0.5548418449270073,-0.3333333333333333,1
tax,1,0.0,-1.0,3
tax,1,0.3057912208405609,-0.3333333333333333,1
tax,1,0.5548418449270073,-0.0,0
tax,1,0.3057912208405609,-0.3333333333333333,1
tax,1,0.5548418449270073,-0.3333333333333333,1
tax,1,0.3057912208405609,-0.3333333333333333,1
tax,1,0.3057912208405609,-0.3333333333333333,1
tax,1,0.5548418449270073,-0.0,0
tax,1,0.5548418449270073,-0.6666666666666666,2
tax,1,0.5548418449270073,-0.3333333333333333,1
tax,1,0.5548418449270073,-0.0,0
tax,1,0.5548418449270073,-0.3333333333333333,1
tax,1,0.3057912208405609,-0.3333333333333333,1
tax,1,0.5548418449270073,-0.6666666666666666,2
tax,1,0.2290091161470067,-0.6666666666666666,2
tax,1,0.5548418449270073,-0.3333333333333333,1
tax,1,0.0,-1.0,3
tax,1,0.3057912208405609,-0.3333333333333333,1
tax,1,0.5548418449270073,-0.0,0
tax,1,0.3057912208405609,-0.6666666666666666,2
tax,1,0.2290091161470067,-0.6666666666666666,2
tax,1,0.5548418449270073,-0.0,0
tax,1,0.5548418449270073,-0.6666666666666666,2
tax,1,0.5548418449270073,-0.3333333333333333,1
tax,1,0.5548418449270073,-0.0,0
tax,1,0.5548418449270073,-0.6666666666666666,2
tax,1,0.3057912208405609,-0.3333333333333333,1
tax,1,0.5548418449270073,-0.3333333333333333,1
tax,1,0.3057912208405609,-0.6666666666666666,2
tax,1,0.5548418449270073,-0.0,0
tax,1,0.3057912208405609,-0.6666666666666666,2
tax,1,0.5548418449270073,-0.3333333333333333,1
tax,1,0.5548418449270073,-0.0,0
tax,1,0.5548418449270073,-0.3333333333333333,1
tax,1,0.5548418449270073,-0.3333333333333333,1
tax,1,0.5548418449270073,-0.6666666666666666,2
tax,1,0.3057912208405609,-0.3333333333333333,1
tax,1,0.5548418449270073,-0.3333333333333333,1
tax,1,0.2290091161470067,-0.6666666666666666,2
tax,1,0.0,-1.0,3
tax,1,0.3057912208405609,-0.3333333333333333,1
tax,1,0.3057912208405609,-0.3333333333333333,1
tax,1,0.5548418449270073,-0.3333333333333333,1
tax,1,0.0,-1.0,3
tax,1,0.3057912208405609,-0.6666666666666666,2
tax,1,0.3057912208405609,-0.3333333333333333,1
tax,1,0.3057912208405609,-0.3333333333333333,1
tax,1,0.5548418449270073,-0.3333333333333333,1
tax,1,0.5548418449270073,-0.0,0
tax,1,0.3057912208405609,-0.3333333333333333,1
tax,1,0.3057912208405609,-0.6666666666666666,2
tax,1,0.0,-1.0,3
tax,1,0.5548418449270073,-0.3333333333333333,1
tax,1,0.2290091161470067,-0.6666666666666666,2
tax,1,0.5548418449270073,-0.0,0
tax,1,0.5548418449270073,-0.0,0
tax,1,0.2290091161470067,-0.6666666666666666,2
tax,1,0.5548418449270073,-0.0,0
tax,1,0.0,-1.0,3
tax,1,0.5548418449270073,-0.0,0
tax,1,0.5548418449270073,-0.0,0
tax,1,0.3057912208405609,-0.6666666666666666,2
