epsilon,L0,leakage,utility,mask_size
0.1,0.25,0.011469181810646378,-0.2614691818106464,3
0.1,0.25,0.05010955345870127,-0.3001095534587013,3
0.1,0.25,0.03592524660768637,-0.452591913274353,4
0.1,0.25,0.22337399647872114,0.026626003521278863,0
0.1,0.25,0.22337399647872114,0.026626003521278863,0
0.1,0.25,0.051126318247808444,-0.4677929849144751,4
0.1,0.25,0.05010955345870127,-0.1334428867920346,2
0.1,0.25,0.051126318247808444,0.0322070150855249,1
0.1,0.25,0.003306804705818678,-0.586640138039152,5
0.1,0.25,0.22337399647872114,-0.1400406631453878,1
0.1,0.25,0.0,-0.41666666666666663,4
0.1,0.25,0.0,-0.41666666666666663,4
0.1,0.25,0.004612425044516089,-0.4212790917111827,4
0.1,0.25,0.051126318247808444,-0.13445965158114176,2
0.1,0.25,0.22337399647872114,-0.1400406631453878,1
0.1,0.25,0.051126318247808444,0.0322070150855249,1
0.1,0.25,0.011469181810646378,-0.0948025151439797,2
0.1,0.25,0.015768127809462573,-0.5991014611427959,5
0.1,0.25,0.051126318247808444,-0.30112631824780844,3
0.1,0.25,0.05010955345870127,-0.4667762201253679,4
0.1,0.25,0.03592524660768637,-0.11925857994101968,2
0.1,0.25,0.03592524660768637,-0.28592524660768637,3
0.1,0.25,0.013497595919447658,-0.4301642625861143,4
0.1,0.25,0.003609042830710618,-0.586942376164044,5
0.1,0.25,0.051126318247808444,-0.13445965158114176,2
0.1,0.25,0.013497595919447658,-0.26349759591944766,3
0.1,0.25,0.22337399647872114,-0.1400406631453878,1
0.1,0.25,0.004612425044516089,-0.4212790917111827,4
0.1,0.25,0.0,-0.5833333333333334,5
0.1,0.25,0.05853885744745513,-0.30853885744745513,3
0.1,0.25,0.051126318247808444,-0.13445965158114176,2
0.1,0.25,0.22337399647872114,-0.47337399647872114,3
0.1,0.25,0.003306804705818678,-0.586640138039152,5
0.1,0.25,0.22337399647872114,-0.47337399647872114,3
0.1,0.25,0.22337399647872114,-0.30670732981205445,2
0.1,0.25,0.008222647309668152,-0.4248893139763348,4
0.1,0.25,0.05010955345870127,-0.1334428867920346,2
0.1,0.25,0.051126318247808444,0.0322070150855249,1
0.1,0.25,0.03592524660768637,-0.11925857994101968,2
0.1,0.25,0.051126318247808444,-0.13445965158114176,2
0.1,0.25,0.22337399647872114,-0.30670732981205445,2
0.1,0.25,0.0096768865126029,-0.42634355317926953,4
0.1,0.25,0.06016840572859605,-0.14350173906192937,2
0.1,0.25,0.03592524660768637,-0.28592524660768637,3
0.1,0.25,0.051126318247808444,0.0322070150855249,1
0.1,0.25,0.003306804705818678,-0.586640138039152,5
0.1,0.25,0.0096768865126029,-0.42634355317926953,4
0.1,0.25,0.008222647309668152,-0.4248893139763348,4
0.1,0.25,0.051126318247808444,-0.4677929849144751,4
0.1,0.25,0.011469181810646378,-0.2614691818106464,3
0.1,0.25,0.051126318247808444,0.0322070150855249,1
0.1,0.25,0.03592524660768637,-0.28592524660768637,3
0.1,0.25,0.008222647309668152,-0.25822264730966815,3
0.1,0.25,0.008222647309668152,-0.25822264730966815,3
0.1,0.25,0.22337399647872114,-0.47337399647872114,3
0.1,0.25,0.22337399647872114,-0.1400406631453878,1
0.1,0.25,0.05010955345870127,-0.4667762201253679,4
0.1,0.25,0.22337399647872114,-0.30670732981205445,2
0.1,0.25,0.03592524660768637,-0.28592524660768637,3
0.1,0.25,0.05010955345870127,-0.4667762201253679,4
0.1,0.25,0.22337399647872114,-0.30670732981205445,2
0.1,0.25,0.003306804705818678,-0.586640138039152,5
0.1,0.25,0.0,-0.5833333333333334,5
0.1,0.25,0.011469181810646378,-0.0948025151439797,2
0.1,0.25,0.03592524660768637,-0.28592524660768637,3
0.1,0.25,0.22337399647872114,-0.30670732981205445,2
0.1,0.25,0.22337399647872114,-0.30670732981205445,2
0.1,0.25,0.05010955345870127,-0.3001095534587013,3
0.1,0.25,0.22337399647872114,-0.30670732981205445,2
0.1,0.25,0.22337399647872114,-0.30670732981205445,2
0.1,0.25,0.011469181810646378,-0.2614691818106464,3
0.1,0.25,0.06016840572859605,-0.14350173906192937,2
0.1,0.25,0.0,-0.41666666666666663,4
0.1,0.25,0.06016840572859605,-0.31016840572859605,3
0.1,0.25,0.0008907266304110095,-0.5842240599637444,5
0.1,0.25,0.03592524660768637,-0.28592524660768637,3
0.1,0.25,0.013497595919447658,-0.4301642625861143,4
0.1,0.25,0.06016840572859605,-0.14350173906192937,2
0.1,0.25,0.008222647309668152,-0.25822264730966815,3
0.1,0.25,0.0,-0.75,6
0.1,0.25,0.008222647309668152,-0.4248893139763348,4
0.1,0.25,0.051126318247808444,-0.13445965158114176,2
0.1,0.25,0.22337399647872114,-0.6400406631453878,4
0.1,0.25,0.22337399647872114,-0.1400406631453878,1
0.1,0.25,0.03592524660768637,-0.452591913274353,4
0.1,0.25,0.22337399647872114,-0.30670732981205445,2
0.1,0.25,0.015768127809462573,-0.4324347944761292,4
0.1,0.25,0.22337399647872114,0.026626003521278863,0
0.1,0.25,0.008222647309668152,-0.4248893139763348,4
0.1,0.25,0.051126318247808444,-0.13445965158114176,2
0.1,0.25,0.011469181810646378,-0.2614691818106464,3
0.1,0.25,0.03592524660768637,-0.11925857994101968,2
0.1,0.25,0.05010955345870127,-0.1334428867920346,2
0.1,0.25,0.008222647309668152,-0.4248893139763348,4
0.1,0.25,0.015768127809462573,-0.4324347944761292,4
0.1,0.25,0.03592524660768637,-0.452591913274353,4
0.1,0.25,0.008222647309668152,-0.4248893139763348,4
0.1,0.25,0.051126318247808444,-0.13445965158114176,2
0.1,0.25,0.015768127809462573,-0.5991014611427959,5
0.1,0.25,0.22337399647872114,-0.30670732981205445,2
0.1,0.25,0.5742552604116484,-0.3,3
0.1,0.25,0.2629936790618288,-0.4,4
0.1,0.25,0.5742552604116484,-0.3,3
0.1,0.25,0.21940735109689347,-0.6694073510968934,7
0.1,0.25,0.6090400455538584,-0.6,6
0.1,0.25,0.5742305069340705,-0.5,5
0.1,0.25,0.6623992294064142,-0.5,5
0.1,0.25,0.5422684587046469,-0.5,5
0.1,0.25,0.4694541344903692,-0.5,5
0.1,0.25,0.6086948858179753,-0.4,4
0.1,0.25,0.6086948858179753,-0.2,2
0.1,0.25,0.4694541344903692,-0.4,4
0.1,0.25,0.6623992294064142,-0.2,2
0.1,0.25,0.6623992294064142,-0.5,5
0.1,0.25,0.6086948858179753,-0.5,5
0.1,0.25,0.5468475106079831,-0.7,7
0.1,0.25,0.6086948858179753,-0.5,5
0.1,0.25,0.6090400455538584,-0.3,3
0.1,0.25,0.5468475106079831,-0.6,6
0.1,0.25,0.385599188513301,-0.6,6
0.1,0.25,0.42850099142022324,-0.7,7
0.1,0.25,0.4694541344903692,-0.3,3
0.1,0.25,0.5422684587046469,-0.5,5
0.1,0.25,0.385599188513301,-0.6,6
0.1,0.25,0.21940735109689347,-0.7694073510968935,8
0.1,0.25,0.42853421735144903,-0.5,5
0.1,0.25,0.2902622119955647,-0.6,6
0.1,0.25,0.5065292841479625,-0.5,5
0.1,0.25,0.6086948858179753,-0.4,4
0.1,0.25,0.5742552604116484,-0.2,2
0.1,0.25,0.42850099142022324,-0.6,6
0.1,0.25,0.6090400455538584,-0.4,4
0.1,0.25,0.5065292841479625,-0.3,3
0.1,0.25,0.3764851312661076,-0.4,4
0.1,0.25,0.3166049127277152,-0.6,6
0.1,0.25,0.6623992294064142,-0.2,2
0.1,0.25,0.6090400455538584,-0.4,4
0.1,0.25,0.5065005929742044,-0.4,4
0.1,0.25,0.5202376749670268,-0.5,5
0.1,0.25,0.6623992294064142,-0.2,2
0.1,0.25,0.5065292841479625,-0.3,3
0.1,0.25,0.49676169740756204,-0.7,7
0.1,0.25,0.6086948858179753,-0.2,2
0.1,0.25,0.385599188513301,-0.6,6
0.1,0.25,0.4694541344903692,-0.7,7
0.1,0.25,0.5860822545816282,-0.7,7
0.1,0.25,0.42853421735144903,-0.5,5
0.1,0.25,0.37644887911807723,-0.4,4
0.1,0.25,0.3594889549228737,-0.5,5
0.1,0.25,0.4694541344903692,-0.5,5
0.1,0.25,0.21945273335876703,-0.7694527333587671,8
0.1,0.25,0.5422684587046469,-0.4,4
0.1,0.25,0.46992211475481305,-0.5,5
0.1,0.25,0.5860822545816282,-0.5,5
0.1,0.25,0.46992211475481305,-0.3,3
0.1,0.25,0.6090400455538584,-0.6,6
0.1,0.25,0.5742552604116484,-0.2,2
0.1,0.25,0.17183457703769034,-0.5218345770376903,6
0.1,0.25,0.3594889549228737,-0.6,6
0.1,0.25,0.5107698719387217,-0.5,5
0.1,0.25,0.46992211475481305,-0.5,5
0.1,0.25,0.5468475106079831,-0.7,7
0.1,0.25,0.5202376749670268,-0.6,6
0.1,0.25,0.5065005929742044,-0.5,5
0.1,0.25,0.6086948858179753,-0.3,3
0.1,0.25,0.5422684587046469,-0.6,6
0.1,0.25,0.5468475106079831,-0.6,6
0.1,0.25,0.44440927545847886,-0.7,7
0.1,0.25,0.2629936790618288,-0.8,8
0.1,0.25,0.385599188513301,-0.6,6
0.1,0.25,0.4694541344903692,-0.6,6
0.1,0.25,0.6086948858179753,-0.7,7
0.1,0.25,0.6090400455538584,-0.6,6
0.1,0.25,0.4967909547833075,-0.3,3
0.1,0.25,0.4967909547833075,-0.5,5
0.1,0.25,0.2629936790618288,-0.7,7
0.1,0.25,0.46992211475481305,-0.8,8
0.1,0.25,0.5202376749670268,-0.5,5
0.1,0.25,0.6623992294064142,-0.1,1
0.1,0.25,0.44440927545847886,-0.7,7
0.1,0.25,0.5107698719387217,-0.6,6
0.1,0.25,0.6623992294064142,-0.3,3
0.1,0.25,0.6090400455538584,-0.5,5
0.1,0.25,0.385599188513301,-0.3,3
0.1,0.25,0.5422684587046469,-0.3,3
0.1,0.25,0.6090400455538584,-0.3,3
0.1,0.25,0.6623992294064142,-0.2,2
0.1,0.25,0.46992211475481305,-0.5,5
0.1,0.25,0.49676169740756204,-0.4,4
0.1,0.25,0.5468475106079831,-0.5,5
0.1,0.25,0.26187931623708605,-0.6,6
0.1,0.25,0.5860822545816282,-0.5,5
0.1,0.25,0.6623992294064142,-0.2,2
0.1,0.25,0.5107698719387217,-0.7,7
0.1,0.25,0.24315756576632586,-0.6931575657663258,7
0.1,0.25,0.4967909547833075,-0.4,4
0.1,0.25,0.6623992294064142,-0.2,2
0.1,0.25,0.46992211475481305,-0.4,4
0.1,0.25,0.42853421735144903,-0.6,6
0.1,0.25,0.6623992294064142,-0.2,2
0.1,0.25,0.0708885909457414,-0.48755525761240803,8
0.1,0.25,0.312030766384366,-0.6666666666666666,8
0.1,0.25,0.12520878807357239,-0.2085421214069057,4
0.1,0.25,0.01888546814140024,-0.5188854681414002,9
0.1,0.25,0.12395741496761203,-0.2906240816342787,5
0.1,0.25,0.12520878807357239,-0.3752087880735724,6
0.1,0.25,0.06065214083026338,-0.39398547416359675,7
0.1,0.25,0.01574058436550141,-0.43240725103216804,8
0.1,0.25,0.009654517977126242,-0.5096545179771262,9
0.1,0.25,0.09917026085367997,-0.43250359418701334,7
0.1,0.25,0.018323716691423297,-0.35165705002475667,7
0.1,0.25,0.0600047344086766,-0.39333806774200997,7
0.1,0.25,0.061251603619355666,-0.5612516036193557,9
0.1,0.25,0.0025228990317132105,-0.5025228990317132,9
0.1,0.25,0.27142142629317934,-0.25,3
0.1,0.25,0.12520878807357239,-0.2085421214069057,4
0.1,0.25,0.17781657149297747,-0.5944832381596441,8
0.1,0.25,0.3520720543573125,-0.4166666666666667,5
0.1,0.25,0.43187055559681353,-0.4166666666666667,5
0.1,0.25,0.02081924993057771,-0.6041525832639111,10
0.1,0.25,0.35899251776501295,-0.5,6
0.1,0.25,0.05550732644425471,-0.3888406597775881,7
0.1,0.25,0.07123114870903602,-0.571231148709036,9
0.1,0.25,0.12520878807357239,-0.45854212140690576,7
0.1,0.25,0.07123114870903602,-0.4045644820423694,7
0.1,0.25,0.022357120470564373,-0.439023787137231,8
0.1,0.25,0.0051095612352280995,-0.42177622790189473,8
0.1,0.25,0.3581585462533289,-0.4166666666666667,5
0.1,0.25,0.07123114870903602,-0.321231148709036,6
0.1,0.25,0.39964093392740485,-0.3333333333333333,4
0.1,0.25,0.07470802683816113,-0.15804136017149445,4
0.1,0.25,0.4837492874056374,-0.16666666666666666,2
0.1,0.25,0.25289423910089825,-0.4166666666666667,5
0.1,0.25,0.27167041034638195,-0.3333333333333333,4
0.1,0.25,0.06065214083026338,-0.47731880749693,8
0.1,0.25,0.459832406379585,-0.3333333333333333,4
0.1,0.25,0.06119227110318293,-0.3945256044365163,7
0.1,0.25,0.35899251776501295,-0.4166666666666667,5
0.1,0.25,0.03328409085217854,-0.3666174241855119,7
0.1,0.25,0.12520878807357239,-0.45854212140690576,7
0.1,0.25,0.1982055807652513,-0.4482055807652513,6
0.1,0.25,0.11528717032436842,-0.3652871703243684,6
0.1,0.25,0.152289551106487,-0.3189562177731537,5
0.1,0.25,0.09017648553387758,-0.42350981886721095,7
0.1,0.25,0.07123114870903602,-0.2378978153757027,5
0.1,0.25,0.3520720543573125,-0.5,6
0.1,0.25,0.10953432374810557,-0.44286765708143894,7
0.1,0.25,0.0025228990317132105,-0.5025228990317132,9
0.1,0.25,0.07123114870903602,-0.321231148709036,6
0.1,0.25,0.08567112101477592,-0.4190044543481093,7
0.1,0.25,0.12247157197614533,-0.37247157197614533,6
0.1,0.25,0.3520720543573125,-0.4166666666666667,5
0.1,0.25,0.1864234962965302,-0.4364234962965302,6
0.1,0.25,0.17781657149297747,-0.42781657149297747,6
0.1,0.25,0.057300834987441096,-0.39063416832077447,7
0.1,0.25,0.12550773875577992,-0.3755077387557799,6
0.1,0.25,0.3101932208205598,-0.5833333333333334,7
0.1,0.25,0.1864234962965302,-0.2697568296298635,4
0.1,0.25,0.19082965561052068,-0.4408296556105207,6
0.1,0.25,0.10104237281240047,-0.26770903947906716,5
0.1,0.25,0.0424474159622682,-0.2924474159622682,6
0.1,0.25,0.07113472199525506,-0.4878013886619217,8
0.1,0.25,0.06624554427377594,-0.3995788776071093,7
0.1,0.25,0.1982055807652513,-0.2815389140985846,4
0.1,0.25,0.11904873642692071,-0.5357154030935873,8
0.1,0.25,0.4837492874056374,-0.3333333333333333,4
0.1,0.25,0.11619648521505399,-0.44952981854838736,7
0.1,0.25,0.0400457539403426,-0.5400457539403426,9
0.1,0.25,0.13947309085243442,-0.4728064241857678,7
0.1,0.25,0.35056182165240424,-0.5,6
0.1,0.25,0.07123114870903602,-0.321231148709036,6
0.1,0.25,0.10004696880635078,-0.43338030213968415,7
0.1,0.25,0.12722901656015162,-0.3772290165601516,6
0.1,0.25,0.38912364978807834,-0.3333333333333333,4
0.1,0.25,0.43187055559681353,-0.4166666666666667,5
0.1,0.25,0.1982055807652513,-0.364872247431918,5
0.1,0.25,0.3805836308407109,-0.3333333333333333,4
0.1,0.25,0.3292601046160202,-0.5,6
0.1,0.25,0.11878535382180955,-0.4521186871551429,7
0.1,0.25,0.12520878807357239,-0.29187545474023907,5
0.1,0.25,0.31689473539835344,-0.4166666666666667,5
0.1,0.25,0.12809943965902804,-0.37809943965902804,6
0.1,0.25,0.06972346110103722,-0.4030567944343706,7
0.1,0.25,0.4515722051537464,-0.5833333333333334,7
0.1,0.25,0.13947309085243442,-0.3894730908524344,6
0.1,0.25,0.07123114870903602,-0.321231148709036,6
0.1,0.25,0.36827548533646537,-0.5,6
0.1,0.25,0.07123114870903602,-0.2378978153757027,5
0.1,0.25,0.06218185619837213,-0.47884852286503876,8
0.1,0.25,0.1302267998309552,-0.46356013316428857,7
0.1,0.25,0.3292601046160202,-0.5833333333333334,7
0.1,0.25,0.009626150734379224,-0.5096261507343792,9
0.1,0.25,0.05550732644425471,-0.3888406597775881,7
0.1,0.25,0.12520878807357239,-0.2085421214069057,4
0.1,0.25,0.31843584585835505,-0.5,6
0.1,0.25,0.3174628801446353,-0.6666666666666666,8
0.1,0.25,0.3099560085397344,-0.5833333333333334,7
0.1,0.25,0.3878268224287339,-0.4166666666666667,5
0.1,0.25,0.21839367306015411,-0.4683936730601541,6
0.1,0.25,0.0,-0.6666666666666666,11
0.1,0.25,0.8846850956852224,-0.5384615384615384,7
0.1,0.25,0.13514845205100667,-0.34668691358946824,6
0.1,0.25,0.9680567115073361,-0.5384615384615384,7
0.1,0.25,0.9680567115073361,-0.7692307692307693,10
0.1,0.25,0.8846850956852224,-0.6153846153846154,8
0.1,0.25,0.8846850956852224,-0.6923076923076923,9
0.1,0.25,0.8846850956852224,-0.7692307692307693,10
0.1,0.25,0.9680567115073361,-0.6923076923076923,9
0.1,0.25,0.9826408586840785,-0.5384615384615384,7
0.1,0.25,0.9398289956970705,-0.46153846153846156,6
0.1,0.25,0.9826408586840785,-0.3076923076923077,4
0.1,0.25,0.9826408586840785,-0.3076923076923077,4
0.1,0.25,0.9394896498108463,-0.38461538461538464,5
0.1,0.25,0.9398289956970705,-0.46153846153846156,6
0.1,0.25,0.9680567115073361,-0.5384615384615384,7
0.1,0.25,0.9398289956970705,-0.46153846153846156,6
0.1,0.25,0.9826408586840785,-0.38461538461538464,5
0.1,0.25,0.8846850956852224,-0.6153846153846154,8
0.1,0.25,0.9826408586840785,-0.5384615384615384,7
0.1,0.25,0.8846850956852224,-0.46153846153846156,6
0.1,0.25,0.9394896498108463,-0.3076923076923077,4
0.1,0.25,0.8846850956852224,-0.6153846153846154,8
0.1,0.25,0.9394896498108463,-0.46153846153846156,6
0.1,0.25,0.9826408586840785,-0.38461538461538464,5
0.1,0.25,0.8846850956852224,-0.6923076923076923,9
0.1,0.25,0.9680567115073361,-0.5384615384615384,7
0.1,0.25,0.9826408586840785,-0.3076923076923077,4
0.1,0.25,0.9680567115073361,-0.46153846153846156,6
0.1,0.25,0.08907123541814055,-0.5313789277258328,9
0.1,0.25,0.9826408586840785,-0.3076923076923077,4
0.1,0.25,0.9680567115073361,-0.6153846153846154,8
0.1,0.25,0.8846850956852224,-0.38461538461538464,5
0.1,0.25,0.9680567115073361,-0.38461538461538464,5
0.1,0.25,0.9826408586840785,-0.6153846153846154,8
0.1,0.25,0.8846850956852224,-0.5384615384615384,7
0.1,0.25,0.9680567115073361,-0.46153846153846156,6
0.1,0.25,0.9680567115073361,-0.7692307692307693,10
0.1,0.25,0.13514845205100667,-0.34668691358946824,6
0.1,0.25,0.9680567115073361,-0.5384615384615384,7
0.1,0.25,0.8846850956852224,-0.6153846153846154,8
0.1,0.25,0.8846850956852224,-0.3076923076923077,4
0.1,0.25,0.9826408586840785,-0.5384615384615384,7
0.1,0.25,0.8846850956852224,-0.46153846153846156,6
0.1,0.25,0.8846850956852224,-0.46153846153846156,6
0.1,0.25,0.24980936013667854,-0.538270898598217,7
0.1,0.25,0.12744625720955838,-0.6466770264403277,10
0.1,0.25,0.9826408586840785,-0.5384615384615384,7
0.1,0.25,0.12744625720955838,-0.33898471874801994,6
0.1,0.25,0.9398289956970705,-0.5384615384615384,7
0.1,0.25,0.8846850956852224,-0.5384615384615384,7
0.1,0.25,0.08907123541814055,-0.377532773879679,7
0.1,0.25,0.12744625720955838,-0.4928308725941738,8
0.1,0.25,0.9394896498108463,-0.5384615384615384,7
0.1,0.25,0.9826408586840785,-0.38461538461538464,5
0.1,0.25,0.8846850956852224,-0.46153846153846156,6
0.1,0.25,0.8846850956852224,-0.3076923076923077,4
0.1,0.25,0.17364678630049102,-0.3851852478389526,6
0.1,0.25,0.9680567115073361,-0.5384615384615384,7
0.1,0.25,0.9826408586840785,-0.3076923076923077,4
0.1,0.25,0.18094116044347042,-0.46940269890500885,7
0.1,0.25,0.9826408586840785,-0.46153846153846156,6
0.1,0.25,0.2455785165522859,-0.45711697809074747,6
0.1,0.25,0.9826408586840785,-0.38461538461538464,5
0.1,0.25,0.23553045167227926,-0.6778381439799716,9
0.1,0.25,0.9826408586840785,-0.3076923076923077,4
0.1,0.25,0.9826408586840785,-0.38461538461538464,5
0.1,0.25,0.8846850956852224,-0.6153846153846154,8
0.1,0.25,0.8846850956852224,-0.6153846153846154,8
0.1,0.25,0.8846850956852224,-0.5384615384615384,7
0.1,0.25,0.9680567115073361,-0.46153846153846156,6
0.1,0.25,0.12744625720955838,-0.5697539495172507,9
0.1,0.25,0.08907123541814055,-0.5313789277258328,9
0.1,0.25,0.8846850956852224,-0.46153846153846156,6
0.1,0.25,0.9826408586840785,-0.5384615384615384,7
0.1,0.25,0.8846850956852224,-0.38461538461538464,5
0.1,0.25,0.8846850956852224,-0.6153846153846154,8
0.1,0.25,0.8846850956852224,-0.5384615384615384,7
0.1,0.25,0.9826408586840785,-0.3076923076923077,4
0.1,0.25,0.9394896498108463,-0.46153846153846156,6
0.1,0.25,0.9826408586840785,-0.46153846153846156,6
0.1,0.25,0.9826408586840785,-0.3076923076923077,4
0.1,0.25,0.8846850956852224,-0.5384615384615384,7
0.1,0.25,0.9680567115073361,-0.38461538461538464,5
0.1,0.25,0.9394896498108463,-0.38461538461538464,5
0.1,0.25,0.9826408586840785,-0.5384615384615384,7
0.1,0.25,0.12744625720955838,-0.4928308725941738,8
0.1,0.25,0.8846850956852224,-0.38461538461538464,5
0.1,0.25,0.8846850956852224,-0.6153846153846154,8
0.1,0.25,0.8846850956852224,-0.46153846153846156,6
0.1,0.25,0.9826408586840785,-0.38461538461538464,5
0.1,0.25,0.9680567115073361,-0.6153846153846154,8
0.1,0.25,0.8846850956852224,-0.5384615384615384,7
0.1,0.25,0.8846850956852224,-0.7692307692307693,10
0.1,0.25,0.8846850956852224,-0.46153846153846156,6
0.1,0.25,0.8846850956852224,-0.38461538461538464,5
0.1,0.25,0.9394896498108463,-0.6923076923076923,9
0.1,0.25,0.17632192147614734,-0.4647834599376858,7
0.1,0.25,0.13818569520024426,-0.5804933875079366,9
0.1,0.25,0.13514845205100667,-0.654379221281776,10
0.1,0.25,0.9680567115073361,-0.6923076923076923,9
0.1,0.25,0.5548418449270073,0.0,0
0.1,0.25,0.0,-0.75,3
0.1,0.25,0.5548418449270073,-0.3333333333333333,1
0.1,0.25,0.0,-0.75,3
0.1,0.25,0.3057912208405609,-0.3333333333333333,1
0.1,0.25,0.5548418449270073,-0.3333333333333333,1
0.1,0.25,0.3057912208405609,-0.6666666666666666,2
0.1,0.25,0.2290091161470067,-0.6456757828136733,2
0.1,0.25,0.5548418449270073,-0.6666666666666666,2
0.1,0.25,0.2290091161470067,-0.6456757828136733,2
0.1,0.25,0.5548418449270073,-0.3333333333333333,1
0.1,0.25,0.0,-0.75,3
0.1,0.25,0.5548418449270073,-0.3333333333333333,1
0.1,0.25,0.2290091161470067,-0.6456757828136733,2
0.1,0.25,0.5548418449270073,-0.3333333333333333,1
0.1,0.25,0.0,-0.75,3
0.1,0.25,0.5548418449270073,0.0,0
0.1,0.25,0.5548418449270073,-0.6666666666666666,2
0.1,0.25,0.5548418449270073,-0.6666666666666666,2
0.1,0.25,0.3057912208405609,-0.3333333333333333,1
0.1,0.25,0.0,-0.75,3
0.1,0.25,0.5548418449270073,-0.3333333333333333,1
0.1,0.25,0.0,-0.75,3
0.1,0.25,0.3057912208405609,-0.6666666666666666,2
0.1,0.25,0.5548418449270073,-0.3333333333333333,1
0.1,0.25,0.5548418449270073,0.0,0
0.1,0.25,0.3057912208405609,-0.6666666666666666,2
0.1,0.25,0.3057912208405609,-0.3333333333333333,1
0.1,0.25,0.3057912208405609,-0.3333333333333333,1
0.1,0.25,0.5548418449270073,-0.3333333333333333,1
0.1,0.25,0.5548418449270073,-0.3333333333333333,1
0.1,0.25,0.2290091161470067,-0.6456757828136733,2
0.1,0.25,0.2290091161470067,-0.6456757828136733,2
0.1,0.25,0.5548418449270073,-0.3333333333333333,1
0.1,0.25,0.5548418449270073,-0.3333333333333333,1
0.1,0.25,0.5548418449270073,-0.6666666666666666,2
0.1,0.25,0.5548418449270073,0.0,0
0.1,0.25,0.2290091161470067,-0.6456757828136733,2
0.1,0.25,0.3057912208405609,-0.6666666666666666,2
0.1,0.25,0.5548418449270073,0.0,0
0.1,0.25,0.3057912208405609,-0.3333333333333333,1
0.1,0.25,0.5548418449270073,-0.3333333333333333,1
0.1,0.25,0.5548418449270073,-0.3333333333333333,1
0.1,0.25,0.2290091161470067,-0.6456757828136733,2
0.1,0.25,0.5548418449270073,-0.3333333333333333,1
0.1,0.25,0.5548418449270073,-0.3333333333333333,1
0.1,0.25,0.5548418449270073,-0.3333333333333333,1
0.1,0.25,0.3057912208405609,-0.6666666666666666,2
0.1,0.25,0.0,-0.75,3
0.1,0.25,0.5548418449270073,-0.3333333333333333,1
0.1,0.25,0.2290091161470067,-0.6456757828136733,2
0.1,0.25,0.3057912208405609,-0.3333333333333333,1
0.1,0.25,0.5548418449270073,-0.6666666666666666,2
0.1,0.25,0.3057912208405609,-0.3333333333333333,1
0.1,0.25,0.0,-0.75,3
0.1,0.25,0.0,-0.75,3
0.1,0.25,0.5548418449270073,-0.3333333333333333,1
0.1,0.25,0.2290091161470067,-0.6456757828136733,2
0.1,0.25,0.2290091161470067,-0.6456757828136733,2
0.1,0.25,0.3057912208405609,-0.6666666666666666,2
0.1,0.25,0.0,-0.75,3
0.1,0.25,0.5548418449270073,-0.3333333333333333,1
0.1,0.25,0.0,-0.75,3
0.1,0.25,0.5548418449270073,-0.3333333333333333,1
0.1,0.25,0.5548418449270073,0.0,0
0.1,0.25,0.5548418449270073,-0.3333333333333333,1
0.1,0.25,0.5548418449270073,0.0,0
0.1,0.25,0.3057912208405609,-0.6666666666666666,2
0.1,0.25,0.3057912208405609,-0.3333333333333333,1
0.1,0.25,0.5548418449270073,0.0,0
0.1,0.25,0.3057912208405609,-0.3333333333333333,1
0.1,0.25,0.5548418449270073,0.0,0
0.1,0.25,0.3057912208405609,-0.6666666666666666,2
0.1,0.25,0.0,-0.75,3
0.1,0.25,0.5548418449270073,-0.3333333333333333,1
0.1,0.25,0.5548418449270073,-0.3333333333333333,1
0.1,0.25,0.5548418449270073,-0.3333333333333333,1
0.1,0.25,0.5548418449270073,-0.3333333333333333,1
0.1,0.25,0.5548418449270073,-0.3333333333333333,1
0.1,0.25,0.3057912208405609,-0.6666666666666666,2
0.1,0.25,0.5548418449270073,-0.3333333333333333,1
0.1,0.25,0.0,-0.75,3
0.1,0.25,0.3057912208405609,-0.3333333333333333,1
0.1,0.25,0.0,-0.75,3
0.1,0.25,0.3057912208405609,-0.3333333333333333,1
0.1,0.25,0.5548418449270073,-0.6666666666666666,2
0.1,0.25,0.5548418449270073,-0.3333333333333333,1
0.1,0.25,0.5548418449270073,-0.6666666666666666,2
0.1,0.25,0.3057912208405609,-0.6666666666666666,2
0.1,0.25,0.5548418449270073,-0.3333333333333333,1
0.1,0.25,0.2290091161470067,-0.6456757828136733,2
0.1,0.25,0.5548418449270073,-0.6666666666666666,2
0.1,0.25,0.3057912208405609,-0.3333333333333333,1
0.1,0.25,0.5548418449270073,-0.3333333333333333,1
0.1,0.25,0.5548418449270073,-0.3333333333333333,1
0.1,0.25,0.3057912208405609,-0.3333333333333333,1
0.1,0.25,0.3057912208405609,-0.3333333333333333,1
0.1,0.25,0.5548418449270073,-0.3333333333333333,1
0.1,0.25,0.5548418449270073,0.0,0
0.1,0.25,0.5548418449270073,-0.6666666666666666,2
epsilon,L0,leakage,utility,mask_size
0.1,0.25,0.05010955345870127,-0.3001095534587013,3
0.1,0.25,0.008222647309668152,-0.25822264730966815,3
0.1,0.25,0.05010955345870127,-0.3001095534587013,3
0.1,0.25,0.05853885744745513,-0.47520552411412176,4
0.1,0.25,0.05010955345870127,-0.1334428867920346,2
0.1,0.25,0.0,-0.5833333333333334,5
0.1,0.25,0.05010955345870127,-0.1334428867920346,2
0.1,0.25,0.05010955345870127,-0.3001095534587013,3
0.1,0.25,0.03592524660768637,-0.28592524660768637,3
0.1,0.25,0.008222647309668152,-0.4248893139763348,4
0.1,0.25,0.22337399647872114,-0.30670732981205445,2
0.1,0.25,0.03592524660768637,-0.452591913274353,4
0.1,0.25,0.22337399647872114,-0.1400406631453878,1
0.1,0.25,0.015768127809462573,-0.5991014611427959,5
0.1,0.25,0.03592524660768637,-0.28592524660768637,3
0.1,0.25,0.22337399647872114,-0.30670732981205445,2
0.1,0.25,0.003609042830710618,-0.586942376164044,5
0.1,0.25,0.003306804705818678,-0.586640138039152,5
0.1,0.25,0.0,-0.41666666666666663,4
0.1,0.25,0.03592524660768637,-0.11925857994101968,2
0.1,0.25,0.0008907266304110095,-0.5842240599637444,5
0.1,0.25,0.0008907266304110095,-0.5842240599637444,5
0.1,0.25,0.22337399647872114,-0.30670732981205445,2
0.1,0.25,0.003306804705818678,-0.586640138039152,5
0.1,0.25,0.015768127809462573,-0.5991014611427959,5
0.1,0.25,0.015768127809462573,-0.5991014611427959,5
0.1,0.25,0.05010955345870127,-0.3001095534587013,3
0.1,0.25,0.03592524660768637,-0.28592524660768637,3
0.1,0.25,0.22337399647872114,-0.1400406631453878,1
0.1,0.25,0.22337399647872114,-0.1400406631453878,1
0.1,0.25,0.22337399647872114,-0.30670732981205445,2
0.1,0.25,0.009414806213275395,-0.2594148062132754,3
0.1,0.25,0.03592524660768637,-0.11925857994101968,2
0.1,0.25,0.22337399647872114,-0.30670732981205445,2
0.1,0.25,0.013132038880604324,-0.42979870554727095,4
0.1,0.25,0.015768127809462573,-0.4324347944761292,4
0.1,0.25,0.009414806213275395,-0.426081472879942,4
0.1,0.25,0.03592524660768637,-0.11925857994101968,2
0.1,0.25,0.22337399647872114,0.026626003521278863,0
0.1,0.25,0.0008907266304110095,-0.5842240599637444,5
0.1,0.25,0.003609042830710618,-0.586942376164044,5
0.1,0.25,0.05853885744745513,-0.30853885744745513,3
0.1,0.25,0.06016840572859605,-0.4768350723952627,4
0.1,0.25,0.22337399647872114,-0.1400406631453878,1
0.1,0.25,0.03592524660768637,-0.28592524660768637,3
0.1,0.25,0.013132038880604324,-0.42979870554727095,4
0.1,0.25,0.05853885744745513,-0.47520552411412176,4
0.1,0.25,0.013132038880604324,-0.42979870554727095,4
0.1,0.25,0.22337399647872114,0.026626003521278863,0
0.1,0.25,0.03592524660768637,-0.452591913274353,4
0.1,0.25,0.05010955345870127,-0.1334428867920346,2
0.1,0.25,0.03592524660768637,-0.11925857994101968,2
0.1,0.25,0.05010955345870127,-0.3001095534587013,3
0.1,0.25,0.03592524660768637,-0.11925857994101968,2
0.1,0.25,0.015768127809462573,-0.5991014611427959,5
0.1,0.25,0.22337399647872114,-0.30670732981205445,2
0.1,0.25,0.015768127809462573,-0.5991014611427959,5
0.1,0.25,0.03592524660768637,-0.28592524660768637,3
0.1,0.25,0.03592524660768637,-0.452591913274353,4
0.1,0.25,0.05010955345870127,-0.4667762201253679,4
0.1,0.25,0.22337399647872114,-0.30670732981205445,2
0.1,0.25,0.06016840572859605,-0.4768350723952627,4
0.1,0.25,0.03592524660768637,-0.11925857994101968,2
0.1,0.25,0.013132038880604324,-0.42979870554727095,4
0.1,0.25,0.0,-0.75,6
0.1,0.25,0.22337399647872114,-0.30670732981205445,2
0.1,0.25,0.05853885744745513,-0.47520552411412176,4
0.1,0.25,0.03592524660768637,0.047408086725646975,1
0.1,0.25,0.03592524660768637,-0.11925857994101968,2
0.1,0.25,0.004612425044516089,-0.4212790917111827,4
0.1,0.25,0.05010955345870127,-0.1334428867920346,2
0.1,0.25,0.22337399647872114,-0.30670732981205445,2
0.1,0.25,0.05010955345870127,-0.3001095534587013,3
0.1,0.25,0.22337399647872114,-0.30670732981205445,2
0.1,0.25,0.015768127809462573,-0.4324347944761292,4
0.1,0.25,0.22337399647872114,-0.6400406631453878,4
0.1,0.25,0.22337399647872114,-0.1400406631453878,1
0.1,0.25,0.05010955345870127,-0.1334428867920346,2
0.1,0.25,0.03592524660768637,-0.11925857994101968,2
0.1,0.25,0.0008907266304110095,-0.5842240599637444,5
0.1,0.25,0.015768127809462573,-0.5991014611427959,5
0.1,0.25,0.22337399647872114,-0.30670732981205445,2
0.1,0.25,0.22337399647872114,-0.47337399647872114,3
0.1,0.25,0.22337399647872114,-0.30670732981205445,2
0.1,0.25,0.003609042830710618,-0.586942376164044,5
0.1,0.25,0.22337399647872114,-0.47337399647872114,3
0.1,0.25,0.03592524660768637,-0.28592524660768637,3
0.1,0.25,0.0,-0.41666666666666663,4
0.1,0.25,0.22337399647872114,-0.30670732981205445,2
0.1,0.25,0.22337399647872114,-0.30670732981205445,2
0.1,0.25,0.03592524660768637,-0.11925857994101968,2
0.1,0.25,0.22337399647872114,-0.30670732981205445,2
0.1,0.25,0.03592524660768637,-0.11925857994101968,2
0.1,0.25,0.03592524660768637,-0.28592524660768637,3
0.1,0.25,0.03592524660768637,-0.11925857994101968,2
0.1,0.25,0.03592524660768637,-0.28592524660768637,3
0.1,0.25,0.05010955345870127,-0.4667762201253679,4
0.1,0.25,0.03592524660768637,-0.11925857994101968,2
0.1,0.25,0.22337399647872114,-0.1400406631453878,1
0.1,0.25,0.015768127809462573,-0.4324347944761292,4
0.1,0.25,0.44440927545847886,-0.8,8
0.1,0.25,0.6623992294064142,-0.3,3
0.1,0.25,0.24175913958548945,-0.49175913958548945,5
0.1,0.25,0.0002521225070323263,-0.6502521225070323,9
0.1,0.25,0.4930779364297052,-0.6,6
0.1,0.25,0.3166049127277152,-0.7,7
0.1,0.25,0.5627711589443901,-0.5,5
0.1,0.25,0.5468475106079831,-0.4,4
0.1,0.25,0.505574395670396,-0.3,3
0.1,0.25,0.505574395670396,-0.6,6
0.1,0.25,0.6009727293422886,-0.4,4
0.1,0.25,0.24175913958548945,-0.6917591395854894,7
0.1,0.25,0.6623992294064142,-0.4,4
0.1,0.25,0.5627711589443901,-0.6,6
0.1,0.25,0.24315756576632586,-0.29315756576632584,3
0.1,0.25,0.48321731969835446,-0.4,4
0.1,0.25,0.21940735109689347,-0.6694073510968934,7
0.1,0.25,0.6086948858179753,-0.3,3
0.1,0.25,0.385599188513301,-0.6,6
0.1,0.25,0.24175913958548945,-0.6917591395854894,7
0.1,0.25,0.6009727293422886,-0.4,4
0.1,0.25,0.6086948858179753,-0.5,5
0.1,0.25,0.385599188513301,-0.7,7
0.1,0.25,0.48321731969835446,-0.5,5
0.1,0.25,0.505574395670396,-0.4,4
0.1,0.25,0.6086948858179753,-0.4,4
0.1,0.25,0.42670191154078674,-0.6,6
0.1,0.25,0.505574395670396,-0.4,4
0.1,0.25,0.42670191154078674,-0.5,5
0.1,0.25,0.6623992294064142,-0.3,3
0.1,0.25,0.6009727293422886,-0.5,5
0.1,0.25,0.5627711589443901,-0.5,5
0.1,0.25,0.24175913958548945,-0.6917591395854894,7
0.1,0.25,0.48321731969835446,-0.6,6
0.1,0.25,0.505574395670396,-0.4,4
0.1,0.25,0.24315756576632586,-0.5931575657663258,6
0.1,0.25,0.24315756576632586,-0.49315756576632586,5
0.1,0.25,0.385599188513301,-0.7,7
0.1,0.25,0.5468475106079831,-0.4,4
0.1,0.25,0.42670191154078674,-0.4,4
0.1,0.25,0.48321731969835446,-0.4,4
0.1,0.25,0.24315756576632586,-0.5931575657663258,6
0.1,0.25,0.4930779364297052,-0.4,4
0.1,0.25,0.6009727293422886,-0.3,3
0.1,0.25,0.4930779364297052,-0.6,6
0.1,0.25,0.5468475106079831,-0.8,8
0.1,0.25,0.019635001237172767,-0.5696350012371728,8
0.1,0.25,0.6086948858179753,-0.4,4
0.1,0.25,0.6009727293422886,-0.1,1
0.1,0.25,0.4156135985944347,-0.6,6
0.1,0.25,0.5627711589443901,-0.4,4
0.1,0.25,0.21945273335876703,-0.569452733358767,6
0.1,0.25,0.6623992294064142,-0.5,5
0.1,0.25,0.6086948858179753,-0.4,4
0.1,0.25,0.385599188513301,-0.7,7
0.1,0.25,0.385599188513301,-0.5,5
0.1,0.25,0.6623992294064142,-0.2,2
0.1,0.25,0.4156135985944347,-0.6,6
0.1,0.25,0.35966634913433626,-0.5,5
0.1,0.25,0.6623992294064142,-0.2,2
0.1,0.25,0.42670191154078674,-0.4,4
0.1,0.25,0.385599188513301,-0.6,6
0.1,0.25,0.24315756576632586,-0.49315756576632586,5
0.1,0.25,0.48321731969835446,-0.7,7
0.1,0.25,0.6086948858179753,-0.3,3
0.1,0.25,0.42670191154078674,-0.6,6
0.1,0.25,0.385599188513301,-0.6,6
0.1,0.25,0.6009727293422886,-0.4,4
0.1,0.25,0.21940735109689347,-0.6694073510968934,7
0.1,0.25,0.35966634913433626,-0.6,6
0.1,0.25,0.6086948858179753,-0.4,4
0.1,0.25,0.6009727293422886,-0.4,4
0.1,0.25,0.6623992294064142,-0.3,3
0.1,0.25,0.35966634913433626,-0.5,5
0.1,0.25,0.6623992294064142,-0.2,2
0.1,0.25,0.4156135985944347,-0.5,5
0.1,0.25,0.385599188513301,-0.7,7
0.1,0.25,0.24175913958548945,-0.6917591395854894,7
0.1,0.25,0.42670191154078674,-0.5,5
0.1,0.25,0.6009727293422886,-0.5,5
0.1,0.25,0.4156135985944347,-0.5,5
0.1,0.25,0.6009727293422886,-0.5,5
0.1,0.25,0.21940735109689347,-0.6694073510968934,7
0.1,0.25,0.24315756576632586,-0.7931575657663259,8
0.1,0.25,0.44440927545847886,-0.5,5
0.1,0.25,0.5627711589443901,-0.6,6
0.1,0.25,0.505574395670396,-0.3,3
0.1,0.25,0.6623992294064142,-0.2,2
0.1,0.25,0.35966634913433626,-0.4,4
0.1,0.25,0.5627711589443901,-0.4,4
0.1,0.25,0.385599188513301,-0.7,7
0.1,0.25,0.48321731969835446,-0.6,6
0.1,0.25,0.385599188513301,-0.8,8
0.1,0.25,0.42670191154078674,-0.5,5
0.1,0.25,0.24175913958548945,-0.5917591395854894,6
0.1,0.25,0.4930779364297052,-0.5,5
0.1,0.25,0.42670191154078674,-0.6,6
0.1,0.25,0.24315756576632586,-0.49315756576632586,5
0.1,0.25,0.6009727293422886,-0.3,3
0.1,0.25,0.505574395670396,-0.3,3
0.1,0.25,0.08129409482449701,-0.49796076149116364,8
0.1,0.25,0.25235618062683896,-0.5,6
0.1,0.25,0.443789132193782,-0.25,3
0.1,0.25,0.03328409085217854,-0.3666174241855119,7
0.1,0.25,0.1455642439965944,-0.47889757732992777,7
0.1,0.25,0.443789132193782,-0.3333333333333333,4
0.1,0.25,0.11593812083335653,-0.4492714541666899,7
0.1,0.25,0.24774524565692913,-0.4977452456569291,6
0.1,0.25,0.08094278403846455,-0.4142761173717979,7
0.1,0.25,0.0823257617756219,-0.3323257617756219,6
0.1,0.25,0.07153970152358546,-0.5715397015235855,9
0.1,0.25,0.03562409417642398,-0.535624094176424,9
0.1,0.25,0.13483119273983069,-0.3848311927398307,6
0.1,0.25,0.49122554744404323,0.0,0
0.1,0.25,0.05547310673024419,-0.22213977339691088,5
0.1,0.25,0.07557186524725867,-0.40890519858059204,7
0.1,0.25,0.2619944952694371,-0.3333333333333333,4
0.1,0.25,0.07031476688821103,-0.48698143355487766,8
0.1,0.25,0.26016440275747366,-0.3333333333333333,4
0.1,0.25,0.11501007707951649,-0.3650100770795165,6
0.1,0.25,0.19004939214744843,-0.3567160588141151,5
0.1,0.25,0.0774344949388257,-0.0774344949388257,3
0.1,0.25,0.26194012745470285,-0.25,3
0.1,0.25,0.35484756549382646,-0.16666666666666666,2
0.1,0.25,0.05939860250933138,-0.22606526917599806,5
0.1,0.25,0.06485300277393968,-0.4815196694406063,8
0.1,0.25,0.39179147199384,-0.4166666666666667,5
0.1,0.25,0.057915524310341304,-0.3912488576436747,7
0.1,0.25,0.19959302122615685,-0.36625968789282354,5
0.1,0.25,0.10034076879860199,-0.350340768798602,6
0.1,0.25,0.021064236299509154,-0.3543975696328425,7
0.1,0.25,0.14401198888757627,-0.31067865555424296,5
0.1,0.25,0.08898291563852445,-0.33898291563852445,6
0.1,0.25,0.10840912107571732,-0.275075787742384,5
0.1,0.25,0.3121093500701302,-0.5,6
0.1,0.25,0.12672254358640023,-0.21005587691973354,4
0.1,0.25,0.12486866579692091,-0.12486866579692091,3
0.1,0.25,0.3292287010688275,-0.5,6
0.1,0.25,0.2596747045649622,-0.5833333333333334,7
0.1,0.25,0.11327517158109213,-0.2799418382477588,5
0.1,0.25,0.1221178441278874,-0.3721178441278874,6
0.1,0.25,0.03328409085217854,-0.3666174241855119,7
0.1,0.25,0.098503853030243,-0.4318371863635764,7
0.1,0.25,0.13053632519572766,-0.29720299186239435,5
0.1,0.25,0.06590522876458327,-0.39923856209791664,7
0.1,0.25,0.07375925423088825,-0.24042592089755493,5
0.1,0.25,0.15657492308354848,-0.4065749230835485,6
0.1,0.25,0.07956097853716526,-0.5795609785371653,9
0.1,0.25,0.13346141606678164,-0.21679474940011495,4
0.1,0.25,0.1260315844385922,-0.2926982511052589,5
0.1,0.25,0.3489790991424543,-0.5833333333333334,7
0.1,0.25,0.09917026085367997,-0.43250359418701334,7
0.1,0.25,0.19959302122615685,-0.36625968789282354,5
0.1,0.25,0.39179147199384,-0.4166666666666667,5
0.1,0.25,0.2619944952694371,-0.5,6
0.1,0.25,0.3206995367957376,-0.5,6
0.1,0.25,0.2250716090531839,-0.3917382757198506,5
0.1,0.25,0.06176386311147131,-0.228430529778138,5
0.1,0.25,0.019382459112090134,-0.26938245911209013,6
0.1,0.25,0.11023352473050418,-0.6102335247305042,9
0.1,0.25,0.3570987456406054,-0.3333333333333333,4
0.1,0.25,0.0833819606535785,-0.2500486273202452,5
0.1,0.25,0.20555169031236964,-0.20555169031236964,3
0.1,0.25,0.07470802683816113,-0.24137469350482782,5
0.1,0.25,0.06415701969711496,-0.39749035303044833,7
0.1,0.25,0.11501007707951649,-0.3650100770795165,6
0.1,0.25,0.018385650703520606,-0.43505231737018724,8
0.1,0.25,0.13053632519572766,-0.38053632519572766,6
0.1,0.25,0.06801081298293332,-0.5680108129829333,9
0.1,0.25,0.35205501024780084,-0.5833333333333334,7
0.1,0.25,0.054555519961761445,-0.4712221866284281,8
0.1,0.25,0.09293117876014323,-0.34293117876014323,6
0.1,0.25,0.3570987456406054,-0.3333333333333333,4
0.1,0.25,0.443789132193782,-0.3333333333333333,4
0.1,0.25,0.11744632778649966,-0.45077966111983303,7
0.1,0.25,0.07557186524725867,-0.40890519858059204,7
0.1,0.25,0.0030672556036948073,-0.41973392227036144,8
0.1,0.25,0.07375548568242318,-0.4904221523490898,8
0.1,0.25,0.1245492594155716,-0.3745492594155716,6
0.1,0.25,0.09917026085367997,-0.34917026085367997,6
0.1,0.25,0.13483119273983069,-0.218164526073164,4
0.1,0.25,0.36827548533646537,-0.3333333333333333,4
0.1,0.25,0.443789132193782,-0.4166666666666667,5
0.1,0.25,0.06273930368890557,-0.31273930368890557,6
0.1,0.25,0.11744632778649966,-0.36744632778649966,6
0.1,0.25,0.11023352473050418,-0.3602335247305042,6
0.1,0.25,0.3504845905164511,-0.5833333333333334,7
0.1,0.25,0.2250716090531839,-0.3917382757198506,5
0.1,0.25,0.0033721048964791,-0.2533721048964791,6
0.1,0.25,0.2522506170721077,-0.4166666666666667,5
0.1,0.25,0.40940983353048355,-0.5,6
0.1,0.25,0.07375548568242318,-0.3237554856824232,6
0.1,0.25,0.07557186524725867,-0.4922385319139253,8
0.1,0.25,0.342357885193711,-0.5,6
0.1,0.25,0.07130743233345782,-0.3213074323334578,6
0.1,0.25,0.20780287947785492,-0.6244695461445215,8
0.1,0.25,0.19959302122615685,-0.44959302122615685,6
0.1,0.25,0.3689377816185132,-0.3333333333333333,4
0.1,0.25,0.48475624726570254,-0.16666666666666666,2
0.1,0.25,0.06443388241211812,-0.3144338824121181,6
0.1,0.25,0.9680567115073361,-0.6923076923076923,9
0.1,0.25,0.14621142152444744,-0.4346729599859859,7
0.1,0.25,0.14967373381862104,-0.5150583492032365,8
0.1,0.25,0.23553045167227926,-0.6009150670568947,8
0.1,0.25,0.1689864093151694,-0.45744794777670783,7
0.1,0.25,0.9680567115073361,-0.5384615384615384,7
0.1,0.25,0.7615997542394806,-0.23076923076923078,3
0.1,0.25,0.9680567115073361,-0.5384615384615384,7
0.1,0.25,0.9826408586840785,-0.38461538461538464,5
0.1,0.25,0.9826408586840785,-0.3076923076923077,4
0.1,0.25,0.7615997542394806,-0.38461538461538464,5
0.1,0.25,0.7615997542394806,-0.38461538461538464,5
0.1,0.25,0.7835724119593105,-0.6923076923076923,9
0.1,0.25,0.1689864093151694,-0.5343710246997848,8
0.1,0.25,0.9680567115073361,-0.5384615384615384,7
0.1,0.25,0.9680567115073361,-0.38461538461538464,5
0.1,0.25,0.8846850956852224,-0.5384615384615384,7
0.1,0.25,0.9680567115073361,-0.5384615384615384,7
0.1,0.25,0.7806898343893851,-0.6923076923076923,9
0.1,0.25,0.9826408586840785,-0.38461538461538464,5
0.1,0.25,0.9680567115073361,-0.5384615384615384,7
0.1,0.25,0.9826408586840785,-0.46153846153846156,6
0.1,0.25,0.9680567115073361,-0.46153846153846156,6
0.1,0.25,0.7615997542394806,-0.46153846153846156,6
0.1,0.25,0.9826408586840785,-0.23076923076923078,3
0.1,0.25,0.9826408586840785,-0.5384615384615384,7
0.1,0.25,0.9680567115073361,-0.5384615384615384,7
0.1,0.25,0.9680567115073361,-0.3076923076923077,4
0.1,0.25,0.1689864093151694,-0.5343710246997848,8
0.1,0.25,0.9680567115073361,-0.5384615384615384,7
0.1,0.25,0.9826408586840785,-0.6153846153846154,8
0.1,0.25,0.23553045167227926,-0.6009150670568947,8
0.1,0.25,0.12744625720955838,-0.262061641824943,5
0.1,0.25,0.17632192147614734,-0.4647834599376858,7
0.1,0.25,0.2455785165522859,-0.5340400550138243,7
0.1,0.25,0.08907123541814055,-0.5313789277258328,9
0.1,0.25,0.8846850956852224,-0.5384615384615384,7
0.1,0.25,0.9826408586840785,-0.46153846153846156,6
0.1,0.25,0.9826408586840785,-0.46153846153846156,6
0.1,0.25,0.9826408586840785,-0.3076923076923077,4
0.1,0.25,0.9826408586840785,-0.38461538461538464,5
0.1,0.25,0.8846850956852224,-0.7692307692307693,10
0.1,0.25,0.9826408586840785,-0.38461538461538464,5
0.1,0.25,0.9826408586840785,-0.07692307692307693,1
0.1,0.25,0.9680567115073361,-0.5384615384615384,7
0.1,0.25,0.9826408586840785,-0.3076923076923077,4
0.1,0.25,0.14626212769916158,-0.4347236661607,7
0.1,0.25,0.7835724119593105,-0.38461538461538464,5
0.1,0.25,0.9826408586840785,-0.5384615384615384,7
0.1,0.25,0.7615997542394806,-0.38461538461538464,5
0.1,0.25,0.7615997542394806,-0.38461538461538464,5
0.1,0.25,0.14967373381862104,-0.43813527228015947,7
0.1,0.25,0.9826408586840785,-0.38461538461538464,5
0.1,0.25,0.9680567115073361,-0.5384615384615384,7
0.1,0.25,0.9680567115073361,-0.46153846153846156,6
0.1,0.25,0.9826408586840785,-0.6153846153846154,8
0.1,0.25,0.1689864093151694,-0.5343710246997848,8
0.1,0.25,0.13818569520024426,-0.5804933875079366,9
0.1,0.25,0.13514845205100667,-0.577456144358699,9
0.1,0.25,0.8846850956852224,-0.5384615384615384,7
0.1,0.25,0.9680567115073361,-0.6153846153846154,8
0.1,0.25,0.9826408586840785,-0.6923076923076923,9
0.1,0.25,0.9826408586840785,-0.23076923076923078,3
0.1,0.25,0.9826408586840785,-0.46153846153846156,6
0.1,0.25,0.9826408586840785,-0.46153846153846156,6
0.1,0.25,0.7615997542394806,-0.5384615384615384,7
0.1,0.25,0.2455785165522859,-0.6878862088599782,9
0.1,0.25,0.9826408586840785,-0.3076923076923077,4
0.1,0.25,0.9680567115073361,-0.46153846153846156,6
0.1,0.25,0.9680567115073361,-0.5384615384615384,7
0.1,0.25,0.9826408586840785,-0.38461538461538464,5
0.1,0.25,0.1689864093151694,-0.38052487085363096,6
0.1,0.25,0.11650065212924676,-0.4049621905907852,7
0.1,0.25,0.9680567115073361,-0.46153846153846156,6
0.1,0.25,0.9680567115073361,-0.5384615384615384,7
0.1,0.25,0.9680567115073361,-0.46153846153846156,6
0.1,0.25,0.13860775127558567,-0.5039923666602011,8
0.1,0.25,0.9680567115073361,-0.38461538461538464,5
0.1,0.25,0.7615997542394806,-0.3076923076923077,4
0.1,0.25,0.9680567115073361,-0.5384615384615384,7
0.1,0.25,0.8846850956852224,-0.5384615384615384,7
0.1,0.25,0.9680567115073361,-0.6153846153846154,8
0.1,0.25,0.9680567115073361,-0.46153846153846156,6
0.1,0.25,0.9826408586840785,-0.38461538461538464,5
0.1,0.25,0.1689864093151694,-0.5343710246997848,8
0.1,0.25,0.9680567115073361,-0.5384615384615384,7
0.1,0.25,0.8846850956852224,-0.46153846153846156,6
0.1,0.25,0.9826408586840785,-0.6153846153846154,8
0.1,0.25,0.11960338386169278,-0.5619110761693851,9
0.1,0.25,0.9680567115073361,-0.5384615384615384,7
0.1,0.25,0.17632192147614734,-0.3878603830146089,6
0.1,0.25,0.9680567115073361,-0.38461538461538464,5
0.1,0.25,0.9680567115073361,-0.5384615384615384,7
0.1,0.25,0.8846850956852224,-0.5384615384615384,7
0.1,0.25,0.7637041577312637,-0.5384615384615384,7
0.1,0.25,0.9826408586840785,-0.6923076923076923,9
0.1,0.25,0.9680567115073361,-0.5384615384615384,7
0.1,0.25,0.9826408586840785,-0.38461538461538464,5
0.1,0.25,0.9826408586840785,-0.46153846153846156,6
0.1,0.25,0.9826408586840785,-0.38461538461538464,5
0.1,0.25,0.3057912208405609,-0.6666666666666666,2
0.1,0.25,0.5548418449270073,-0.6666666666666666,2
0.1,0.25,0.0,-0.75,3
0.1,0.25,0.2290091161470067,-0.6456757828136733,2
0.1,0.25,0.5548418449270073,0.0,0
0.1,0.25,0.5548418449270073,-0.3333333333333333,1
0.1,0.25,0.3057912208405609,-0.3333333333333333,1
0.1,0.25,0.2290091161470067,-0.6456757828136733,2
0.1,0.25,0.5548418449270073,-0.3333333333333333,1
0.1,0.25,0.3057912208405609,-0.6666666666666666,2
0.1,0.25,0.0,-0.75,3
0.1,0.25,0.3057912208405609,-0.3333333333333333,1
0.1,0.25,0.5548418449270073,0.0,0
0.1,0.25,0.5548418449270073,-0.3333333333333333,1
0.1,0.25,0.3057912208405609,-0.3333333333333333,1
0.1,0.25,0.5548418449270073,0.0,0
0.1,0.25,0.5548418449270073,-0.3333333333333333,1
0.1,0.25,0.5548418449270073,-0.3333333333333333,1
0.1,0.25,0.5548418449270073,-0.3333333333333333,1
0.1,0.25,0.5548418449270073,-0.3333333333333333,1
0.1,0.25,0.3057912208405609,-0.3333333333333333,1
0.1,0.25,0.0,-0.75,3
0.1,0.25,0.3057912208405609,-0.6666666666666666,2
0.1,0.25,0.5548418449270073,-0.3333333333333333,1
0.1,0.25,0.5548418449270073,-0.3333333333333333,1
0.1,0.25,0.3057912208405609,-0.6666666666666666,2
0.1,0.25,0.2290091161470067,-0.6456757828136733,2
0.1,0.25,0.5548418449270073,-0.6666666666666666,2
0.1,0.25,0.5548418449270073,-0.3333333333333333,1
0.1,0.25,0.5548418449270073,-0.3333333333333333,1
0.1,0.25,0.5548418449270073,-0.6666666666666666,2
0.1,0.25,0.5548418449270073,-0.3333333333333333,1
0.1,0.25,0.5548418449270073,0.0,0
0.1,0.25,0.5548418449270073,-0.3333333333333333,1
0.1,0.25,0.5548418449270073,0.0,0
0.1,0.25,0.5548418449270073,-0.3333333333333333,1
0.1,0.25,0.5548418449270073,-0.3333333333333333,1
0.1,0.25,0.5548418449270073,0.0,0
0.1,0.25,0.5548418449270073,-0.3333333333333333,1
0.1,0.25,0.5548418449270073,-0.3333333333333333,1
0.1,0.25,0.3057912208405609,-0.3333333333333333,1
0.1,0.25,0.0,-0.75,3
0.1,0.25,0.5548418449270073,-0.3333333333333333,1
0.1,0.25,0.5548418449270073,-0.6666666666666666,2
0.1,0.25,0.5548418449270073,-0.6666666666666666,2
0.1,0.25,0.5548418449270073,-0.3333333333333333,1
0.1,0.25,0.3057912208405609,-0.3333333333333333,1
0.1,0.25,0.2290091161470067,-0.6456757828136733,2
0.1,0.25,0.5548418449270073,0.0,0
0.1,0.25,0.5548418449270073,-0.3333333333333333,1
0.1,0.25,0.3057912208405609,-0.6666666666666666,2
0.1,0.25,0.5548418449270073,0.0,0
0.1,0.25,0.3057912208405609,-0.3333333333333333,1
0.1,0.25,0.5548418449270073,-0.3333333333333333,1
0.1,0.25,0.0,-0.75,3
0.1,0.25,0.5548418449270073,0.0,0
0.1,0.25,0.0,-0.75,3
0.1,0.25,0.3057912208405609,-0.3333333333333333,1
0.1,0.25,0.5548418449270073,-0.3333333333333333,1
0.1,0.25,0.5548418449270073,-0.3333333333333333,1
0.1,0.25,0.3057912208405609,-0.3333333333333333,1
0.1,0.25,0.5548418449270073,-0.3333333333333333,1
0.1,0.25,0.5548418449270073,-0.6666666666666666,2
0.1,0.25,0.5548418449270073,-0.3333333333333333,1
0.1,0.25,0.0,-0.75,3
0.1,0.25,0.0,-0.75,3
0.1,0.25,0.0,-0.75,3
0.1,0.25,0.5548418449270073,-0.3333333333333333,1
0.1,0.25,0.0,-0.75,3
0.1,0.25,0.3057912208405609,-0.3333333333333333,1
0.1,0.25,0.2290091161470067,-0.6456757828136733,2
0.1,0.25,0.5548418449270073,-0.3333333333333333,1
0.1,0.25,0.2290091161470067,-0.6456757828136733,2
0.1,0.25,0.2290091161470067,-0.6456757828136733,2
0.1,0.25,0.5548418449270073,-0.3333333333333333,1
0.1,0.25,0.3057912208405609,-0.3333333333333333,1
0.1,0.25,0.0,-0.75,3
0.1,0.25,0.2290091161470067,-0.6456757828136733,2
0.1,0.25,0.3057912208405609,-0.3333333333333333,1
0.1,0.25,0.5548418449270073,0.0,0
0.1,0.25,0.0,-0.75,3
0.1,0.25,0.3057912208405609,-0.3333333333333333,1
0.1,0.25,0.5548418449270073,-0.3333333333333333,1
0.1,0.25,0.5548418449270073,-0.6666666666666666,2
0.1,0.25,0.3057912208405609,-0.3333333333333333,1
0.1,0.25,0.5548418449270073,0.0,0
0.1,0.25,0.5548418449270073,-0.3333333333333333,1
0.1,0.25,0.5548418449270073,0.0,0
0.1,0.25,0.3057912208405609,-0.3333333333333333,1
0.1,0.25,0.5548418449270073,-0.6666666666666666,2
0.1,0.25,0.5548418449270073,-0.6666666666666666,2
0.1,0.25,0.3057912208405609,-0.6666666666666666,2
0.1,0.25,0.5548418449270073,-0.3333333333333333,1
0.1,0.25,0.5548418449270073,-0.3333333333333333,1
0.1,0.25,0.5548418449270073,-0.6666666666666666,2
0.1,0.25,0.5548418449270073,-0.3333333333333333,1
0.1,0.25,0.5548418449270073,-0.6666666666666666,2
0.1,0.25,0.5548418449270073,-0.3333333333333333,1
0.1,0.25,0.5548418449270073,-0.3333333333333333,1
0.1,0.25,0.2290091161470067,-0.6456757828136733,2
