epsilon,L0,leakage,utility,mask_size
0.1,0.75,0.051126318247808444,0.5322070150855249,1
0.1,0.75,0.015768127809462573,-0.09910146114279594,5
0.1,0.75,0.22337399647872114,0.5266260035212789,0
0.1,0.75,0.22337399647872114,0.19329267018794555,2
0.1,0.75,0.008222647309668152,0.07511068602366522,4
0.1,0.75,0.0008907266304110095,-0.08422405996374438,5
0.1,0.75,0.22337399647872114,0.35995933685461223,1
0.1,0.75,0.015768127809462573,-0.09910146114279594,5
0.1,0.75,0.22337399647872114,0.5266260035212789,0
0.1,0.75,0.22337399647872114,0.5266260035212789,0
0.1,0.75,0.003306804705818678,-0.08664013803915205,5
0.1,0.75,0.004612425044516089,0.07872090828881728,4
0.1,0.75,0.03592524660768637,0.21407475339231363,3
0.1,0.75,0.22337399647872114,0.026626003521278863,3
0.1,0.75,0.003306804705818678,-0.08664013803915205,5
0.1,0.75,0.06016840572859605,0.023164927604737318,4
0.1,0.75,0.015768127809462573,-0.09910146114279594,5
0.1,0.75,0.06016840572859605,0.18983159427140395,3
0.1,0.75,0.22337399647872114,0.35995933685461223,1
0.1,0.75,0.013497595919447658,0.23650240408055234,3
0.1,0.75,0.22337399647872114,0.026626003521278863,3
0.1,0.75,0.003306804705818678,-0.08664013803915205,5
0.1,0.75,0.0,-0.08333333333333337,5
0.1,0.75,0.22337399647872114,0.5266260035212789,0
0.1,0.75,0.015768127809462573,-0.09910146114279594,5
0.1,0.75,0.004612425044516089,0.07872090828881728,4
0.1,0.75,0.0,-0.08333333333333337,5
0.1,0.75,0.051126318247808444,0.19887368175219156,3
0.1,0.75,0.004612425044516089,0.07872090828881728,4
0.1,0.75,0.22337399647872114,0.026626003521278863,3
0.1,0.75,0.003609042830710618,-0.08694237616404399,5
0.1,0.75,0.22337399647872114,0.5266260035212789,0
0.1,0.75,0.22337399647872114,0.5266260035212789,0
0.1,0.75,0.22337399647872114,0.5266260035212789,0
0.1,0.75,0.22337399647872114,-0.14004066314538777,4
0.1,0.75,0.22337399647872114,0.19329267018794555,2
0.1,0.75,0.008222647309668152,0.07511068602366522,4
0.1,0.75,0.015768127809462573,-0.09910146114279594,5
0.1,0.75,0.22337399647872114,0.35995933685461223,1
0.1,0.75,0.015768127809462573,-0.09910146114279594,5
0.1,0.75,0.22337399647872114,0.5266260035212789,0
0.1,0.75,0.22337399647872114,0.35995933685461223,1
0.1,0.75,0.015768127809462573,-0.09910146114279594,5
0.1,0.75,0.015768127809462573,0.0675652055238708,4
0.1,0.75,0.22337399647872114,0.5266260035212789,0
0.1,0.75,0.03592524660768637,0.21407475339231363,3
0.1,0.75,0.004612425044516089,0.07872090828881728,4
0.1,0.75,0.22337399647872114,0.026626003521278863,3
0.1,0.75,0.22337399647872114,0.026626003521278863,3
0.1,0.75,0.015768127809462573,0.0675652055238708,4
0.1,0.75,0.0,0.08333333333333337,4
0.1,0.75,0.015768127809462573,-0.09910146114279594,5
0.1,0.75,0.22337399647872114,0.35995933685461223,1
0.1,0.75,0.03592524660768637,0.547408086725647,1
0.1,0.75,0.051126318247808444,0.19887368175219156,3
0.1,0.75,0.22337399647872114,0.5266260035212789,0
0.1,0.75,0.0,-0.08333333333333337,5
0.1,0.75,0.03592524660768637,0.3807414200589803,2
0.1,0.75,0.011469181810646378,0.4051974848560203,2
0.1,0.75,0.015768127809462573,-0.09910146114279594,5
0.1,0.75,0.22337399647872114,0.026626003521278863,3
0.1,0.75,0.003306804705818678,-0.08664013803915205,5
0.1,0.75,0.0096768865126029,0.07365644682073047,4
0.1,0.75,0.003306804705818678,-0.08664013803915205,5
0.1,0.75,0.22337399647872114,0.5266260035212789,0
0.1,0.75,0.003609042830710618,-0.08694237616404399,5
0.1,0.75,0.004612425044516089,0.07872090828881728,4
0.1,0.75,0.003306804705818678,-0.08664013803915205,5
0.1,0.75,0.003306804705818678,-0.08664013803915205,5
0.1,0.75,0.003609042830710618,-0.08694237616404399,5
0.1,0.75,0.22337399647872114,0.5266260035212789,0
0.1,0.75,0.05853885744745513,0.024794475885878242,4
0.1,0.75,0.015768127809462573,-0.09910146114279594,5
0.1,0.75,0.011469181810646378,0.23853081818935362,3
0.1,0.75,0.051126318247808444,0.032207015085524926,4
0.1,0.75,0.0,0.08333333333333337,4
0.1,0.75,0.22337399647872114,0.5266260035212789,0
0.1,0.75,0.05010955345870127,0.0332237798746321,4
0.1,0.75,0.0,-0.08333333333333337,5
0.1,0.75,0.003306804705818678,-0.08664013803915205,5
0.1,0.75,0.05010955345870127,0.0332237798746321,4
0.1,0.75,0.22337399647872114,-0.14004066314538777,4
0.1,0.75,0.05010955345870127,0.0332237798746321,4
0.1,0.75,0.22337399647872114,0.026626003521278863,3
0.1,0.75,0.03592524660768637,0.3807414200589803,2
0.1,0.75,0.22337399647872114,0.35995933685461223,1
0.1,0.75,0.22337399647872114,0.5266260035212789,0
0.1,0.75,0.003306804705818678,-0.08664013803915205,5
0.1,0.75,0.011469181810646378,0.23853081818935362,3
0.1,0.75,0.015768127809462573,-0.09910146114279594,5
0.1,0.75,0.0,-0.08333333333333337,5
0.1,0.75,0.003609042830710618,-0.08694237616404399,5
0.1,0.75,0.22337399647872114,0.35995933685461223,1
0.1,0.75,0.003609042830710618,-0.08694237616404399,5
0.1,0.75,0.22337399647872114,0.5266260035212789,0
0.1,0.75,0.011469181810646378,0.23853081818935362,3
0.1,0.75,0.03592524660768637,0.21407475339231363,3
0.1,0.75,0.22337399647872114,0.5266260035212789,0
0.1,0.75,0.0008907266304110095,-0.08422405996374438,5
0.1,0.75,0.22337399647872114,0.026626003521278863,3
0.1,0.75,0.4694541344903692,-0.3194541344903692,6
0.1,0.75,0.2629936790618288,-0.11299367906182878,6
0.1,0.75,0.24315756576632586,-0.3931575657663259,9
0.1,0.75,0.46992211475481305,-0.419922114754813,7
0.1,0.75,0.2902622119955647,-0.4402622119955647,9
0.1,0.75,0.261836400724347,-0.31183640072434704,8
0.1,0.75,0.21940735109689347,-0.3694073510968935,9
0.1,0.75,0.0002521225070323263,-0.15025212250703235,9
0.1,0.75,0.2902622119955647,-0.4402622119955647,9
0.1,0.75,0.5422684587046469,0.007731541295353084,2
0.1,0.75,0.24175913958548945,-0.39175913958548947,9
0.1,0.75,0.24175913958548945,-0.39175913958548947,9
0.1,0.75,0.0002521225070323263,-0.15025212250703235,9
0.1,0.75,0.2902622119955647,-0.4402622119955647,9
0.1,0.75,0.5860822545816282,-0.3360822545816282,5
0.1,0.75,0.24315756576632586,-0.1931575657663258,7
0.1,0.75,0.4694541344903692,-0.11945413449036923,4
0.1,0.75,0.6623992294064142,-0.11239922940641417,2
0.1,0.75,0.21945273335876703,-0.069452733358767,6
0.1,0.75,0.37644887911807723,-0.12644887911807723,5
0.1,0.75,0.6623992294064142,0.08760077059358584,0
0.1,0.75,0.24175913958548945,0.008240860414510554,5
0.1,0.75,0.6623992294064142,-0.012399229406414164,1
0.1,0.75,0.21940735109689347,-0.2694073510968935,8
0.1,0.75,0.6090400455538584,-0.3590400455538584,5
0.1,0.75,0.0,-0.15000000000000002,9
0.1,0.75,0.3764851312661076,-0.02648513126610763,4
0.1,0.75,0.24175913958548945,-0.2917591395854895,8
0.1,0.75,0.5422684587046469,-0.19226845870464693,4
0.1,0.75,0.6623992294064142,-0.012399229406414164,1
0.1,0.75,0.5742552604116484,-0.02425526041164844,2
0.1,0.75,0.261836400724347,-0.31183640072434704,8
0.1,0.75,0.6623992294064142,-0.11239922940641417,2
0.1,0.75,0.46992211475481305,-0.21992211475481305,5
0.1,0.75,0.6090400455538584,-0.3590400455538584,5
0.1,0.75,0.6086948858179753,-0.05869488581797527,2
0.1,0.75,0.0,-0.15000000000000002,9
0.1,0.75,0.6086948858179753,-0.15869488581797525,3
0.1,0.75,0.6623992294064142,0.08760077059358584,0
0.1,0.75,0.2629936790618288,-0.31299367906182884,8
0.1,0.75,0.46992211475481305,-0.019922114754813036,3
0.1,0.75,0.6090400455538584,-0.05904004555385839,2
0.1,0.75,0.4967909547833075,-0.24679095478330748,5
0.1,0.75,0.5422684587046469,-0.19226845870464693,4
0.1,0.75,0.4694541344903692,-0.5194541344903693,8
0.1,0.75,0.5468475106079831,-0.49684751060798305,7
0.1,0.75,0.2902622119955647,-0.4402622119955647,9
0.1,0.75,0.5422684587046469,-0.0922684587046469,3
0.1,0.75,0.46992211475481305,-0.319922114754813,6
0.1,0.75,0.42853421735144903,-0.4785342173514491,8
0.1,0.75,0.24315756576632586,-0.3931575657663259,9
0.1,0.75,0.6090400455538584,-0.05904004555385839,2
0.1,0.75,0.6623992294064142,-0.012399229406414164,1
0.1,0.75,0.24315756576632586,-0.2931575657663259,8
0.1,0.75,0.5742552604116484,0.07574473958835157,1
0.1,0.75,0.24315756576632586,-0.3931575657663259,9
0.1,0.75,0.6090400455538584,-0.05904004555385839,2
0.1,0.75,0.6623992294064142,-0.012399229406414164,1
0.1,0.75,0.6623992294064142,-0.11239922940641417,2
0.1,0.75,0.6623992294064142,-0.012399229406414164,1
0.1,0.75,0.42853421735144903,-0.378534217351449,7
0.1,0.75,0.2629936790618288,-0.0129936790618288,5
0.1,0.75,0.5065292841479625,-0.2565292841479625,5
0.1,0.75,0.5468475106079831,-0.5968475106079831,8
0.1,0.75,0.2629936790618288,-0.31299367906182884,8
0.1,0.75,0.3764851312661076,-0.32648513126610756,7
0.1,0.75,0.6623992294064142,0.08760077059358584,0
0.1,0.75,0.42853421735144903,-0.378534217351449,7
0.1,0.75,0.1616508089511316,-0.11165080895113155,7
0.1,0.75,0.24315756576632586,-0.3931575657663259,9
0.1,0.75,0.21940735109689347,-0.2694073510968935,8
0.1,0.75,0.24175913958548945,-0.39175913958548947,9
0.1,0.75,0.6623992294064142,0.08760077059358584,0
0.1,0.75,0.385599188513301,-0.43559918851330104,8
0.1,0.75,0.21940735109689347,-0.16940735109689342,7
0.1,0.75,0.2902622119955647,-0.4402622119955647,9
0.1,0.75,0.6623992294064142,0.08760077059358584,0
0.1,0.75,0.6623992294064142,-0.21239922940641415,3
0.1,0.75,0.0,-0.15000000000000002,9
0.1,0.75,0.21940735109689347,-0.3694073510968935,9
0.1,0.75,0.385599188513301,-0.535599188513301,9
0.1,0.75,0.385599188513301,-0.43559918851330104,8
0.1,0.75,0.5065292841479625,-0.2565292841479625,5
0.1,0.75,0.24175913958548945,-0.2917591395854895,8
0.1,0.75,0.4694541344903692,-0.2194541344903692,5
0.1,0.75,0.6623992294064142,0.08760077059358584,0
0.1,0.75,0.6623992294064142,-0.3123992294064142,4
0.1,0.75,0.4694541344903692,-0.5194541344903693,8
0.1,0.75,0.6623992294064142,0.08760077059358584,0
0.1,0.75,0.0002521225070323263,-0.15025212250703235,9
0.1,0.75,0.5202376749670268,-0.37023767496702675,6
0.1,0.75,0.385599188513301,-0.135599188513301,5
0.1,0.75,0.385599188513301,-0.535599188513301,9
0.1,0.75,0.261836400724347,-0.31183640072434704,8
0.1,0.75,0.6086948858179753,-0.15869488581797525,3
0.1,0.75,0.24315756576632586,-0.2931575657663259,8
0.1,0.75,0.6623992294064142,0.08760077059358584,0
0.1,0.75,0.24175913958548945,-0.2917591395854895,8
0.1,0.75,0.24315756576632586,-0.3931575657663259,9
0.1,0.75,0.46992211475481305,-0.11992211475481307,4
0.1,0.75,0.35769450481611165,0.05897216185055504,4
0.1,0.75,0.03328409085217854,-0.03328409085217854,9
0.1,0.75,0.27167041034638195,0.22832958965361805,3
0.1,0.75,0.12520878807357239,0.20812454525976093,5
0.1,0.75,0.49122554744404323,0.09210778588929011,2
0.1,0.75,0.07123114870903602,0.17876885129096398,6
0.1,0.75,0.49122554744404323,0.25877445255595677,0
0.1,0.75,0.13249648641337675,0.034170180253289884,7
0.1,0.75,0.2607152226933749,0.07261811063995843,5
0.1,0.75,0.07455632252156719,0.09211034414509944,7
0.1,0.75,0.059520287945169725,-0.059520287945169725,9
0.1,0.75,0.36729045602441623,0.2160428773089171,2
0.1,0.75,0.11145836542887166,0.13854163457112834,6
0.1,0.75,0.062180243068847285,-0.062180243068847285,9
0.1,0.75,0.3514304689713095,0.06523619769535721,4
0.1,0.75,0.07070379015044259,-0.07070379015044259,9
0.1,0.75,0.3164043770588604,0.10026228960780631,4
0.1,0.75,0.49122554744404323,0.25877445255595677,0
0.1,0.75,0.40803444525214194,0.008632221414524743,4
0.1,0.75,0.35899251776501295,-0.025659184431679638,5
0.1,0.75,0.49122554744404323,0.17544111922262345,1
0.1,0.75,0.0,0.0,9
0.1,0.75,0.27142142629317934,0.14524524037348735,4
0.1,0.75,0.07036674616125838,-0.07036674616125838,9
0.1,0.75,0.49122554744404323,0.25877445255595677,0
0.1,0.75,0.35075303839525485,0.14924696160474515,3
0.1,0.75,0.39669221622365947,0.2699744504430072,1
0.1,0.75,0.060215301523352194,-0.060215301523352194,9
0.1,0.75,0.49122554744404323,0.17544111922262345,1
0.1,0.75,0.0016564055234935537,-0.0016564055234935537,9
0.1,0.75,0.07123114870903602,0.17876885129096398,6
0.1,0.75,0.07214991607853904,0.26118341725479427,5
0.1,0.75,0.0034582910227277663,-0.0034582910227277663,9
0.1,0.75,0.009476153973720702,0.07385717935961267,8
0.1,0.75,0.05668888410905559,0.026644449224277778,8
0.1,0.75,0.4837492874056374,0.016250712594362615,3
0.1,0.75,0.3539186306232933,0.14608136937670668,3
0.1,0.75,0.49122554744404323,0.17544111922262345,1
0.1,0.75,0.49122554744404323,0.25877445255595677,0
0.1,0.75,0.39669221622365947,0.2699744504430072,1
0.1,0.75,0.3526121536134059,-0.10261215361340592,6
0.1,0.75,0.39669221622365947,0.18664111710967388,2
0.1,0.75,0.49122554744404323,0.25877445255595677,0
0.1,0.75,0.011893067053829531,-0.011893067053829531,9
0.1,0.75,0.49122554744404323,0.17544111922262345,1
0.1,0.75,0.07123114870903602,0.34543551795763067,4
0.1,0.75,0.38912364978807834,0.27754301687858834,1
0.1,0.75,0.3103197625751619,-0.06031976257516192,6
0.1,0.75,0.49122554744404323,0.25877445255595677,0
0.1,0.75,0.35056182165240424,-0.017228488319070923,5
0.1,0.75,0.1864234962965302,0.23024317037013647,4
0.1,0.75,0.49122554744404323,0.25877445255595677,0
0.1,0.75,0.49122554744404323,0.25877445255595677,0
0.1,0.75,0.07123114870903602,0.012102184624297352,8
0.1,0.75,0.49122554744404323,0.25877445255595677,0
0.1,0.75,0.459832406379585,0.12350092695374834,2
0.1,0.75,0.06325677788705819,0.10340988877960844,7
0.1,0.75,0.06378992884376644,0.2695434044895669,5
0.1,0.75,0.35075303839525485,-0.10075303839525485,6
0.1,0.75,0.49122554744404323,0.25877445255595677,0
0.1,0.75,0.06065155781239562,-0.06065155781239562,9
0.1,0.75,0.3174628801446353,-0.3174628801446353,9
0.1,0.75,0.07214991607853904,0.09451675058812758,7
0.1,0.75,0.062180243068847285,0.10448642359781934,7
0.1,0.75,0.05960977234458664,-0.05960977234458664,9
0.1,0.75,0.07121628610870656,-0.07121628610870656,9
0.1,0.75,0.35769450481611165,-0.10769450481611165,6
0.1,0.75,0.49122554744404323,0.25877445255595677,0
0.1,0.75,0.3127050815561151,-0.0627050815561151,6
0.1,0.75,0.4400981151104615,0.14323521822287186,2
0.1,0.75,0.2607152226933749,0.1559514439732918,4
0.1,0.75,0.31771655017054434,0.09895011649612234,4
0.1,0.75,0.49122554744404323,0.17544111922262345,1
0.1,0.75,0.12520878807357239,0.2914578785930943,4
0.1,0.75,0.0027453516058025818,-0.0027453516058025818,9
0.1,0.75,0.07236200144916793,0.010971331884165436,8
0.1,0.75,0.49122554744404323,0.25877445255595677,0
0.1,0.75,0.06304317797024295,-0.06304317797024295,9
0.1,0.75,0.05401868758400663,-0.05401868758400663,9
0.1,0.75,0.49122554744404323,0.25877445255595677,0
0.1,0.75,0.3581585462533289,-0.10815854625332888,6
0.1,0.75,0.13346141606678164,0.19987191726655168,5
0.1,0.75,0.4400981151104615,-0.0234314484437948,4
0.1,0.75,0.07123114870903602,-0.07123114870903602,9
0.1,0.75,0.018874960857570344,0.14779170580909629,7
0.1,0.75,0.0007233384201356108,-0.0007233384201356108,9
0.1,0.75,0.459832406379585,0.040167593620415,3
0.1,0.75,0.07670187984067922,0.08996478682598741,7
0.1,0.75,0.49122554744404323,0.09210778588929011,2
0.1,0.75,0.13930887005604153,-0.13930887005604153,9
0.1,0.75,0.12520878807357239,0.458124545259761,2
0.1,0.75,0.4837492874056374,0.09958404592769596,2
0.1,0.75,0.011893067053829531,-0.011893067053829531,9
0.1,0.75,0.07214991607853904,0.17785008392146096,6
0.1,0.75,0.21836507959267193,-0.13503174625933856,8
0.1,0.75,0.05702630354064775,0.27630702979268557,5
0.1,0.75,0.13947309085243442,0.11052690914756558,6
0.1,0.75,0.07214991607853904,0.09451675058812758,7
0.1,0.75,0.36827548533646537,0.13172451466353463,3
0.1,0.75,0.041082228045256075,0.042251105288077295,8
0.1,0.75,0.9680567115073361,-0.7692307692307693,10
0.1,0.75,0.16828933816592273,-0.2644431843197689,11
0.1,0.75,0.17632192147614734,0.26598577083154495,4
0.1,0.75,0.8846850956852224,-0.6923076923076923,9
0.1,0.75,0.1760394759225462,-0.041424091307161626,8
0.1,0.75,0.08907123541814055,-0.1852250815719867,11
0.1,0.75,0.24980936013667854,-0.3459632062905247,11
0.1,0.75,0.1689864093151694,0.11947512914636904,6
0.1,0.75,0.13514845205100667,-0.07745614435869896,9
0.1,0.75,0.9826408586840785,0.0,0
0.1,0.75,0.8846850956852224,-0.6153846153846154,8
0.1,0.75,0.9826408586840785,-0.23076923076923078,3
0.1,0.75,0.9826408586840785,-0.38461538461538464,5
0.1,0.75,0.9826408586840785,-0.7692307692307693,10
0.1,0.75,0.17632192147614734,0.26598577083154495,4
0.1,0.75,0.08907123541814055,-0.10830200464890982,10
0.1,0.75,0.9826408586840785,0.0,0
0.1,0.75,0.9680567115073361,-0.6153846153846154,8
0.1,0.75,0.9826408586840785,-0.07692307692307693,1
0.1,0.75,0.9680567115073361,-0.23076923076923078,3
0.1,0.75,0.9394896498108463,-0.3076923076923077,4
0.1,0.75,0.2455785165522859,-0.1878862088599782,9
0.1,0.75,0.24980936013667854,-0.3459632062905247,11
0.1,0.75,0.9826408586840785,-0.15384615384615385,2
0.1,0.75,0.9680567115073361,-0.5384615384615384,7
0.1,0.75,0.9826408586840785,-0.3076923076923077,4
0.1,0.75,0.06676138493996508,-0.16291523109381123,11
0.1,0.75,0.9826408586840785,0.0,0
0.1,0.75,0.9826408586840785,0.0,0
0.1,0.75,0.8846850956852224,-0.23076923076923078,3
0.1,0.75,0.9394896498108463,-0.46153846153846156,6
0.1,0.75,0.9826408586840785,-0.38461538461538464,5
0.1,0.75,0.9826408586840785,-0.15384615384615385,2
0.1,0.75,0.12535612051410105,-0.2215099666679472,11
0.1,0.75,0.9826408586840785,-0.15384615384615385,2
0.1,0.75,0.8846850956852224,-0.15384615384615385,2
0.1,0.75,0.8846850956852224,-0.6153846153846154,8
0.1,0.75,0.9826408586840785,-0.07692307692307693,1
0.1,0.75,0.9826408586840785,-0.23076923076923078,3
0.1,0.75,0.13514845205100667,-0.15437922128177595,10
0.1,0.75,0.9826408586840785,-0.07692307692307693,1
0.1,0.75,0.9680567115073361,-0.8461538461538461,11
0.1,0.75,0.13514845205100667,-0.07745614435869896,9
0.1,0.75,0.8846850956852224,-0.23076923076923078,3
0.1,0.75,0.9826408586840785,-0.23076923076923078,3
0.1,0.75,0.23553045167227926,-0.25476122090304854,10
0.1,0.75,0.9826408586840785,-0.15384615384615385,2
0.1,0.75,0.2455785165522859,-0.1878862088599782,9
0.1,0.75,0.2455785165522859,-0.11096313193690133,8
0.1,0.75,0.9826408586840785,-0.23076923076923078,3
0.1,0.75,0.9680567115073361,-0.7692307692307693,10
0.1,0.75,0.06676625649827916,-0.1629201026521253,11
0.1,0.75,0.9826408586840785,0.0,0
0.1,0.75,0.12535612051410105,-0.2215099666679472,11
0.1,0.75,0.9826408586840785,-0.38461538461538464,5
0.1,0.75,0.8846850956852224,-0.6153846153846154,8
0.1,0.75,0.12744625720955838,-0.06975394951725067,9
0.1,0.75,0.08907123541814055,-0.03137892772583284,9
0.1,0.75,0.8846850956852224,-0.5384615384615384,7
0.1,0.75,0.8846850956852224,-0.6153846153846154,8
0.1,0.75,0.06676138493996508,-0.16291523109381123,11
0.1,0.75,0.9680567115073361,-0.8461538461538461,11
0.1,0.75,0.8846850956852224,-0.46153846153846156,6
0.1,0.75,0.9680567115073361,-0.8461538461538461,11
0.1,0.75,0.9826408586840785,-0.23076923076923078,3
0.1,0.75,0.08907123541814055,-0.03137892772583284,9
0.1,0.75,0.08907123541814055,-0.1852250815719867,11
0.1,0.75,0.8846850956852224,-0.15384615384615385,2
0.1,0.75,0.9826408586840785,-0.7692307692307693,10
0.1,0.75,0.9826408586840785,-0.23076923076923078,3
0.1,0.75,0.9680567115073361,-0.8461538461538461,11
0.1,0.75,0.9826408586840785,-0.46153846153846156,6
0.1,0.75,0.13514845205100667,-0.23130229820485282,11
0.1,0.75,0.9680567115073361,-0.6923076923076923,9
0.1,0.75,0.12744625720955838,0.16101528125198006,6
0.1,0.75,0.18094116044347042,-0.2001719296742397,10
0.1,0.75,0.9398289956970705,-0.46153846153846156,6
0.1,0.75,0.9826408586840785,-0.23076923076923078,3
0.1,0.75,0.9826408586840785,-0.07692307692307693,1
0.1,0.75,0.08907123541814055,-0.1852250815719867,11
0.1,0.75,0.12535612051410105,-0.2215099666679472,11
0.1,0.75,0.8846850956852224,-0.3076923076923077,4
0.1,0.75,0.9398289956970705,-0.23076923076923078,3
0.1,0.75,0.8846850956852224,-0.8461538461538461,11
0.1,0.75,0.1689864093151694,-0.11129410162286169,9
0.1,0.75,0.16828933816592273,-0.2644431843197689,11
0.1,0.75,0.9394896498108463,-0.46153846153846156,6
0.1,0.75,0.9394896498108463,-0.07692307692307693,1
0.1,0.75,0.9826408586840785,-0.38461538461538464,5
0.1,0.75,0.8846850956852224,-0.46153846153846156,6
0.1,0.75,0.08907123541814055,-0.1852250815719867,11
0.1,0.75,0.9680567115073361,-0.46153846153846156,6
0.1,0.75,0.13514845205100667,-0.23130229820485282,11
0.1,0.75,0.9826408586840785,-0.07692307692307693,1
0.1,0.75,0.8846850956852224,-0.8461538461538461,11
0.1,0.75,0.24980936013667854,-0.2690401293674478,10
0.1,0.75,0.9826408586840785,-0.07692307692307693,1
0.1,0.75,0.9826408586840785,-0.15384615384615385,2
0.1,0.75,0.8846850956852224,-0.5384615384615384,7
0.1,0.75,0.9680567115073361,-0.5384615384615384,7
0.1,0.75,0.5548418449270073,-0.1381751782603406,1
0.1,0.75,0.3057912208405609,-0.2224578875072275,2
0.1,0.75,0.5548418449270073,-0.1381751782603406,1
0.1,0.75,0.3057912208405609,0.11087544582610581,1
0.1,0.75,0.0,-0.25,3
0.1,0.75,0.0,-0.25,3
0.1,0.75,0.5548418449270073,-0.1381751782603406,1
0.1,0.75,0.5548418449270073,-0.1381751782603406,1
0.1,0.75,0.3057912208405609,0.11087544582610581,1
0.1,0.75,0.5548418449270073,0.19515815507299272,0
0.1,0.75,0.0,-0.25,3
0.1,0.75,0.5548418449270073,-0.1381751782603406,1
0.1,0.75,0.5548418449270073,0.19515815507299272,0
0.1,0.75,0.3057912208405609,0.11087544582610581,1
0.1,0.75,0.5548418449270073,0.19515815507299272,0
0.1,0.75,0.0,-0.25,3
0.1,0.75,0.0,-0.25,3
0.1,0.75,0.2290091161470067,-0.14567578281367333,2
0.1,0.75,0.2290091161470067,-0.14567578281367333,2
0.1,0.75,0.5548418449270073,-0.4715085115936739,2
0.1,0.75,0.5548418449270073,-0.1381751782603406,1
0.1,0.75,0.0,-0.25,3
0.1,0.75,0.5548418449270073,-0.1381751782603406,1
0.1,0.75,0.3057912208405609,0.11087544582610581,1
0.1,0.75,0.5548418449270073,0.19515815507299272,0
0.1,0.75,0.0,-0.25,3
0.1,0.75,0.0,-0.25,3
0.1,0.75,0.5548418449270073,0.19515815507299272,0
0.1,0.75,0.5548418449270073,0.19515815507299272,0
0.1,0.75,0.5548418449270073,0.19515815507299272,0
0.1,0.75,0.5548418449270073,0.19515815507299272,0
0.1,0.75,0.2290091161470067,-0.14567578281367333,2
0.1,0.75,0.5548418449270073,0.19515815507299272,0
0.1,0.75,0.5548418449270073,-0.1381751782603406,1
0.1,0.75,0.3057912208405609,-0.2224578875072275,2
0.1,0.75,0.5548418449270073,-0.1381751782603406,1
0.1,0.75,0.3057912208405609,-0.2224578875072275,2
0.1,0.75,0.5548418449270073,0.19515815507299272,0
0.1,0.75,0.5548418449270073,-0.4715085115936739,2
0.1,0.75,0.5548418449270073,0.19515815507299272,0
0.1,0.75,0.3057912208405609,0.11087544582610581,1
0.1,0.75,0.3057912208405609,0.11087544582610581,1
0.1,0.75,0.3057912208405609,0.11087544582610581,1
0.1,0.75,0.0,-0.25,3
0.1,0.75,0.5548418449270073,0.19515815507299272,0
0.1,0.75,0.3057912208405609,-0.2224578875072275,2
0.1,0.75,0.5548418449270073,-0.4715085115936739,2
0.1,0.75,0.3057912208405609,-0.2224578875072275,2
0.1,0.75,0.5548418449270073,0.19515815507299272,0
0.1,0.75,0.5548418449270073,-0.4715085115936739,2
0.1,0.75,0.5548418449270073,-0.4715085115936739,2
0.1,0.75,0.5548418449270073,-0.4715085115936739,2
0.1,0.75,0.5548418449270073,-0.1381751782603406,1
0.1,0.75,0.0,-0.25,3
0.1,0.75,0.3057912208405609,-0.2224578875072275,2
0.1,0.75,0.0,-0.25,3
0.1,0.75,0.3057912208405609,0.11087544582610581,1
0.1,0.75,0.0,-0.25,3
0.1,0.75,0.3057912208405609,0.11087544582610581,1
0.1,0.75,0.5548418449270073,-0.4715085115936739,2
0.1,0.75,0.3057912208405609,-0.2224578875072275,2
0.1,0.75,0.5548418449270073,0.19515815507299272,0
0.1,0.75,0.2290091161470067,-0.14567578281367333,2
0.1,0.75,0.0,-0.25,3
0.1,0.75,0.0,-0.25,3
0.1,0.75,0.5548418449270073,0.19515815507299272,0
0.1,0.75,0.0,-0.25,3
0.1,0.75,0.5548418449270073,0.19515815507299272,0
0.1,0.75,0.5548418449270073,-0.1381751782603406,1
0.1,0.75,0.3057912208405609,-0.2224578875072275,2
0.1,0.75,0.5548418449270073,-0.4715085115936739,2
0.1,0.75,0.5548418449270073,0.19515815507299272,0
0.1,0.75,0.2290091161470067,-0.14567578281367333,2
0.1,0.75,0.5548418449270073,-0.4715085115936739,2
0.1,0.75,0.0,-0.25,3
0.1,0.75,0.5548418449270073,-0.1381751782603406,1
0.1,0.75,0.5548418449270073,-0.4715085115936739,2
0.1,0.75,0.3057912208405609,-0.2224578875072275,2
0.1,0.75,0.5548418449270073,-0.4715085115936739,2
0.1,0.75,0.0,-0.25,3
0.1,0.75,0.5548418449270073,0.19515815507299272,0
0.1,0.75,0.0,-0.25,3
0.1,0.75,0.5548418449270073,-0.1381751782603406,1
0.1,0.75,0.3057912208405609,-0.2224578875072275,2
0.1,0.75,0.5548418449270073,-0.1381751782603406,1
0.1,0.75,0.3057912208405609,0.11087544582610581,1
0.1,0.75,0.0,-0.25,3
0.1,0.75,0.5548418449270073,0.19515815507299272,0
0.1,0.75,0.3057912208405609,-0.2224578875072275,2
0.1,0.75,0.2290091161470067,-0.14567578281367333,2
0.1,0.75,0.5548418449270073,-0.1381751782603406,1
0.1,0.75,0.5548418449270073,-0.4715085115936739,2
0.1,0.75,0.0,-0.25,3
0.1,0.75,0.5548418449270073,-0.1381751782603406,1
0.1,0.75,0.0,-0.25,3
0.1,0.75,0.0,-0.25,3
0.1,0.75,0.3057912208405609,0.11087544582610581,1
0.1,0.75,0.0,-0.25,3
0.1,0.75,0.3057912208405609,-0.2224578875072275,2
0.1,0.75,0.0,-0.25,3
