epsilon,L0,leakage,utility,mask_size
1,0.75,0.015768127809462573,-0.09910146114279594,5
1,0.75,0.03592524660768637,0.21407475339231363,3
1,0.75,0.051126318247808444,0.5322070150855249,1
1,0.75,0.03592524660768637,0.3807414200589803,2
1,0.75,0.015768127809462573,0.0675652055238708,4
1,0.75,0.03592524660768637,0.21407475339231363,3
1,0.75,0.0,-0.08333333333333337,5
1,0.75,0.015768127809462573,-0.09910146114279594,5
1,0.75,0.011469181810646378,0.23853081818935362,3
1,0.75,0.06016840572859605,0.18983159427140395,3
1,0.75,0.015768127809462573,-0.09910146114279594,5
1,0.75,0.015768127809462573,-0.09910146114279594,5
1,0.75,0.051126318247808444,0.19887368175219156,3
1,0.75,0.22337399647872114,0.5266260035212789,0
1,0.75,0.051126318247808444,0.19887368175219156,3
1,0.75,0.22337399647872114,-0.14004066314538777,4
1,0.75,0.0096768865126029,0.07365644682073047,4
1,0.75,0.0,-0.08333333333333337,5
1,0.75,0.015768127809462573,-0.09910146114279594,5
1,0.75,0.003609042830710618,-0.08694237616404399,5
1,0.75,0.22337399647872114,0.026626003521278863,3
1,0.75,0.22337399647872114,0.5266260035212789,0
1,0.75,0.004612425044516089,0.07872090828881728,4
1,0.75,0.0008907266304110095,-0.08422405996374438,5
1,0.75,0.003306804705818678,-0.08664013803915205,5
1,0.75,0.06016840572859605,0.35649826093807063,2
1,0.75,0.0008907266304110095,-0.08422405996374438,5
1,0.75,0.015768127809462573,-0.09910146114279594,5
1,0.75,0.0,-0.08333333333333337,5
1,0.75,0.0008907266304110095,-0.08422405996374438,5
1,0.75,0.03592524660768637,0.3807414200589803,2
1,0.75,0.015768127809462573,-0.09910146114279594,5
1,0.75,0.03592524660768637,0.047408086725647,4
1,0.75,0.22337399647872114,0.35995933685461223,1
1,0.75,0.015768127809462573,0.0675652055238708,4
1,0.75,0.05010955345870127,0.0332237798746321,4
1,0.75,0.22337399647872114,0.35995933685461223,1
1,0.75,0.22337399647872114,0.19329267018794555,2
1,0.75,0.003306804705818678,-0.08664013803915205,5
1,0.75,0.22337399647872114,0.35995933685461223,1
1,0.75,0.051126318247808444,0.5322070150855249,1
1,0.75,0.22337399647872114,0.35995933685461223,1
1,0.75,0.05010955345870127,0.0332237798746321,4
1,0.75,0.015768127809462573,-0.09910146114279594,5
1,0.75,0.03592524660768637,0.3807414200589803,2
1,0.75,0.22337399647872114,0.5266260035212789,0
1,0.75,0.003609042830710618,-0.08694237616404399,5
1,0.75,0.003306804705818678,-0.08664013803915205,5
1,0.75,0.05010955345870127,0.3665571132079654,2
1,0.75,0.008222647309668152,0.24177735269033185,3
1,0.75,0.22337399647872114,0.5266260035212789,0
1,0.75,0.015768127809462573,-0.09910146114279594,5
1,0.75,0.22337399647872114,0.35995933685461223,1
1,0.75,0.05010955345870127,0.3665571132079654,2
1,0.75,0.0,-0.08333333333333337,5
1,0.75,0.06016840572859605,0.18983159427140395,3
1,0.75,0.05010955345870127,0.0332237798746321,4
1,0.75,0.0,-0.08333333333333337,5
1,0.75,0.22337399647872114,0.5266260035212789,0
1,0.75,0.22337399647872114,0.5266260035212789,0
1,0.75,0.003609042830710618,-0.08694237616404399,5
1,0.75,0.008222647309668152,0.07511068602366522,4
1,0.75,0.015768127809462573,-0.09910146114279594,5
1,0.75,0.015768127809462573,-0.09910146114279594,5
1,0.75,0.03592524660768637,0.547408086725647,1
1,0.75,0.22337399647872114,0.026626003521278863,3
1,0.75,0.22337399647872114,0.5266260035212789,0
1,0.75,0.015768127809462573,-0.09910146114279594,5
1,0.75,0.03592524660768637,0.3807414200589803,2
1,0.75,0.015768127809462573,-0.09910146114279594,5
1,0.75,0.03592524660768637,0.3807414200589803,2
1,0.75,0.03592524660768637,0.3807414200589803,2
1,0.75,0.008222647309668152,0.24177735269033185,3
1,0.75,0.22337399647872114,0.026626003521278863,3
1,0.75,0.011469181810646378,0.23853081818935362,3
1,0.75,0.008222647309668152,0.07511068602366522,4
1,0.75,0.051126318247808444,0.5322070150855249,1
1,0.75,0.05010955345870127,0.0332237798746321,4
1,0.75,0.003306804705818678,-0.08664013803915205,5
1,0.75,0.22337399647872114,0.5266260035212789,0
1,0.75,0.011469181810646378,0.23853081818935362,3
1,0.75,0.051126318247808444,0.19887368175219156,3
1,0.75,0.22337399647872114,0.5266260035212789,0
1,0.75,0.0008907266304110095,-0.08422405996374438,5
1,0.75,0.015768127809462573,-0.09910146114279594,5
1,0.75,0.0008907266304110095,-0.08422405996374438,5
1,0.75,0.22337399647872114,0.19329267018794555,2
1,0.75,0.051126318247808444,0.19887368175219156,3
1,0.75,0.051126318247808444,0.36554034841885824,2
1,0.75,0.22337399647872114,0.35995933685461223,1
1,0.75,0.015768127809462573,-0.09910146114279594,5
1,0.75,0.015768127809462573,-0.09910146114279594,5
1,0.75,0.003609042830710618,-0.08694237616404399,5
1,0.75,0.05853885744745513,0.024794475885878242,4
1,0.75,0.003306804705818678,-0.08664013803915205,5
1,0.75,0.22337399647872114,0.026626003521278863,3
1,0.75,0.003306804705818678,-0.08664013803915205,5
1,0.75,0.22337399647872114,0.026626003521278863,3
1,0.75,0.22337399647872114,0.19329267018794555,2
1,0.75,0.003609042830710618,-0.08694237616404399,5
1,0.75,0.3594889549228737,-0.1094889549228737,5
1,0.75,0.5422684587046469,-0.19226845870464693,4
1,0.75,0.6623992294064142,-0.012399229406414164,1
1,0.75,0.24315756576632586,-0.3931575657663259,9
1,0.75,0.24175913958548945,-0.1917591395854894,7
1,0.75,0.14559895790530974,-0.29559895790530977,9
1,0.75,0.6090400455538584,-0.05904004555385839,2
1,0.75,0.6623992294064142,-0.11239922940641417,2
1,0.75,0.0,-0.15000000000000002,9
1,0.75,0.5742552604116484,0.07574473958835157,1
1,0.75,0.6090400455538584,-0.2590400455538584,4
1,0.75,0.5065292841479625,-0.2565292841479625,5
1,0.75,0.0,-0.15000000000000002,9
1,0.75,0.6623992294064142,-0.012399229406414164,1
1,0.75,0.24315756576632586,-0.2931575657663259,8
1,0.75,0.42853421735144903,-0.17853421735144903,5
1,0.75,0.42850099142022324,-0.3785009914202232,7
1,0.75,0.385599188513301,-0.23559918851330097,6
1,0.75,0.5742552604116484,-0.3242552604116484,5
1,0.75,0.44440927545847886,-0.5944092754584789,9
1,0.75,0.49676169740756204,-0.04676169740756203,3
1,0.75,0.385599188513301,-0.43559918851330104,8
1,0.75,0.2902622119955647,-0.4402622119955647,9
1,0.75,0.44440927545847886,-0.5944092754584789,9
1,0.75,0.6623992294064142,0.08760077059358584,0
1,0.75,0.5860822545816282,-0.23608225458162824,4
1,0.75,0.21940735109689347,-0.3694073510968935,9
1,0.75,0.5422684587046469,-0.19226845870464693,4
1,0.75,0.385599188513301,-0.535599188513301,9
1,0.75,0.6623992294064142,-0.21239922940641415,3
1,0.75,0.6086948858179753,-0.2586948858179753,4
1,0.75,0.6090400455538584,-0.15904004555385837,3
1,0.75,0.42853421735144903,-0.17853421735144903,5
1,0.75,0.6623992294064142,-0.21239922940641415,3
1,0.75,0.21940735109689347,-0.3694073510968935,9
1,0.75,0.0002521225070323263,-0.15025212250703235,9
1,0.75,0.6623992294064142,0.08760077059358584,0
1,0.75,0.6623992294064142,-0.012399229406414164,1
1,0.75,0.4967909547833075,-0.1467909547833075,4
1,0.75,0.6623992294064142,-0.012399229406414164,1
1,0.75,0.6086948858179753,-0.45869488581797524,6
1,0.75,0.6086948858179753,-0.2586948858179753,4
1,0.75,0.21945273335876703,-0.26945273335876707,8
1,0.75,0.5742552604116484,0.07574473958835157,1
1,0.75,0.6623992294064142,0.08760077059358584,0
1,0.75,0.37644887911807723,-0.02644887911807725,4
1,0.75,0.4694541344903692,-0.3194541344903692,6
1,0.75,0.0002521225070323263,-0.15025212250703235,9
1,0.75,0.6623992294064142,0.08760077059358584,0
1,0.75,0.385599188513301,-0.23559918851330097,6
1,0.75,0.6623992294064142,-0.41239922940641416,5
1,0.75,0.21945273335876703,-0.16945273335876698,7
1,0.75,0.5065292841479625,-0.2565292841479625,5
1,0.75,0.6623992294064142,0.08760077059358584,0
1,0.75,0.4694541344903692,-0.0194541344903692,3
1,0.75,0.6623992294064142,-0.012399229406414164,1
1,0.75,0.26303652729247295,-0.2130365272924729,7
1,0.75,0.385599188513301,-0.03559918851330102,4
1,0.75,0.14559895790530974,-0.29559895790530977,9
1,0.75,0.6623992294064142,-0.11239922940641417,2
1,0.75,0.5422684587046469,-0.0922684587046469,3
1,0.75,0.42850099142022324,-0.07850099142022327,4
1,0.75,0.6623992294064142,-0.3123992294064142,4
1,0.75,0.385599188513301,-0.43559918851330104,8
1,0.75,0.6623992294064142,-0.012399229406414164,1
1,0.75,0.5422684587046469,0.007731541295353084,2
1,0.75,0.3764851312661076,0.0735148687338924,3
1,0.75,0.6623992294064142,-0.012399229406414164,1
1,0.75,0.24175913958548945,-0.39175913958548947,9
1,0.75,0.6623992294064142,0.08760077059358584,0
1,0.75,0.0002521225070323263,-0.15025212250703235,9
1,0.75,0.44440927545847886,-0.5944092754584789,9
1,0.75,0.24175913958548945,-0.2917591395854895,8
1,0.75,0.24315756576632586,-0.3931575657663259,9
1,0.75,0.4694541344903692,-0.11945413449036923,4
1,0.75,0.5422684587046469,-0.19226845870464693,4
1,0.75,0.018199449314831084,-0.06819944931483113,8
1,0.75,0.6623992294064142,-0.012399229406414164,1
1,0.75,0.3594889549228737,-0.40948895492287374,8
1,0.75,0.5422684587046469,-0.0922684587046469,3
1,0.75,0.5468475106079831,-0.39684751060798307,6
1,0.75,0.5422684587046469,0.007731541295353084,2
1,0.75,0.46992211475481305,-0.21992211475481305,5
1,0.75,0.42850099142022324,-0.3785009914202232,7
1,0.75,0.24175913958548945,-0.39175913958548947,9
1,0.75,0.14581437163805366,-0.1958143716380537,8
1,0.75,0.26303652729247295,-0.11303652729247293,6
1,0.75,0.44440927545847886,-0.4944092754584789,8
1,0.75,0.385599188513301,-0.03559918851330102,4
1,0.75,0.5422684587046469,0.007731541295353084,2
1,0.75,0.21945273335876703,-0.26945273335876707,8
1,0.75,0.5468475106079831,-0.2968475106079831,5
1,0.75,0.4694541344903692,-0.11945413449036923,4
1,0.75,0.14559895790530974,-0.29559895790530977,9
1,0.75,0.14559895790530974,-0.29559895790530977,9
1,0.75,0.3166049127277152,-0.26660491272771514,7
1,0.75,0.6623992294064142,-0.012399229406414164,1
1,0.75,0.46992211475481305,-0.11992211475481307,4
1,0.75,0.5422684587046469,-0.0922684587046469,3
1,0.75,0.4967909547833075,-0.04679095478330747,3
1,0.75,0.014580918669557907,0.15208574799710872,7
1,0.75,0.09917026085367997,0.3174964058129867,4
1,0.75,0.45206181053000827,0.04793818946999173,3
1,0.75,0.1400003816150709,0.19333295171826242,5
1,0.75,0.49122554744404323,0.25877445255595677,0
1,0.75,0.05442133358978274,0.11224533307688389,7
1,0.75,0.38912364978807834,0.27754301687858834,1
1,0.75,0.0007966489725965697,-0.0007966489725965697,9
1,0.75,0.312030766384366,-0.312030766384366,9
1,0.75,0.0018018508081280027,-0.0018018508081280027,9
1,0.75,0.3186919797606491,0.014641353572684201,5
1,0.75,0.49122554744404323,0.25877445255595677,0
1,0.75,0.39669221622365947,0.18664111710967388,2
1,0.75,0.27142142629317934,0.14524524037348735,4
1,0.75,0.49122554744404323,0.17544111922262345,1
1,0.75,0.36729045602441623,0.13270954397558377,3
1,0.75,0.026422516007042263,-0.026422516007042263,9
1,0.75,0.07123114870903602,-0.07123114870903602,9
1,0.75,0.06325677788705819,-0.06325677788705819,9
1,0.75,0.1160164912849243,0.3839835087150757,3
1,0.75,0.49122554744404323,0.25877445255595677,0
1,0.75,0.12395741496761203,0.12604258503238797,6
1,0.75,0.3527383773688254,0.1472616226311746,3
1,0.75,0.001723073636884176,-0.001723073636884176,9
1,0.75,0.27142142629317934,0.39524524037348735,1
1,0.75,0.07123114870903602,0.34543551795763067,4
1,0.75,0.08445475091969434,-0.08445475091969434,9
1,0.75,0.07036674616125838,-0.07036674616125838,9
1,0.75,0.07479426249835319,0.1752057375016468,6
1,0.75,0.49122554744404323,0.17544111922262345,1
1,0.75,0.3514304689713095,0.23190286436202387,2
1,0.75,0.07292335260564409,0.1770766473943559,6
1,0.75,0.27142142629317934,0.22857857370682066,3
1,0.75,0.12520878807357239,0.3747912119264276,3
1,0.75,0.3539186306232933,-0.020585297289960003,5
1,0.75,0.060215301523352194,0.023118031809981177,8
1,0.75,0.38912364978807834,0.27754301687858834,1
1,0.75,0.014806089260228639,-0.014806089260228639,9
1,0.75,0.3292601046160202,-0.07926010461602018,6
1,0.75,0.018246079484895983,0.23175392051510402,6
1,0.75,0.055379475130745814,-0.055379475130745814,9
1,0.75,0.35034422018165634,-0.35034422018165634,9
1,0.75,0.49122554744404323,0.09210778588929011,2
1,0.75,0.17280902875027415,0.24385763791639253,4
1,0.75,0.10165825130765349,0.3150084153590132,4
1,0.75,0.49122554744404323,0.25877445255595677,0
1,0.75,0.07214991607853904,-0.07214991607853904,9
1,0.75,0.4400981151104615,0.2265685515562052,1
1,0.75,0.49122554744404323,0.17544111922262345,1
1,0.75,0.4400981151104615,0.059901884889538515,3
1,0.75,0.4400981151104615,-0.10676478177712817,5
1,0.75,0.27142142629317934,0.14524524037348735,4
1,0.75,0.011893067053829531,-0.011893067053829531,9
1,0.75,0.008839927559450844,-0.008839927559450844,9
1,0.75,0.12809943965902804,0.12190056034097196,6
1,0.75,0.49122554744404323,0.17544111922262345,1
1,0.75,0.061505315124170234,-0.061505315124170234,9
1,0.75,0.11643341894354942,-0.11643341894354942,9
1,0.75,0.00388748137606576,-0.00388748137606576,9
1,0.75,0.06296199010796566,-0.06296199010796566,9
1,0.75,0.3878268224287339,0.1121731775712661,3
1,0.75,0.49122554744404323,0.17544111922262345,1
1,0.75,0.27142142629317934,0.39524524037348735,1
1,0.75,0.3878268224287339,-0.05449348909540058,5
1,0.75,0.38912364978807834,0.194209683545255,2
1,0.75,0.07148612890569572,-0.07148612890569572,9
1,0.75,0.49122554744404323,0.09210778588929011,2
1,0.75,0.004193760888674403,-0.004193760888674403,9
1,0.75,0.3101932208205598,-0.3101932208205598,9
1,0.75,0.4837492874056374,-0.0670826207389707,4
1,0.75,0.02784967925602566,0.05548365407730771,8
1,0.75,0.4837492874056374,0.09958404592769596,2
1,0.75,0.152289551106487,0.01437711556017962,7
1,0.75,0.39669221622365947,0.2699744504430072,1
1,0.75,0.49122554744404323,0.25877445255595677,0
1,0.75,0.27142142629317934,0.39524524037348735,1
1,0.75,0.13947309085243442,0.1938602424808989,5
1,0.75,0.3101238597352981,-0.22679052640196473,8
1,0.75,0.49122554744404323,0.25877445255595677,0
1,0.75,0.07059352772082239,0.01273980561251098,8
1,0.75,0.3878268224287339,0.19550651090459945,2
1,0.75,0.27142142629317934,0.31191190704015404,2
1,0.75,0.0712854626843189,-0.0712854626843189,9
1,0.75,0.05544825654912722,-0.05544825654912722,9
1,0.75,0.1160164912849243,0.1339835087150757,6
1,0.75,0.49122554744404323,0.17544111922262345,1
1,0.75,0.1524620991231389,0.0975379008768611,6
1,0.75,0.4837492874056374,0.1829173792610293,1
1,0.75,0.0018273072782135635,-0.0018273072782135635,9
1,0.75,0.3514304689713095,0.14856953102869053,3
1,0.75,0.38912364978807834,0.27754301687858834,1
1,0.75,0.49122554744404323,0.25877445255595677,0
1,0.75,0.4837492874056374,0.1829173792610293,1
1,0.75,0.11528717032436842,-0.11528717032436842,9
1,0.75,0.059520287945169725,-0.059520287945169725,9
1,0.75,0.0007657060564544294,-0.0007657060564544294,9
1,0.75,0.49122554744404323,0.17544111922262345,1
1,0.75,0.02369926278823198,0.05963407054510139,8
1,0.75,0.3527383773688254,0.23059495596450794,2
1,0.75,0.0,0.0,9
1,0.75,0.9826408586840785,0.0,0
1,0.75,0.1222736628243225,-0.21842750897816865,11
1,0.75,0.8846850956852224,-0.6153846153846154,8
1,0.75,0.9394896498108463,-0.23076923076923078,3
1,0.75,0.9826408586840785,-0.15384615384615385,2
1,0.75,0.1689864093151694,0.19639820606944597,5
1,0.75,0.9826408586840785,0.0,0
1,0.75,0.9826408586840785,-0.07692307692307693,1
1,0.75,0.8846850956852224,-0.15384615384615385,2
1,0.75,0.9826408586840785,0.0,0
1,0.75,0.9826408586840785,0.0,0
1,0.75,0.9826408586840785,-0.07692307692307693,1
1,0.75,0.8846850956852224,-0.7692307692307693,10
1,0.75,0.9826408586840785,-0.23076923076923078,3
1,0.75,0.23553045167227926,-0.3316842978261254,11
1,0.75,0.9826408586840785,-0.46153846153846156,6
1,0.75,0.8846850956852224,-0.6923076923076923,9
1,0.75,0.12744625720955838,-0.14667702644032765,10
1,0.75,0.8846850956852224,-0.46153846153846156,6
1,0.75,0.17632192147614734,0.1121396169853911,6
1,0.75,0.06676138493996508,-0.16291523109381123,11
1,0.75,0.8846850956852224,-0.8461538461538461,11
1,0.75,0.9826408586840785,-0.46153846153846156,6
1,0.75,0.9826408586840785,-0.07692307692307693,1
1,0.75,0.9826408586840785,0.0,0
1,0.75,0.9826408586840785,-0.6153846153846154,8
1,0.75,0.8846850956852224,-0.5384615384615384,7
1,0.75,0.9680567115073361,-0.6923076923076923,9
1,0.75,0.2455785165522859,-0.2648092857830552,10
1,0.75,0.8846850956852224,-0.07692307692307693,1
1,0.75,0.12744625720955838,0.007169127405826203,8
1,0.75,0.08907123541814055,-0.1852250815719867,11
1,0.75,0.1222736628243225,-0.0645813551320148,9
1,0.75,0.9826408586840785,0.0,0
1,0.75,0.9826408586840785,0.0,0
1,0.75,0.9680567115073361,-0.8461538461538461,11
1,0.75,0.8846850956852224,-0.15384615384615385,2
1,0.75,0.8846850956852224,-0.8461538461538461,11
1,0.75,0.06676625649827916,-0.08599702572904844,10
1,0.75,0.9680567115073361,-0.3076923076923077,4
1,0.75,0.9826408586840785,0.0,0
1,0.75,0.12744625720955838,-0.06975394951725067,9
1,0.75,0.9826408586840785,-0.3076923076923077,4
1,0.75,0.13818569520024426,-0.2343395413540904,11
1,0.75,0.9826408586840785,-0.46153846153846156,6
1,0.75,0.9680567115073361,-0.7692307692307693,10
1,0.75,0.12744625720955838,0.007169127405826203,8
1,0.75,0.9826408586840785,0.0,0
1,0.75,0.8846850956852224,-0.23076923076923078,3
1,0.75,0.24980936013667854,-0.19211705244437083,9
1,0.75,0.9826408586840785,-0.6153846153846154,8
1,0.75,0.08907123541814055,-0.1852250815719867,11
1,0.75,0.8846850956852224,-0.7692307692307693,10
1,0.75,0.8846850956852224,-0.8461538461538461,11
1,0.75,0.12535612051410105,-0.2215099666679472,11
1,0.75,0.12744625720955838,-0.22360010336340452,11
1,0.75,0.9826408586840785,-0.23076923076923078,3
1,0.75,0.08907123541814055,-0.10830200464890982,10
1,0.75,0.12535612051410105,-0.2215099666679472,11
1,0.75,0.9826408586840785,-0.46153846153846156,6
1,0.75,0.08907123541814055,-0.1852250815719867,11
1,0.75,0.9826408586840785,-0.07692307692307693,1
1,0.75,0.2455785165522859,-0.1878862088599782,9
1,0.75,0.06676138493996508,-0.16291523109381123,11
1,0.75,0.9680567115073361,-0.6923076923076923,9
1,0.75,0.8846850956852224,-0.5384615384615384,7
1,0.75,0.12744625720955838,0.23793835817505699,5
1,0.75,0.17632192147614734,0.1121396169853911,6
1,0.75,0.9680567115073361,-0.38461538461538464,5
1,0.75,0.16828933816592273,-0.2644431843197689,11
1,0.75,0.9826408586840785,-0.07692307692307693,1
1,0.75,0.8846850956852224,-0.6923076923076923,9
1,0.75,0.9826408586840785,-0.07692307692307693,1
1,0.75,0.1222736628243225,-0.21842750897816865,11
1,0.75,0.9394896498108463,-0.15384615384615385,2
1,0.75,0.9826408586840785,-0.3076923076923077,4
1,0.75,0.9394896498108463,-0.38461538461538464,5
1,0.75,0.12744625720955838,0.007169127405826203,8
1,0.75,0.9826408586840785,0.0,0
1,0.75,0.8846850956852224,-0.8461538461538461,11
1,0.75,0.08907123541814055,0.04554414919724403,8
1,0.75,0.9826408586840785,-0.15384615384615385,2
1,0.75,0.9680567115073361,-0.7692307692307693,10
1,0.75,0.9680567115073361,-0.8461538461538461,11
1,0.75,0.8846850956852224,-0.8461538461538461,11
1,0.75,0.9826408586840785,0.0,0
1,0.75,0.9394896498108463,-0.5384615384615384,7
1,0.75,0.13818569520024426,0.0733527663382173,7
1,0.75,0.9826408586840785,0.0,0
1,0.75,0.9394896498108463,-0.3076923076923077,4
1,0.75,0.8846850956852224,-0.5384615384615384,7
1,0.75,0.9680567115073361,-0.8461538461538461,11
1,0.75,0.8846850956852224,-0.3076923076923077,4
1,0.75,0.9826408586840785,-0.5384615384615384,7
1,0.75,0.8846850956852224,-0.23076923076923078,3
1,0.75,0.06676138493996508,-0.16291523109381123,11
1,0.75,0.9680567115073361,-0.8461538461538461,11
1,0.75,0.9680567115073361,-0.5384615384615384,7
1,0.75,0.12744625720955838,0.23793835817505699,5
1,0.75,0.18094116044347042,-0.046325775828085836,8
1,0.75,0.0,-0.25,3
1,0.75,0.3057912208405609,0.11087544582610581,1
1,0.75,0.3057912208405609,-0.2224578875072275,2
1,0.75,0.5548418449270073,0.19515815507299272,0
1,0.75,0.5548418449270073,-0.1381751782603406,1
1,0.75,0.5548418449270073,-0.1381751782603406,1
1,0.75,0.5548418449270073,-0.4715085115936739,2
1,0.75,0.3057912208405609,0.11087544582610581,1
1,0.75,0.0,-0.25,3
1,0.75,0.0,-0.25,3
1,0.75,0.3057912208405609,0.11087544582610581,1
1,0.75,0.5548418449270073,0.19515815507299272,0
1,0.75,0.3057912208405609,-0.2224578875072275,2
1,0.75,0.0,-0.25,3
1,0.75,0.0,-0.25,3
1,0.75,0.0,-0.25,3
1,0.75,0.5548418449270073,0.19515815507299272,0
1,0.75,0.0,-0.25,3
1,0.75,0.3057912208405609,-0.2224578875072275,2
1,0.75,0.5548418449270073,-0.1381751782603406,1
1,0.75,0.5548418449270073,-0.1381751782603406,1
1,0.75,0.0,-0.25,3
1,0.75,0.5548418449270073,-0.4715085115936739,2
1,0.75,0.2290091161470067,-0.14567578281367333,2
1,0.75,0.3057912208405609,0.11087544582610581,1
1,0.75,0.3057912208405609,0.11087544582610581,1
1,0.75,0.5548418449270073,0.19515815507299272,0
1,0.75,0.5548418449270073,0.19515815507299272,0
1,0.75,0.3057912208405609,0.11087544582610581,1
1,0.75,0.5548418449270073,-0.1381751782603406,1
1,0.75,0.3057912208405609,0.11087544582610581,1
1,0.75,0.2290091161470067,-0.14567578281367333,2
1,0.75,0.5548418449270073,-0.1381751782603406,1
1,0.75,0.5548418449270073,0.19515815507299272,0
1,0.75,0.3057912208405609,-0.2224578875072275,2
1,0.75,0.5548418449270073,0.19515815507299272,0
1,0.75,0.0,-0.25,3
1,0.75,0.5548418449270073,0.19515815507299272,0
1,0.75,0.3057912208405609,0.11087544582610581,1
1,0.75,0.0,-0.25,3
1,0.75,0.3057912208405609,-0.2224578875072275,2
1,0.75,0.5548418449270073,0.19515815507299272,0
1,0.75,0.5548418449270073,-0.1381751782603406,1
1,0.75,0.5548418449270073,0.19515815507299272,0
1,0.75,0.3057912208405609,-0.2224578875072275,2
1,0.75,0.0,-0.25,3
1,0.75,0.5548418449270073,0.19515815507299272,0
1,0.75,0.3057912208405609,0.11087544582610581,1
1,0.75,0.5548418449270073,-0.4715085115936739,2
1,0.75,0.5548418449270073,-0.4715085115936739,2
1,0.75,0.0,-0.25,3
1,0.75,0.5548418449270073,0.19515815507299272,0
1,0.75,0.5548418449270073,0.19515815507299272,0
1,0.75,0.3057912208405609,-0.2224578875072275,2
1,0.75,0.2290091161470067,-0.14567578281367333,2
1,0.75,0.5548418449270073,-0.4715085115936739,2
1,0.75,0.5548418449270073,0.19515815507299272,0
1,0.75,0.0,-0.25,3
1,0.75,0.3057912208405609,0.11087544582610581,1
1,0.75,0.0,-0.25,3
1,0.75,0.0,-0.25,3
1,0.75,0.0,-0.25,3
1,0.75,0.0,-0.25,3
1,0.75,0.5548418449270073,-0.1381751782603406,1
1,0.75,0.3057912208405609,-0.2224578875072275,2
1,0.75,0.3057912208405609,0.11087544582610581,1
1,0.75,0.2290091161470067,-0.14567578281367333,2
1,0.75,0.2290091161470067,-0.14567578281367333,2
1,0.75,0.5548418449270073,-0.1381751782603406,1
1,0.75,0.5548418449270073,-0.1381751782603406,1
1,0.75,0.5548418449270073,0.19515815507299272,0
1,0.75,0.5548418449270073,-0.4715085115936739,2
1,0.75,0.3057912208405609,0.11087544582610581,1
1,0.75,0.5548418449270073,0.19515815507299272,0
1,0.75,0.5548418449270073,-0.4715085115936739,2
1,0.75,0.0,-0.25,3
1,0.75,0.0,-0.25,3
1,0.75,0.5548418449270073,-0.4715085115936739,2
1,0.75,0.5548418449270073,-0.1381751782603406,1
1,0.75,0.5548418449270073,-0.1381751782603406,1
1,0.75,0.0,-0.25,3
1,0.75,0.5548418449270073,-0.1381751782603406,1
1,0.75,0.5548418449270073,0.19515815507299272,0
1,0.75,0.5548418449270073,0.19515815507299272,0
1,0.75,0.0,-0.25,3
1,0.75,0.3057912208405609,0.11087544582610581,1
1,0.75,0.5548418449270073,-0.1381751782603406,1
1,0.75,0.5548418449270073,-0.4715085115936739,2
1,0.75,0.0,-0.25,3
1,0.75,0.5548418449270073,0.19515815507299272,0
1,0.75,0.3057912208405609,0.11087544582610581,1
1,0.75,0.5548418449270073,0.19515815507299272,0
1,0.75,0.0,-0.25,3
1,0.75,0.3057912208405609,-0.2224578875072275,2
1,0.75,0.5548418449270073,0.19515815507299272,0
1,0.75,0.5548418449270073,0.19515815507299272,0
1,0.75,0.0,-0.25,3
1,0.75,0.5548418449270073,-0.1381751782603406,1
1,0.75,0.0,-0.25,3
1,0.75,0.0,-0.25,3
