epsilon,L0,leakage,utility,mask_size
10,0.25,0.003609042830710618,-0.586942376164044,5
10,0.25,0.013497595919447658,-0.26349759591944766,3
10,0.25,0.22337399647872114,-0.47337399647872114,3
10,0.25,0.008222647309668152,-0.25822264730966815,3
10,0.25,0.22337399647872114,0.026626003521278863,0
10,0.25,0.0008907266304110095,-0.5842240599637444,5
10,0.25,0.051126318247808444,-0.30112631824780844,3
10,0.25,0.011469181810646378,-0.2614691818106464,3
10,0.25,0.015768127809462573,-0.5991014611427959,5
10,0.25,0.051126318247808444,-0.13445965158114176,2
10,0.25,0.0,-0.41666666666666663,4
10,0.25,0.013497595919447658,-0.4301642625861143,4
10,0.25,0.03592524660768637,-0.11925857994101968,2
10,0.25,0.051126318247808444,-0.13445965158114176,2
10,0.25,0.051126318247808444,-0.4677929849144751,4
10,0.25,0.003306804705818678,-0.586640138039152,5
10,0.25,0.015768127809462573,-0.5991014611427959,5
10,0.25,0.03592524660768637,0.047408086725646975,1
10,0.25,0.22337399647872114,0.026626003521278863,0
10,0.25,0.22337399647872114,-0.30670732981205445,2
10,0.25,0.051126318247808444,-0.13445965158114176,2
10,0.25,0.03592524660768637,-0.11925857994101968,2
10,0.25,0.06016840572859605,-0.31016840572859605,3
10,0.25,0.22337399647872114,-0.47337399647872114,3
10,0.25,0.06016840572859605,-0.14350173906192937,2
10,0.25,0.0,-0.41666666666666663,4
10,0.25,0.015768127809462573,-0.5991014611427959,5
10,0.25,0.051126318247808444,-0.30112631824780844,3
10,0.25,0.05010955345870127,-0.4667762201253679,4
10,0.25,0.0,-0.41666666666666663,4
10,0.25,0.03592524660768637,0.047408086725646975,1
10,0.25,0.003306804705818678,-0.586640138039152,5
10,0.25,0.22337399647872114,0.026626003521278863,0
10,0.25,0.03592524660768637,-0.452591913274353,4
10,0.25,0.03592524660768637,-0.11925857994101968,2
10,0.25,0.03592524660768637,-0.452591913274353,4
10,0.25,0.06016840572859605,-0.31016840572859605,3
10,0.25,0.22337399647872114,-0.30670732981205445,2
10,0.25,0.22337399647872114,-0.30670732981205445,2
10,0.25,0.03592524660768637,-0.28592524660768637,3
10,0.25,0.03592524660768637,-0.11925857994101968,2
10,0.25,0.003609042830710618,-0.586942376164044,5
10,0.25,0.051126318247808444,0.0322070150855249,1
10,0.25,0.22337399647872114,0.026626003521278863,0
10,0.25,0.0,-0.5833333333333334,5
10,0.25,0.03592524660768637,-0.11925857994101968,2
10,0.25,0.0008907266304110095,-0.5842240599637444,5
10,0.25,0.013497595919447658,-0.4301642625861143,4
10,0.25,0.22337399647872114,0.026626003521278863,0
10,0.25,0.0,-0.41666666666666663,4
10,0.25,0.22337399647872114,-0.1400406631453878,1
10,0.25,0.05010955345870127,-0.3001095534587013,3
10,0.25,0.05010955345870127,-0.4667762201253679,4
10,0.25,0.051126318247808444,-0.30112631824780844,3
10,0.25,0.06016840572859605,-0.4768350723952627,4
10,0.25,0.22337399647872114,-0.30670732981205445,2
10,0.25,0.03592524660768637,0.047408086725646975,1
10,0.25,0.22337399647872114,0.026626003521278863,0
10,0.25,0.22337399647872114,-0.1400406631453878,1
10,0.25,0.22337399647872114,-0.1400406631453878,1
10,0.25,0.22337399647872114,0.026626003521278863,0
10,0.25,0.015768127809462573,-0.5991014611427959,5
10,0.25,0.05853885744745513,-0.47520552411412176,4
10,0.25,0.22337399647872114,0.026626003521278863,0
10,0.25,0.22337399647872114,-0.1400406631453878,1
10,0.25,0.22337399647872114,0.026626003521278863,0
10,0.25,0.22337399647872114,-0.47337399647872114,3
10,0.25,0.22337399647872114,0.026626003521278863,0
10,0.25,0.03592524660768637,0.047408086725646975,1
10,0.25,0.03592524660768637,0.047408086725646975,1
10,0.25,0.22337399647872114,-0.30670732981205445,2
10,0.25,0.05010955345870127,-0.3001095534587013,3
10,0.25,0.0,-0.5833333333333334,5
10,0.25,0.22337399647872114,-0.30670732981205445,2
10,0.25,0.22337399647872114,-0.1400406631453878,1
10,0.25,0.03592524660768637,-0.11925857994101968,2
10,0.25,0.22337399647872114,-0.30670732981205445,2
10,0.25,0.22337399647872114,0.026626003521278863,0
10,0.25,0.0,-0.5833333333333334,5
10,0.25,0.0096768865126029,-0.42634355317926953,4
10,0.25,0.05853885744745513,-0.30853885744745513,3
10,0.25,0.015768127809462573,-0.4324347944761292,4
10,0.25,0.003609042830710618,-0.586942376164044,5
10,0.25,0.0,-0.5833333333333334,5
10,0.25,0.011469181810646378,-0.0948025151439797,2
10,0.25,0.22337399647872114,0.026626003521278863,0
10,0.25,0.06016840572859605,-0.14350173906192937,2
10,0.25,0.22337399647872114,0.026626003521278863,0
10,0.25,0.011469181810646378,-0.2614691818106464,3
10,0.25,0.06016840572859605,-0.31016840572859605,3
10,0.25,0.22337399647872114,-0.1400406631453878,1
10,0.25,0.008222647309668152,-0.4248893139763348,4
10,0.25,0.003306804705818678,-0.586640138039152,5
10,0.25,0.22337399647872114,0.026626003521278863,0
10,0.25,0.22337399647872114,-0.30670732981205445,2
10,0.25,0.22337399647872114,0.026626003521278863,0
10,0.25,0.015768127809462573,-0.5991014611427959,5
10,0.25,0.011469181810646378,-0.2614691818106464,3
10,0.25,0.22337399647872114,-0.1400406631453878,1
10,0.25,0.011469181810646378,-0.2614691818106464,3
10,0.25,0.46992211475481305,-0.6,6
10,0.25,0.5422684587046469,-0.3,3
10,0.25,0.6623992294064142,-0.3,3
10,0.25,0.3166049127277152,-0.6,6
10,0.25,0.42853421735144903,-0.6,6
10,0.25,0.14559895790530974,-0.7955989579053098,9
10,0.25,0.14073231983438927,-0.6907323198343893,8
10,0.25,0.5065005929742044,-0.7,7
10,0.25,0.46992211475481305,-0.6,6
10,0.25,0.3166049127277152,-0.6,6
10,0.25,0.24175913958548945,-0.5917591395854894,6
10,0.25,0.6623992294064142,0.0,0
10,0.25,0.6090400455538584,-0.1,1
10,0.25,0.24175913958548945,-0.7917591395854895,8
10,0.25,0.46992211475481305,-0.6,6
10,0.25,0.46992211475481305,-0.2,2
10,0.25,0.21940735109689347,-0.6694073510968934,7
10,0.25,0.6623992294064142,-0.1,1
10,0.25,0.6086948858179753,-0.1,1
10,0.25,0.5742305069340705,-0.4,4
10,0.25,0.6090400455538584,-0.3,3
10,0.25,0.0002521225070323263,-0.6502521225070323,9
10,0.25,0.0002521225070323263,-0.6502521225070323,9
10,0.25,0.5202376749670268,-0.6,6
10,0.25,0.6623992294064142,-0.1,1
10,0.25,0.6086948858179753,-0.4,4
10,0.25,0.4694541344903692,-0.5,5
10,0.25,0.44440927545847886,-0.8,8
10,0.25,0.5107698719387217,-0.5,5
10,0.25,0.6623992294064142,-0.3,3
10,0.25,0.5422684587046469,-0.1,1
10,0.25,0.0002521225070323263,-0.6502521225070323,9
10,0.25,0.26187931623708605,-0.8,8
10,0.25,0.4694541344903692,-0.7,7
10,0.25,0.0002521225070323263,-0.6502521225070323,9
10,0.25,0.14559895790530974,-0.7955989579053098,9
10,0.25,0.46992211475481305,-0.7,7
10,0.25,0.6623992294064142,0.0,0
10,0.25,0.5065292841479625,-0.5,5
10,0.25,0.5422684587046469,-0.4,4
10,0.25,0.385599188513301,-0.7,7
10,0.25,0.24175913958548945,-0.8917591395854895,9
10,0.25,0.5107698719387217,-0.7,7
10,0.25,0.46992211475481305,-0.6,6
10,0.25,0.385599188513301,-0.7,7
10,0.25,0.6623992294064142,-0.2,2
10,0.25,0.24315756576632586,-0.8931575657663259,9
10,0.25,0.5422684587046469,-0.4,4
10,0.25,0.6623992294064142,-0.3,3
10,0.25,0.6623992294064142,0.0,0
10,0.25,0.6086948858179753,-0.3,3
10,0.25,0.4967909547833075,-0.2,2
10,0.25,0.5422684587046469,-0.2,2
10,0.25,0.4694541344903692,-0.5,5
10,0.25,0.5742305069340705,-0.2,2
10,0.25,0.6623992294064142,-0.1,1
10,0.25,0.44440927545847886,-0.8,8
10,0.25,0.6090400455538584,-0.1,1
10,0.25,0.6623992294064142,-0.1,1
10,0.25,0.14559895790530974,-0.7955989579053098,9
10,0.25,0.0,-0.65,9
10,0.25,0.4967909547833075,-0.2,2
10,0.25,0.5742552604116484,-0.4,4
10,0.25,0.6623992294064142,0.0,0
10,0.25,0.46992211475481305,-0.7,7
10,0.25,0.6623992294064142,-0.1,1
10,0.25,0.5065292841479625,-0.4,4
10,0.25,0.5422684587046469,-0.5,5
10,0.25,0.6623992294064142,-0.1,1
10,0.25,0.26187931623708605,-0.5,5
10,0.25,0.0002521225070323263,-0.6502521225070323,9
10,0.25,0.24315756576632586,-0.7931575657663259,8
10,0.25,0.0,-0.65,9
10,0.25,0.0002521225070323263,-0.6502521225070323,9
10,0.25,0.6623992294064142,-0.1,1
10,0.25,0.385599188513301,-0.8,8
10,0.25,0.44440927545847886,-0.9,9
10,0.25,0.44440927545847886,-0.9,9
10,0.25,0.035544277937330504,-0.5855442779373305,8
10,0.25,0.5422684587046469,-0.6,6
10,0.25,0.0,-0.65,9
10,0.25,0.5107698719387217,-0.6,6
10,0.25,0.42850099142022324,-0.8,8
10,0.25,0.2902622119955647,-0.9,9
10,0.25,0.5468475106079831,-0.2,2
10,0.25,0.21940735109689347,-0.8694073510968935,9
10,0.25,0.6086948858179753,-0.3,3
10,0.25,0.6623992294064142,0.0,0
10,0.25,0.46992211475481305,-0.6,6
10,0.25,0.6623992294064142,-0.1,1
10,0.25,0.6623992294064142,-0.1,1
10,0.25,0.4694541344903692,-0.8,8
10,0.25,0.029167650999047168,-0.5791676509990472,8
10,0.25,0.6623992294064142,0.0,0
10,0.25,0.6086948858179753,-0.1,1
10,0.25,0.4694541344903692,-0.6,6
10,0.25,0.6086948858179753,-0.2,2
10,0.25,0.6623992294064142,0.0,0
10,0.25,0.385599188513301,-0.9,9
10,0.25,0.4967909547833075,-0.5,5
10,0.25,0.0010334108828575772,-0.5010334108828576,9
10,0.25,0.49122554744404323,-0.08333333333333333,1
10,0.25,0.0712854626843189,-0.5712854626843189,9
10,0.25,0.03328409085217854,-0.5332840908521785,9
10,0.25,0.08129409482449701,-0.581294094824497,9
10,0.25,0.35075303839525485,-0.25,3
10,0.25,0.008839927559450844,-0.5088399275594508,9
10,0.25,0.07784947480333171,-0.49451614146999834,8
10,0.25,0.38912364978807834,-0.3333333333333333,4
10,0.25,0.152289551106487,-0.402289551106487,6
10,0.25,0.05668888410905559,-0.39002221744238896,7
10,0.25,0.0018273072782135635,-0.5018273072782136,9
10,0.25,0.01063069202371647,-0.5106306920237165,9
10,0.25,0.02120843749175283,-0.27120843749175283,6
10,0.25,0.12520878807357239,-0.3752087880735724,6
10,0.25,0.13346141606678164,-0.466794749400115,7
10,0.25,0.21477061286472454,-0.3814372795313912,5
10,0.25,0.059609311214231187,-0.5596093112142312,9
10,0.25,0.49122554744404323,-0.16666666666666666,2
10,0.25,0.4400981151104615,-0.25,3
10,0.25,0.49122554744404323,0.0,0
10,0.25,0.0007966489725965697,-0.5007966489725966,9
10,0.25,0.0,-0.5,9
10,0.25,0.011564885553909887,-0.5115648855539099,9
10,0.25,0.1864234962965302,-0.1864234962965302,3
10,0.25,0.13970384419931137,-0.6397038441993114,9
10,0.25,0.4837492874056374,-0.16666666666666666,2
10,0.25,0.11527387191778038,-0.1986072052511137,4
10,0.25,0.011564885553909887,-0.5115648855539099,9
10,0.25,0.05508309620957308,-0.4717497628762397,8
10,0.25,0.06385751178885968,-0.4805241784555263,8
10,0.25,0.49122554744404323,0.0,0
10,0.25,0.3526121536134059,-0.3333333333333333,4
10,0.25,0.39669221622365947,-0.16666666666666666,2
10,0.25,0.31025096611629954,-0.75,9
10,0.25,0.4400981151104615,-0.08333333333333333,1
10,0.25,0.006459554604498985,-0.506459554604499,9
10,0.25,0.0007233384201356108,-0.5007233384201356,9
10,0.25,0.49122554744404323,0.0,0
10,0.25,0.0712854626843189,-0.5712854626843189,9
10,0.25,0.36827548533646537,-0.25,3
10,0.25,0.0035570985557785706,-0.5035570985557786,9
10,0.25,0.0034582910227277663,-0.5034582910227278,9
10,0.25,0.17893918453904556,-0.6789391845390456,9
10,0.25,0.00388748137606576,-0.5038874813760658,9
10,0.25,0.49122554744404323,0.0,0
10,0.25,0.31771655017054434,-0.4166666666666667,5
10,0.25,0.02243035191528453,-0.5224303519152845,9
10,0.25,0.49122554744404323,-0.08333333333333333,1
10,0.25,0.0744644746040094,-0.5744644746040094,9
10,0.25,0.3805836308407109,-0.25,3
10,0.25,0.17781657149297747,-0.34448323815964416,5
10,0.25,0.06166813892044265,-0.395001472253776,7
10,0.25,0.4837492874056374,-0.16666666666666666,2
10,0.25,0.06433112192918622,-0.5643311219291862,9
10,0.25,0.07214991607853904,-0.4054832494118724,7
10,0.25,0.27142142629317934,-0.3333333333333333,4
10,0.25,0.02939134205290339,-0.5293913420529034,9
10,0.25,0.13058278994989925,-0.6305827899498992,9
10,0.25,0.49122554744404323,-0.08333333333333333,1
10,0.25,0.02083856914968718,-0.4375052358163538,8
10,0.25,0.459832406379585,-0.08333333333333333,1
10,0.25,0.07214991607853904,-0.15548324941187236,4
10,0.25,0.49122554744404323,-0.08333333333333333,1
10,0.25,0.019506699349020717,-0.5195066993490207,9
10,0.25,0.015685935087076608,-0.34901926842041,7
10,0.25,0.0744644746040094,-0.49113114127067603,8
10,0.25,0.39669221622365947,-0.16666666666666666,2
10,0.25,0.4837492874056374,-0.08333333333333333,1
10,0.25,0.3174628801446353,-0.6666666666666666,8
10,0.25,0.49122554744404323,0.0,0
10,0.25,0.12520878807357239,-0.04187545474023904,2
10,0.25,0.07153923200392931,-0.48820589867059594,8
10,0.25,0.38912364978807834,-0.25,3
10,0.25,0.07036674616125838,-0.5703667461612584,9
10,0.25,0.12520878807357239,-0.2085421214069057,4
10,0.25,0.1302267998309552,-0.5468934664976218,8
10,0.25,0.0027453516058025818,-0.5027453516058026,9
10,0.25,0.21498117491365232,-0.5483145082469857,7
10,0.25,0.13063702393003274,-0.4639703572633661,7
10,0.25,0.27142142629317934,-0.16666666666666666,2
10,0.25,0.35056182165240424,-0.6666666666666666,8
10,0.25,0.43187055559681353,-0.25,3
10,0.25,0.14318097189868184,-0.6431809718986818,9
10,0.25,0.13754217745055075,-0.22087551078388407,4
10,0.25,0.06325677788705819,-0.39659011122039156,7
10,0.25,0.0007966489725965697,-0.5007966489725966,9
10,0.25,0.05951339548593937,-0.5595133954859394,9
10,0.25,0.4400981151104615,-0.25,3
10,0.25,0.022338762098832565,-0.5223387620988326,9
10,0.25,0.27142142629317934,-0.25,3
10,0.25,0.22646561173524504,-0.30979894506857836,4
10,0.25,0.3514304689713095,-0.25,3
10,0.25,0.49122554744404323,0.0,0
10,0.25,0.39669221622365947,-0.16666666666666666,2
10,0.25,0.13249648641337675,-0.38249648641337675,6
10,0.25,0.49122554744404323,0.0,0
10,0.25,0.35767121586689654,-0.5,6
10,0.25,0.059645710776634164,-0.5596457107766342,9
10,0.25,0.36729045602441623,-0.25,3
10,0.25,0.9826408586840785,-0.23076923076923078,3
10,0.25,0.9826408586840785,-0.23076923076923078,3
10,0.25,0.1906027250785708,-0.7867565712324169,11
10,0.25,0.06676138493996508,-0.6629152310938112,11
10,0.25,0.8846850956852224,-0.6923076923076923,9
10,0.25,0.1689864093151694,-0.2266787170074771,4
10,0.25,0.9680567115073361,-0.6153846153846154,8
10,0.25,0.9680567115073361,-0.6153846153846154,8
10,0.25,0.06676138493996508,-0.6629152310938112,11
10,0.25,0.9826408586840785,-0.07692307692307693,1
10,0.25,0.24980936013667854,-0.6921170524443708,9
10,0.25,0.8846850956852224,-0.3076923076923077,4
10,0.25,0.08907123541814055,-0.6852250815719867,11
10,0.25,0.8846850956852224,-0.7692307692307693,10
10,0.25,0.12535612051410105,-0.7215099666679472,11
10,0.25,0.9826408586840785,0.0,0
10,0.25,0.8846850956852224,-0.15384615384615385,2
10,0.25,0.10218395605222286,-0.698337802206069,11
10,0.25,0.8846850956852224,-0.38461538461538464,5
10,0.25,0.13514845205100667,-0.577456144358699,9
10,0.25,0.9826408586840785,-0.3076923076923077,4
10,0.25,0.12744625720955838,-0.4159077956710968,7
10,0.25,0.9826408586840785,-0.38461538461538464,5
10,0.25,0.9826408586840785,0.0,0
10,0.25,0.1689864093151694,-0.45744794777670783,7
10,0.25,0.8846850956852224,-0.5384615384615384,7
10,0.25,0.12535612051410105,-0.7215099666679472,11
10,0.25,0.9394896498108463,-0.15384615384615385,2
10,0.25,0.9826408586840785,-0.15384615384615385,2
10,0.25,0.8846850956852224,-0.8461538461538461,11
10,0.25,0.9826408586840785,-0.6923076923076923,9
10,0.25,0.08907123541814055,-0.6852250815719867,11
10,0.25,0.06676625649827916,-0.6629201026521253,11
10,0.25,0.8846850956852224,-0.7692307692307693,10
10,0.25,0.9680567115073361,-0.8461538461538461,11
10,0.25,0.9680567115073361,-0.38461538461538464,5
10,0.25,0.9826408586840785,-0.15384615384615385,2
10,0.25,0.9394896498108463,-0.23076923076923078,3
10,0.25,0.9394896498108463,-0.23076923076923078,3
10,0.25,0.9398289956970705,-0.3076923076923077,4
10,0.25,0.9398289956970705,-0.23076923076923078,3
10,0.25,0.9394896498108463,-0.38461538461538464,5
10,0.25,0.9394896498108463,-0.15384615384615385,2
10,0.25,0.8846850956852224,-0.8461538461538461,11
10,0.25,0.9680567115073361,-0.6153846153846154,8
10,0.25,0.24980936013667854,-0.8459632062905247,11
10,0.25,0.9826408586840785,-0.15384615384615385,2
10,0.25,0.9826408586840785,-0.7692307692307693,10
10,0.25,0.13514845205100667,-0.5005330674356221,8
10,0.25,0.8846850956852224,-0.15384615384615385,2
10,0.25,0.08907123541814055,-0.6852250815719867,11
10,0.25,0.12744625720955838,-0.7236001033634045,11
10,0.25,0.9826408586840785,-0.07692307692307693,1
10,0.25,0.1689864093151694,-0.38052487085363096,6
10,0.25,0.9826408586840785,-0.15384615384615385,2
10,0.25,0.9680567115073361,-0.5384615384615384,7
10,0.25,0.8846850956852224,-0.3076923076923077,4
10,0.25,0.9826408586840785,-0.23076923076923078,3
10,0.25,0.10218395605222286,-0.698337802206069,11
10,0.25,0.12535612051410105,-0.7215099666679472,11
10,0.25,0.9826408586840785,-0.07692307692307693,1
10,0.25,0.9826408586840785,-0.07692307692307693,1
10,0.25,0.9394896498108463,-0.23076923076923078,3
10,0.25,0.9680567115073361,-0.7692307692307693,10
10,0.25,0.13818569520024426,-0.5035703105848597,8
10,0.25,0.13818569520024426,-0.6574164644310135,10
10,0.25,0.9826408586840785,-0.15384615384615385,2
10,0.25,0.8846850956852224,-0.23076923076923078,3
10,0.25,0.18094116044347042,-0.1617103912127012,3
10,0.25,0.18094116044347042,-0.5463257758280858,8
10,0.25,0.08907123541814055,-0.6083020046489098,10
10,0.25,0.8846850956852224,-0.38461538461538464,5
10,0.25,0.8846850956852224,-0.38461538461538464,5
10,0.25,0.1222736628243225,-0.5645813551320148,9
10,0.25,0.9826408586840785,-0.8461538461538461,11
10,0.25,0.9394896498108463,-0.3076923076923077,4
10,0.25,0.06676625649827916,-0.6629201026521253,11
10,0.25,0.9394896498108463,-0.15384615384615385,2
10,0.25,0.24980936013667854,-0.615193975521294,8
10,0.25,0.9680567115073361,-0.7692307692307693,10
10,0.25,0.9826408586840785,-0.3076923076923077,4
10,0.25,0.8846850956852224,-0.8461538461538461,11
10,0.25,0.1222736628243225,-0.6415044320550918,10
10,0.25,0.9826408586840785,-0.6153846153846154,8
10,0.25,0.8846850956852224,-0.07692307692307693,1
10,0.25,0.9826408586840785,-0.15384615384615385,2
10,0.25,0.8846850956852224,-0.8461538461538461,11
10,0.25,0.9826408586840785,-0.15384615384615385,2
10,0.25,0.8846850956852224,-0.3076923076923077,4
10,0.25,0.8846850956852224,-0.6923076923076923,9
10,0.25,0.17632192147614734,-0.15709115224537812,3
10,0.25,0.9826408586840785,0.0,0
10,0.25,0.8846850956852224,-0.15384615384615385,2
10,0.25,0.9826408586840785,-0.07692307692307693,1
10,0.25,0.16828933816592273,-0.7644431843197689,11
10,0.25,0.1689864093151694,-0.30360179393055403,5
10,0.25,0.1689864093151694,-0.6112941016228617,9
10,0.25,0.9826408586840785,-0.46153846153846156,6
10,0.25,0.9826408586840785,-0.23076923076923078,3
10,0.25,0.8846850956852224,-0.15384615384615385,2
10,0.25,0.0,-0.75,3
10,0.25,0.5548418449270073,0.0,0
10,0.25,0.3057912208405609,-0.3333333333333333,1
10,0.25,0.5548418449270073,-0.3333333333333333,1
10,0.25,0.5548418449270073,-0.3333333333333333,1
10,0.25,0.5548418449270073,0.0,0
10,0.25,0.3057912208405609,-0.3333333333333333,1
10,0.25,0.3057912208405609,-0.3333333333333333,1
10,0.25,0.0,-0.75,3
10,0.25,0.0,-0.75,3
10,0.25,0.0,-0.75,3
10,0.25,0.5548418449270073,0.0,0
10,0.25,0.0,-0.75,3
10,0.25,0.5548418449270073,0.0,0
10,0.25,0.5548418449270073,-0.6666666666666666,2
10,0.25,0.5548418449270073,0.0,0
10,0.25,0.2290091161470067,-0.6456757828136733,2
10,0.25,0.3057912208405609,-0.3333333333333333,1
10,0.25,0.5548418449270073,0.0,0
10,0.25,0.5548418449270073,0.0,0
10,0.25,0.5548418449270073,0.0,0
10,0.25,0.5548418449270073,-0.3333333333333333,1
10,0.25,0.5548418449270073,-0.3333333333333333,1
10,0.25,0.2290091161470067,-0.6456757828136733,2
10,0.25,0.5548418449270073,-0.3333333333333333,1
10,0.25,0.3057912208405609,-0.3333333333333333,1
10,0.25,0.3057912208405609,-0.3333333333333333,1
10,0.25,0.5548418449270073,0.0,0
10,0.25,0.5548418449270073,-0.3333333333333333,1
10,0.25,0.3057912208405609,-0.3333333333333333,1
10,0.25,0.5548418449270073,0.0,0
10,0.25,0.5548418449270073,-0.3333333333333333,1
10,0.25,0.5548418449270073,-0.3333333333333333,1
10,0.25,0.5548418449270073,-0.3333333333333333,1
10,0.25,0.3057912208405609,-0.3333333333333333,1
10,0.25,0.5548418449270073,0.0,0
10,0.25,0.0,-0.75,3
10,0.25,0.2290091161470067,-0.6456757828136733,2
10,0.25,0.5548418449270073,0.0,0
10,0.25,0.3057912208405609,-0.3333333333333333,1
10,0.25,0.5548418449270073,0.0,0
10,0.25,0.5548418449270073,0.0,0
10,0.25,0.3057912208405609,-0.3333333333333333,1
10,0.25,0.0,-0.75,3
10,0.25,0.0,-0.75,3
10,0.25,0.2290091161470067,-0.6456757828136733,2
10,0.25,0.5548418449270073,-0.6666666666666666,2
10,0.25,0.0,-0.75,3
10,0.25,0.5548418449270073,0.0,0
10,0.25,0.3057912208405609,-0.3333333333333333,1
10,0.25,0.5548418449270073,-0.3333333333333333,1
10,0.25,0.5548418449270073,0.0,0
10,0.25,0.5548418449270073,-0.3333333333333333,1
10,0.25,0.5548418449270073,0.0,0
10,0.25,0.5548418449270073,-0.3333333333333333,1
10,0.25,0.5548418449270073,0.0,0
10,0.25,0.2290091161470067,-0.6456757828136733,2
10,0.25,0.5548418449270073,-0.3333333333333333,1
10,0.25,0.5548418449270073,0.0,0
10,0.25,0.5548418449270073,0.0,0
10,0.25,0.0,-0.75,3
10,0.25,0.5548418449270073,0.0,0
10,0.25,0.5548418449270073,0.0,0
10,0.25,0.5548418449270073,-0.3333333333333333,1
10,0.25,0.2290091161470067,-0.6456757828136733,2
10,0.25,0.5548418449270073,0.0,0
10,0.25,0.5548418449270073,-0.3333333333333333,1
10,0.25,0.5548418449270073,0.0,0
10,0.25,0.3057912208405609,-0.6666666666666666,2
10,0.25,0.0,-0.75,3
10,0.25,0.5548418449270073,-0.3333333333333333,1
10,0.25,0.3057912208405609,-0.6666666666666666,2
10,0.25,0.5548418449270073,0.0,0
10,0.25,0.5548418449270073,0.0,0
10,0.25,0.0,-0.75,3
10,0.25,0.2290091161470067,-0.6456757828136733,2
10,0.25,0.0,-0.75,3
10,0.25,0.5548418449270073,0.0,0
10,0.25,0.2290091161470067,-0.6456757828136733,2
10,0.25,0.2290091161470067,-0.6456757828136733,2
10,0.25,0.5548418449270073,0.0,0
10,0.25,0.0,-0.75,3
10,0.25,0.5548418449270073,0.0,0
10,0.25,0.5548418449270073,-0.3333333333333333,1
10,0.25,0.5548418449270073,-0.3333333333333333,1
10,0.25,0.2290091161470067,-0.6456757828136733,2
10,0.25,0.3057912208405609,-0.6666666666666666,2
10,0.25,0.3057912208405609,-0.3333333333333333,1
10,0.25,0.5548418449270073,-0.6666666666666666,2
10,0.25,0.2290091161470067,-0.6456757828136733,2
10,0.25,0.0,-0.75,3
10,0.25,0.2290091161470067,-0.6456757828136733,2
10,0.25,0.3057912208405609,-0.3333333333333333,1
10,0.25,0.2290091161470067,-0.6456757828136733,2
10,0.25,0.3057912208405609,-0.6666666666666666,2
10,0.25,0.3057912208405609,-0.3333333333333333,1
10,0.25,0.5548418449270073,0.0,0
10,0.25,0.5548418449270073,0.0,0
10,0.25,0.0,-0.75,3
10,0.25,0.0,-0.75,3
