epsilon,L0,leakage,utility,mask_size
1,0.25,0.22337399647872114,0.026626003521278863,0
1,0.25,0.03592524660768637,0.047408086725646975,1
1,0.25,0.0096768865126029,-0.42634355317926953,4
1,0.25,0.051126318247808444,-0.13445965158114176,2
1,0.25,0.015768127809462573,-0.4324347944761292,4
1,0.25,0.003306804705818678,-0.586640138039152,5
1,0.25,0.22337399647872114,-0.30670732981205445,2
1,0.25,0.22337399647872114,-0.1400406631453878,1
1,0.25,0.06016840572859605,-0.4768350723952627,4
1,0.25,0.051126318247808444,-0.30112631824780844,3
1,0.25,0.011469181810646378,-0.0948025151439797,2
1,0.25,0.22337399647872114,-0.1400406631453878,1
1,0.25,0.0008907266304110095,-0.5842240599637444,5
1,0.25,0.05010955345870127,-0.4667762201253679,4
1,0.25,0.03592524660768637,-0.452591913274353,4
1,0.25,0.0,-0.5833333333333334,5
1,0.25,0.22337399647872114,0.026626003521278863,0
1,0.25,0.003306804705818678,-0.586640138039152,5
1,0.25,0.22337399647872114,-0.1400406631453878,1
1,0.25,0.003306804705818678,-0.586640138039152,5
1,0.25,0.0008907266304110095,-0.5842240599637444,5
1,0.25,0.22337399647872114,-0.6400406631453878,4
1,0.25,0.015768127809462573,-0.5991014611427959,5
1,0.25,0.015768127809462573,-0.5991014611427959,5
1,0.25,0.03592524660768637,-0.28592524660768637,3
1,0.25,0.03592524660768637,-0.28592524660768637,3
1,0.25,0.015768127809462573,-0.5991014611427959,5
1,0.25,0.0,-0.5833333333333334,5
1,0.25,0.0,-0.5833333333333334,5
1,0.25,0.22337399647872114,-0.1400406631453878,1
1,0.25,0.003609042830710618,-0.586942376164044,5
1,0.25,0.015768127809462573,-0.5991014611427959,5
1,0.25,0.003306804705818678,-0.586640138039152,5
1,0.25,0.22337399647872114,-0.1400406631453878,1
1,0.25,0.22337399647872114,-0.47337399647872114,3
1,0.25,0.22337399647872114,-0.6400406631453878,4
1,0.25,0.03592524660768637,-0.452591913274353,4
1,0.25,0.22337399647872114,0.026626003521278863,0
1,0.25,0.03592524660768637,0.047408086725646975,1
1,0.25,0.06016840572859605,-0.31016840572859605,3
1,0.25,0.051126318247808444,0.0322070150855249,1
1,0.25,0.22337399647872114,0.026626003521278863,0
1,0.25,0.0008907266304110095,-0.5842240599637444,5
1,0.25,0.015768127809462573,-0.4324347944761292,4
1,0.25,0.06016840572859605,-0.4768350723952627,4
1,0.25,0.003609042830710618,-0.586942376164044,5
1,0.25,0.0,-0.5833333333333334,5
1,0.25,0.003306804705818678,-0.586640138039152,5
1,0.25,0.015768127809462573,-0.5991014611427959,5
1,0.25,0.003306804705818678,-0.586640138039152,5
1,0.25,0.22337399647872114,-0.47337399647872114,3
1,0.25,0.05010955345870127,-0.4667762201253679,4
1,0.25,0.22337399647872114,-0.1400406631453878,1
1,0.25,0.22337399647872114,0.026626003521278863,0
1,0.25,0.015768127809462573,-0.5991014611427959,5
1,0.25,0.22337399647872114,0.026626003521278863,0
1,0.25,0.22337399647872114,0.026626003521278863,0
1,0.25,0.22337399647872114,-0.1400406631453878,1
1,0.25,0.22337399647872114,0.026626003521278863,0
1,0.25,0.06016840572859605,-0.4768350723952627,4
1,0.25,0.015768127809462573,-0.4324347944761292,4
1,0.25,0.0008907266304110095,-0.5842240599637444,5
1,0.25,0.015768127809462573,-0.5991014611427959,5
1,0.25,0.003609042830710618,-0.586942376164044,5
1,0.25,0.22337399647872114,-0.30670732981205445,2
1,0.25,0.051126318247808444,-0.30112631824780844,3
1,0.25,0.06016840572859605,-0.31016840572859605,3
1,0.25,0.003609042830710618,-0.586942376164044,5
1,0.25,0.22337399647872114,0.026626003521278863,0
1,0.25,0.0008907266304110095,-0.5842240599637444,5
1,0.25,0.003306804705818678,-0.586640138039152,5
1,0.25,0.008222647309668152,-0.4248893139763348,4
1,0.25,0.051126318247808444,0.0322070150855249,1
1,0.25,0.03592524660768637,-0.11925857994101968,2
1,0.25,0.0,-0.5833333333333334,5
1,0.25,0.03592524660768637,0.047408086725646975,1
1,0.25,0.22337399647872114,-0.6400406631453878,4
1,0.25,0.22337399647872114,0.026626003521278863,0
1,0.25,0.051126318247808444,-0.13445965158114176,2
1,0.25,0.22337399647872114,-0.47337399647872114,3
1,0.25,0.22337399647872114,-0.6400406631453878,4
1,0.25,0.06016840572859605,-0.31016840572859605,3
1,0.25,0.051126318247808444,-0.4677929849144751,4
1,0.25,0.22337399647872114,-0.1400406631453878,1
1,0.25,0.22337399647872114,0.026626003521278863,0
1,0.25,0.22337399647872114,0.026626003521278863,0
1,0.25,0.0008907266304110095,-0.5842240599637444,5
1,0.25,0.013497595919447658,-0.26349759591944766,3
1,0.25,0.011469181810646378,-0.2614691818106464,3
1,0.25,0.03592524660768637,-0.28592524660768637,3
1,0.25,0.003609042830710618,-0.586942376164044,5
1,0.25,0.05010955345870127,-0.1334428867920346,2
1,0.25,0.015768127809462573,-0.5991014611427959,5
1,0.25,0.22337399647872114,-0.1400406631453878,1
1,0.25,0.0,-0.5833333333333334,5
1,0.25,0.003306804705818678,-0.586640138039152,5
1,0.25,0.06016840572859605,-0.14350173906192937,2
1,0.25,0.011469181810646378,-0.0948025151439797,2
1,0.25,0.22337399647872114,-0.30670732981205445,2
1,0.25,0.22337399647872114,0.026626003521278863,0
1,0.25,0.5860822545816282,-0.7,7
1,0.25,0.21940735109689347,-0.8694073510968935,9
1,0.25,0.6623992294064142,0.0,0
1,0.25,0.6623992294064142,0.0,0
1,0.25,0.385599188513301,-0.7,7
1,0.25,0.6623992294064142,-0.1,1
1,0.25,0.0002521225070323263,-0.6502521225070323,9
1,0.25,0.6623992294064142,0.0,0
1,0.25,0.5065292841479625,-0.6,6
1,0.25,0.5860822545816282,-0.6,6
1,0.25,0.5422684587046469,-0.3,3
1,0.25,0.6623992294064142,0.0,0
1,0.25,0.3166049127277152,-0.8,8
1,0.25,0.6086948858179753,-0.5,5
1,0.25,0.6623992294064142,0.0,0
1,0.25,0.4694541344903692,-0.5,5
1,0.25,0.261836400724347,-0.7,7
1,0.25,0.49676169740756204,-0.7,7
1,0.25,0.6623992294064142,-0.3,3
1,0.25,0.6623992294064142,-0.1,1
1,0.25,0.6623992294064142,0.0,0
1,0.25,0.5468475106079831,-0.4,4
1,0.25,0.0,-0.65,9
1,0.25,0.5422684587046469,-0.2,2
1,0.25,0.6090400455538584,-0.4,4
1,0.25,0.0002521225070323263,-0.6502521225070323,9
1,0.25,0.6086948858179753,-0.5,5
1,0.25,0.261836400724347,-0.6,6
1,0.25,0.0,-0.65,9
1,0.25,0.44440927545847886,-0.8,8
1,0.25,0.42850099142022324,-0.6,6
1,0.25,0.6086948858179753,-0.3,3
1,0.25,0.24315756576632586,-0.8931575657663259,9
1,0.25,0.21940735109689347,-0.6694073510968934,7
1,0.25,0.42853421735144903,-0.5,5
1,0.25,0.24175913958548945,-0.8917591395854895,9
1,0.25,0.6623992294064142,0.0,0
1,0.25,0.21940735109689347,-0.8694073510968935,9
1,0.25,0.26303652729247295,-0.7,7
1,0.25,0.385599188513301,-0.9,9
1,0.25,0.14559895790530974,-0.7955989579053098,9
1,0.25,0.385599188513301,-0.8,8
1,0.25,0.0002521225070323263,-0.6502521225070323,9
1,0.25,0.6623992294064142,0.0,0
1,0.25,0.6623992294064142,-0.1,1
1,0.25,0.3764851312661076,-0.2,2
1,0.25,0.6623992294064142,-0.2,2
1,0.25,0.261836400724347,-0.7,7
1,0.25,0.0,-0.65,9
1,0.25,0.0002521225070323263,-0.6502521225070323,9
1,0.25,0.5742552604116484,-0.2,2
1,0.25,0.26187931623708605,-0.5,5
1,0.25,0.5742305069340705,-0.4,4
1,0.25,0.14559895790530974,-0.7955989579053098,9
1,0.25,0.5742552604116484,-0.3,3
1,0.25,0.4694541344903692,-0.8,8
1,0.25,0.0002521225070323263,-0.6502521225070323,9
1,0.25,0.6623992294064142,0.0,0
1,0.25,0.6623992294064142,-0.3,3
1,0.25,0.6623992294064142,0.0,0
1,0.25,0.5742305069340705,-0.4,4
1,0.25,0.26303652729247295,-0.7,7
1,0.25,0.4967909547833075,-0.5,5
1,0.25,0.2902622119955647,-0.9,9
1,0.25,0.261836400724347,-0.6,6
1,0.25,0.6623992294064142,0.0,0
1,0.25,0.6623992294064142,0.0,0
1,0.25,0.385599188513301,-0.8,8
1,0.25,0.21940735109689347,-0.6694073510968934,7
1,0.25,0.26187931623708605,-0.6,6
1,0.25,0.2629936790618288,-0.5,5
1,0.25,0.6623992294064142,-0.1,1
1,0.25,0.44440927545847886,-0.8,8
1,0.25,0.385599188513301,-0.6,6
1,0.25,0.26303652729247295,-0.7,7
1,0.25,0.21945273335876703,-0.7694527333587671,8
1,0.25,0.2902622119955647,-0.9,9
1,0.25,0.14559895790530974,-0.7955989579053098,9
1,0.25,0.14559895790530974,-0.7955989579053098,9
1,0.25,0.6623992294064142,0.0,0
1,0.25,0.6090400455538584,-0.4,4
1,0.25,0.26187931623708605,-0.4,4
1,0.25,0.6623992294064142,-0.1,1
1,0.25,0.5422684587046469,-0.3,3
1,0.25,0.6623992294064142,-0.1,1
1,0.25,0.24315756576632586,-0.8931575657663259,9
1,0.25,0.6623992294064142,-0.4,4
1,0.25,0.6623992294064142,-0.2,2
1,0.25,0.2902622119955647,-0.9,9
1,0.25,0.6623992294064142,0.0,0
1,0.25,0.6623992294064142,-0.2,2
1,0.25,0.5065005929742044,-0.5,5
1,0.25,0.5468475106079831,-0.6,6
1,0.25,0.5065292841479625,-0.3,3
1,0.25,0.2902622119955647,-0.9,9
1,0.25,0.24315756576632586,-0.8931575657663259,9
1,0.25,0.44440927545847886,-0.9,9
1,0.25,0.0002521225070323263,-0.6502521225070323,9
1,0.25,0.5202376749670268,-0.6,6
1,0.25,0.3594889549228737,-0.4,4
1,0.25,0.3514304689713095,-0.3333333333333333,4
1,0.25,0.3527383773688254,-0.3333333333333333,4
1,0.25,0.009951467440567296,-0.5099514674405673,9
1,0.25,0.49122554744404323,0.0,0
1,0.25,0.07160183322058034,-0.5716018332205803,9
1,0.25,0.49122554744404323,0.0,0
1,0.25,0.06331285530060493,-0.5633128553006049,9
1,0.25,0.3514304689713095,-0.25,3
1,0.25,0.0018018508081280027,-0.501801850808128,9
1,0.25,0.22646561173524504,-0.22646561173524504,3
1,0.25,0.36729045602441623,-0.16666666666666666,2
1,0.25,0.06385751178885968,-0.23052417845552636,5
1,0.25,0.07971703989174161,-0.49638370655840824,8
1,0.25,0.08101368251350205,-0.33101368251350205,6
1,0.25,0.07470802683816113,-0.4080413601714945,7
1,0.25,0.49122554744404323,-0.08333333333333333,1
1,0.25,0.49122554744404323,-0.16666666666666666,2
1,0.25,0.054185718773843816,-0.5541857187738438,9
1,0.25,0.01063069202371647,-0.5106306920237165,9
1,0.25,0.0039926715069840135,-0.503992671506984,9
1,0.25,0.03328409085217854,-0.5332840908521785,9
1,0.25,0.4400981151104615,-0.25,3
1,0.25,0.38912364978807834,-0.3333333333333333,4
1,0.25,0.08761250721237823,-0.2542791738790449,5
1,0.25,0.49122554744404323,0.0,0
1,0.25,0.0,-0.5,9
1,0.25,0.08129409482449701,-0.581294094824497,9
1,0.25,0.43187055559681353,-0.3333333333333333,4
1,0.25,0.061505315124170234,-0.5615053151241702,9
1,0.25,0.01063069202371647,-0.5106306920237165,9
1,0.25,0.3100131898311368,-0.75,9
1,0.25,0.001723073636884176,-0.5017230736368842,9
1,0.25,0.05951339548593937,-0.5595133954859394,9
1,0.25,0.08000430165431949,-0.5800043016543195,9
1,0.25,0.49122554744404323,-0.08333333333333333,1
1,0.25,0.011056126957070478,-0.5110561269570705,9
1,0.25,0.2076017701174524,-0.4576017701174524,6
1,0.25,0.3100131898311368,-0.75,9
1,0.25,0.26371370493098534,-0.25,3
1,0.25,0.0,-0.5,9
1,0.25,0.49122554744404323,0.0,0
1,0.25,0.49122554744404323,-0.08333333333333333,1
1,0.25,0.3514304689713095,-0.5833333333333334,7
1,0.25,0.0,-0.5,9
1,0.25,0.27142142629317934,-0.08333333333333333,1
1,0.25,0.04244454678533638,-0.5424445467853364,9
1,0.25,0.0549373740911705,-0.5549373740911705,9
1,0.25,0.054185718773843816,-0.47085238544051045,8
1,0.25,0.4516656596995132,-0.4166666666666667,5
1,0.25,0.05585969284374548,-0.4725263595104121,8
1,0.25,0.00020847497522136216,-0.5002084749752214,9
1,0.25,0.07971703989174161,-0.49638370655840824,8
1,0.25,0.016983547915452313,-0.5169835479154523,9
1,0.25,0.3527383773688254,-0.25,3
1,0.25,0.49122554744404323,0.0,0
1,0.25,0.061251603619355666,-0.5612516036193557,9
1,0.25,0.38912364978807834,-0.08333333333333333,1
1,0.25,0.02081924993057771,-0.5208192499305777,9
1,0.25,0.3520720543573125,-0.25,3
1,0.25,0.49122554744404323,0.0,0
1,0.25,0.3514304689713095,-0.25,3
1,0.25,0.3527383773688254,-0.25,3
1,0.25,0.053885957818147534,-0.5538859578181475,9
1,0.25,0.3520720543573125,-0.25,3
1,0.25,0.3520720543573125,-0.4166666666666667,5
1,0.25,0.06433112192918622,-0.5643311219291862,9
1,0.25,0.006462028676833209,-0.5064620286768332,9
1,0.25,0.49122554744404323,-0.08333333333333333,1
1,0.25,0.4837492874056374,-0.25,3
1,0.25,0.06566896561652735,-0.482335632283194,8
1,0.25,0.36729045602441623,-0.16666666666666666,2
1,0.25,0.06156011572976283,-0.5615601157297628,9
1,0.25,0.2607152226933749,-0.5833333333333334,7
1,0.25,0.4837492874056374,-0.25,3
1,0.25,0.07052515981987229,-0.5705251598198723,9
1,0.25,0.3514304689713095,-0.25,3
1,0.25,0.0018273072782135635,-0.5018273072782136,9
1,0.25,0.07130743233345782,-0.4046407656667912,7
1,0.25,0.07956097853716526,-0.5795609785371653,9
1,0.25,0.11643341894354942,-0.533100085610216,8
1,0.25,0.1402698192220594,-0.3069364858887261,5
1,0.25,0.49122554744404323,-0.08333333333333333,1
1,0.25,0.07059352772082239,-0.5705935277208224,9
1,0.25,0.0400457539403426,-0.5400457539403426,9
1,0.25,0.0026102656298961913,-0.5026102656298962,9
1,0.25,0.016720588601748743,-0.5167205886017487,9
1,0.25,0.36827548533646537,-0.25,3
1,0.25,0.36827548533646537,-0.4166666666666667,5
1,0.25,0.49122554744404323,0.0,0
1,0.25,0.13754217745055075,-0.22087551078388407,4
1,0.25,0.4400981151104615,-0.08333333333333333,1
1,0.25,0.4400981151104615,-0.08333333333333333,1
1,0.25,0.49122554744404323,-0.25,3
1,0.25,0.07470802683816113,-0.4080413601714945,7
1,0.25,0.1982055807652513,-0.364872247431918,5
1,0.25,0.054635175434495475,-0.5546351754344955,9
1,0.25,0.49122554744404323,0.0,0
1,0.25,0.0039926715069840135,-0.503992671506984,9
1,0.25,0.022338762098832565,-0.5223387620988326,9
1,0.25,0.4837492874056374,-0.25,3
1,0.25,0.9826408586840785,-0.3076923076923077,4
1,0.25,0.9826408586840785,-0.38461538461538464,5
1,0.25,0.06676625649827916,-0.5859970257290484,10
1,0.25,0.9826408586840785,-0.5384615384615384,7
1,0.25,0.9826408586840785,-0.15384615384615385,2
1,0.25,0.8846850956852224,-0.3076923076923077,4
1,0.25,0.17632192147614734,-0.6186296137838396,9
1,0.25,0.8846850956852224,-0.5384615384615384,7
1,0.25,0.13514845205100667,-0.5005330674356221,8
1,0.25,0.9826408586840785,-0.23076923076923078,3
1,0.25,0.8846850956852224,-0.3076923076923077,4
1,0.25,0.9826408586840785,-0.15384615384615385,2
1,0.25,0.9680567115073361,-0.8461538461538461,11
1,0.25,0.1222736628243225,-0.4876582782089379,8
1,0.25,0.9826408586840785,-0.46153846153846156,6
1,0.25,0.13514845205100667,-0.654379221281776,10
1,0.25,0.9680567115073361,-0.46153846153846156,6
1,0.25,0.9680567115073361,-0.6153846153846154,8
1,0.25,0.8846850956852224,-0.46153846153846156,6
1,0.25,0.18094116044347042,-0.31555654505885505,5
1,0.25,0.17632192147614734,-0.310937306091532,5
1,0.25,0.8846850956852224,-0.6153846153846154,8
1,0.25,0.9680567115073361,-0.23076923076923078,3
1,0.25,0.8846850956852224,-0.46153846153846156,6
1,0.25,0.9826408586840785,-0.15384615384615385,2
1,0.25,0.9826408586840785,0.0,0
1,0.25,0.9826408586840785,0.0,0
1,0.25,0.9826408586840785,-0.38461538461538464,5
1,0.25,0.9680567115073361,-0.8461538461538461,11
1,0.25,0.12744625720955838,-0.4928308725941738,8
1,0.25,0.9394896498108463,-0.23076923076923078,3
1,0.25,0.9826408586840785,-0.07692307692307693,1
1,0.25,0.8846850956852224,-0.6153846153846154,8
1,0.25,0.08907123541814055,-0.5313789277258328,9
1,0.25,0.06676138493996508,-0.6629152310938112,11
1,0.25,0.13514845205100667,-0.4236099905125451,7
1,0.25,0.13514845205100667,-0.7313022982048528,11
1,0.25,0.8846850956852224,-0.5384615384615384,7
1,0.25,0.9826408586840785,-0.5384615384615384,7
1,0.25,0.9826408586840785,-0.07692307692307693,1
1,0.25,0.9826408586840785,-0.07692307692307693,1
1,0.25,0.8846850956852224,-0.6923076923076923,9
1,0.25,0.16828933816592273,-0.7644431843197689,11
1,0.25,0.9826408586840785,-0.23076923076923078,3
1,0.25,0.9826408586840785,-0.6923076923076923,9
1,0.25,0.08907123541814055,-0.6852250815719867,11
1,0.25,0.9826408586840785,-0.15384615384615385,2
1,0.25,0.9680567115073361,-0.7692307692307693,10
1,0.25,0.9826408586840785,-0.15384615384615385,2
1,0.25,0.06676138493996508,-0.6629152310938112,11
1,0.25,0.17967605980281343,-0.7758299059566596,11
1,0.25,0.12744625720955838,-0.4928308725941738,8
1,0.25,0.9826408586840785,-0.46153846153846156,6
1,0.25,0.8846850956852224,-0.6923076923076923,9
1,0.25,0.1689864093151694,-0.6882171785459387,10
1,0.25,0.9826408586840785,-0.23076923076923078,3
1,0.25,0.9826408586840785,-0.23076923076923078,3
1,0.25,0.9826408586840785,-0.15384615384615385,2
1,0.25,0.9826408586840785,-0.3076923076923077,4
1,0.25,0.9826408586840785,0.0,0
1,0.25,0.9826408586840785,-0.6153846153846154,8
1,0.25,0.8846850956852224,-0.3076923076923077,4
1,0.25,0.13514845205100667,-0.7313022982048528,11
1,0.25,0.08907123541814055,-0.6852250815719867,11
1,0.25,0.9826408586840785,0.0,0
1,0.25,0.9826408586840785,-0.3076923076923077,4
1,0.25,0.8846850956852224,-0.07692307692307693,1
1,0.25,0.08907123541814055,-0.6852250815719867,11
1,0.25,0.9394896498108463,-0.5384615384615384,7
1,0.25,0.06676138493996508,-0.6629152310938112,11
1,0.25,0.06676138493996508,-0.6629152310938112,11
1,0.25,0.06676138493996508,-0.6629152310938112,11
1,0.25,0.9826408586840785,-0.15384615384615385,2
1,0.25,0.9826408586840785,0.0,0
1,0.25,0.9680567115073361,-0.8461538461538461,11
1,0.25,0.8846850956852224,-0.5384615384615384,7
1,0.25,0.24980936013667854,-0.6921170524443708,9
1,0.25,0.12744625720955838,-0.6466770264403277,10
1,0.25,0.9826408586840785,-0.15384615384615385,2
1,0.25,0.9826408586840785,-0.23076923076923078,3
1,0.25,0.8846850956852224,-0.5384615384615384,7
1,0.25,0.8846850956852224,-0.8461538461538461,11
1,0.25,0.9680567115073361,-0.38461538461538464,5
1,0.25,0.18731383384976696,-0.7065446030805362,10
1,0.25,0.8846850956852224,-0.8461538461538461,11
1,0.25,0.06676138493996508,-0.6629152310938112,11
1,0.25,0.08907123541814055,-0.45445585080275597,8
1,0.25,0.08907123541814055,-0.6852250815719867,11
1,0.25,0.17632192147614734,-0.08016807532230119,2
1,0.25,0.8846850956852224,-0.5384615384615384,7
1,0.25,0.9826408586840785,-0.5384615384615384,7
1,0.25,0.08907123541814055,-0.6852250815719867,11
1,0.25,0.13514845205100667,-0.577456144358699,9
1,0.25,0.9394896498108463,-0.23076923076923078,3
1,0.25,0.9826408586840785,0.0,0
1,0.25,0.23553045167227926,-0.6778381439799716,9
1,0.25,0.9826408586840785,-0.07692307692307693,1
1,0.25,0.24980936013667854,-0.7690401293674478,10
1,0.25,0.9394896498108463,-0.3076923076923077,4
1,0.25,0.08907123541814055,-0.377532773879679,7
1,0.25,0.2290091161470067,-0.6456757828136733,2
1,0.25,0.5548418449270073,-0.6666666666666666,2
1,0.25,0.5548418449270073,-0.3333333333333333,1
1,0.25,0.5548418449270073,0.0,0
1,0.25,0.5548418449270073,-0.3333333333333333,1
1,0.25,0.5548418449270073,0.0,0
1,0.25,0.5548418449270073,0.0,0
1,0.25,0.0,-0.75,3
1,0.25,0.5548418449270073,-0.3333333333333333,1
1,0.25,0.5548418449270073,-0.3333333333333333,1
1,0.25,0.5548418449270073,0.0,0
1,0.25,0.5548418449270073,0.0,0
1,0.25,0.5548418449270073,-0.6666666666666666,2
1,0.25,0.5548418449270073,-0.3333333333333333,1
1,0.25,0.5548418449270073,0.0,0
1,0.25,0.5548418449270073,-0.3333333333333333,1
1,0.25,0.0,-0.75,3
1,0.25,0.5548418449270073,-0.6666666666666666,2
1,0.25,0.5548418449270073,0.0,0
1,0.25,0.5548418449270073,-0.3333333333333333,1
1,0.25,0.0,-0.75,3
1,0.25,0.5548418449270073,-0.3333333333333333,1
1,0.25,0.0,-0.75,3
1,0.25,0.2290091161470067,-0.6456757828136733,2
1,0.25,0.3057912208405609,-0.6666666666666666,2
1,0.25,0.0,-0.75,3
1,0.25,0.5548418449270073,0.0,0
1,0.25,0.5548418449270073,0.0,0
1,0.25,0.5548418449270073,-0.6666666666666666,2
1,0.25,0.5548418449270073,0.0,0
1,0.25,0.3057912208405609,-0.6666666666666666,2
1,0.25,0.5548418449270073,-0.3333333333333333,1
1,0.25,0.5548418449270073,-0.6666666666666666,2
1,0.25,0.5548418449270073,-0.6666666666666666,2
1,0.25,0.0,-0.75,3
1,0.25,0.0,-0.75,3
1,0.25,0.5548418449270073,0.0,0
1,0.25,0.5548418449270073,0.0,0
1,0.25,0.5548418449270073,0.0,0
1,0.25,0.5548418449270073,-0.3333333333333333,1
1,0.25,0.5548418449270073,-0.3333333333333333,1
1,0.25,0.5548418449270073,0.0,0
1,0.25,0.5548418449270073,0.0,0
1,0.25,0.3057912208405609,-0.6666666666666666,2
1,0.25,0.3057912208405609,-0.3333333333333333,1
1,0.25,0.5548418449270073,-0.6666666666666666,2
1,0.25,0.0,-0.75,3
1,0.25,0.0,-0.75,3
1,0.25,0.5548418449270073,-0.3333333333333333,1
1,0.25,0.5548418449270073,0.0,0
1,0.25,0.3057912208405609,-0.6666666666666666,2
1,0.25,0.2290091161470067,-0.6456757828136733,2
1,0.25,0.0,-0.75,3
1,0.25,0.2290091161470067,-0.6456757828136733,2
1,0.25,0.5548418449270073,0.0,0
1,0.25,0.5548418449270073,-0.3333333333333333,1
1,0.25,0.0,-0.75,3
1,0.25,0.5548418449270073,-0.3333333333333333,1
1,0.25,0.0,-0.75,3
1,0.25,0.5548418449270073,-0.3333333333333333,1
1,0.25,0.5548418449270073,0.0,0
1,0.25,0.5548418449270073,-0.6666666666666666,2
1,0.25,0.0,-0.75,3
1,0.25,0.5548418449270073,-0.6666666666666666,2
1,0.25,0.3057912208405609,-0.3333333333333333,1
1,0.25,0.5548418449270073,-0.3333333333333333,1
1,0.25,0.0,-0.75,3
1,0.25,0.5548418449270073,0.0,0
1,0.25,0.5548418449270073,-0.6666666666666666,2
1,0.25,0.0,-0.75,3
1,0.25,0.0,-0.75,3
1,0.25,0.5548418449270073,-0.6666666666666666,2
1,0.25,0.3057912208405609,-0.3333333333333333,1
1,0.25,0.5548418449270073,0.0,0
1,0.25,0.0,-0.75,3
1,0.25,0.5548418449270073,0.0,0
1,0.25,0.5548418449270073,0.0,0
1,0.25,0.5548418449270073,-0.3333333333333333,1
1,0.25,0.5548418449270073,0.0,0
1,0.25,0.0,-0.75,3
1,0.25,0.5548418449270073,-0.3333333333333333,1
1,0.25,0.2290091161470067,-0.6456757828136733,2
1,0.25,0.5548418449270073,-0.3333333333333333,1
1,0.25,0.5548418449270073,-0.3333333333333333,1
1,0.25,0.5548418449270073,-0.3333333333333333,1
1,0.25,0.3057912208405609,-0.3333333333333333,1
1,0.25,0.2290091161470067,-0.6456757828136733,2
1,0.25,0.5548418449270073,-0.3333333333333333,1
1,0.25,0.3057912208405609,-0.3333333333333333,1
1,0.25,0.3057912208405609,-0.3333333333333333,1
1,0.25,0.5548418449270073,0.0,0
1,0.25,0.3057912208405609,-0.6666666666666666,2
1,0.25,0.5548418449270073,-0.6666666666666666,2
1,0.25,0.0,-0.75,3
1,0.25,0.5548418449270073,0.0,0
1,0.25,0.3057912208405609,-0.6666666666666666,2
1,0.25,0.5548418449270073,-0.3333333333333333,1
1,0.25,0.0,-0.75,3
1,0.25,0.3057912208405609,-0.6666666666666666,2
1,0.25,0.5548418449270073,0.0,0
