epsilon,L0,leakage,utility,mask_size
10,0.75,0.22337399647872114,0.5266260035212789,0
10,0.75,0.004612425044516089,0.07872090828881728,4
10,0.75,0.22337399647872114,0.5266260035212789,0
10,0.75,0.008222647309668152,0.24177735269033185,3
10,0.75,0.0,0.08333333333333337,4
10,0.75,0.051126318247808444,0.19887368175219156,3
10,0.75,0.03592524660768637,0.21407475339231363,3
10,0.75,0.003306804705818678,-0.08664013803915205,5
10,0.75,0.0008907266304110095,-0.08422405996374438,5
10,0.75,0.015768127809462573,-0.09910146114279594,5
10,0.75,0.06016840572859605,0.35649826093807063,2
10,0.75,0.22337399647872114,0.5266260035212789,0
10,0.75,0.22337399647872114,0.19329267018794555,2
10,0.75,0.03592524660768637,0.547408086725647,1
10,0.75,0.22337399647872114,0.5266260035212789,0
10,0.75,0.05010955345870127,0.19989044654129873,3
10,0.75,0.0,-0.08333333333333337,5
10,0.75,0.22337399647872114,0.5266260035212789,0
10,0.75,0.22337399647872114,0.5266260035212789,0
10,0.75,0.003306804705818678,-0.08664013803915205,5
10,0.75,0.003306804705818678,-0.08664013803915205,5
10,0.75,0.03592524660768637,0.21407475339231363,3
10,0.75,0.015768127809462573,-0.09910146114279594,5
10,0.75,0.22337399647872114,0.35995933685461223,1
10,0.75,0.22337399647872114,0.5266260035212789,0
10,0.75,0.22337399647872114,0.5266260035212789,0
10,0.75,0.03592524660768637,0.21407475339231363,3
10,0.75,0.008222647309668152,0.24177735269033185,3
10,0.75,0.051126318247808444,0.36554034841885824,2
10,0.75,0.015768127809462573,-0.09910146114279594,5
10,0.75,0.22337399647872114,0.35995933685461223,1
10,0.75,0.003609042830710618,-0.08694237616404399,5
10,0.75,0.013497595919447658,0.06983573741388571,4
10,0.75,0.004612425044516089,0.07872090828881728,4
10,0.75,0.05010955345870127,0.19989044654129873,3
10,0.75,0.22337399647872114,0.35995933685461223,1
10,0.75,0.003306804705818678,-0.08664013803915205,5
10,0.75,0.05010955345870127,0.0332237798746321,4
10,0.75,0.22337399647872114,0.35995933685461223,1
10,0.75,0.051126318247808444,0.5322070150855249,1
10,0.75,0.0008907266304110095,-0.08422405996374438,5
10,0.75,0.003306804705818678,-0.08664013803915205,5
10,0.75,0.0,-0.08333333333333337,5
10,0.75,0.0008907266304110095,-0.08422405996374438,5
10,0.75,0.03592524660768637,0.547408086725647,1
10,0.75,0.003609042830710618,-0.08694237616404399,5
10,0.75,0.015768127809462573,-0.09910146114279594,5
10,0.75,0.05853885744745513,0.19146114255254487,3
10,0.75,0.015768127809462573,-0.09910146114279594,5
10,0.75,0.051126318247808444,0.36554034841885824,2
10,0.75,0.003609042830710618,-0.08694237616404399,5
10,0.75,0.22337399647872114,0.19329267018794555,2
10,0.75,0.015768127809462573,-0.09910146114279594,5
10,0.75,0.03592524660768637,0.21407475339231363,3
10,0.75,0.003609042830710618,-0.08694237616404399,5
10,0.75,0.03592524660768637,0.3807414200589803,2
10,0.75,0.22337399647872114,0.5266260035212789,0
10,0.75,0.22337399647872114,0.5266260035212789,0
10,0.75,0.03592524660768637,0.547408086725647,1
10,0.75,0.011469181810646378,0.4051974848560203,2
10,0.75,0.05010955345870127,0.0332237798746321,4
10,0.75,0.051126318247808444,0.36554034841885824,2
10,0.75,0.06016840572859605,0.18983159427140395,3
10,0.75,0.05010955345870127,0.0332237798746321,4
10,0.75,0.05010955345870127,0.3665571132079654,2
10,0.75,0.22337399647872114,0.5266260035212789,0
10,0.75,0.06016840572859605,0.023164927604737318,4
10,0.75,0.051126318247808444,0.5322070150855249,1
10,0.75,0.22337399647872114,0.5266260035212789,0
10,0.75,0.003306804705818678,-0.08664013803915205,5
10,0.75,0.22337399647872114,0.19329267018794555,2
10,0.75,0.051126318247808444,0.36554034841885824,2
10,0.75,0.051126318247808444,0.032207015085524926,4
10,0.75,0.22337399647872114,0.5266260035212789,0
10,0.75,0.22337399647872114,0.19329267018794555,2
10,0.75,0.011469181810646378,0.23853081818935362,3
10,0.75,0.22337399647872114,0.5266260035212789,0
10,0.75,0.05010955345870127,0.19989044654129873,3
10,0.75,0.22337399647872114,0.026626003521278863,3
10,0.75,0.003306804705818678,-0.08664013803915205,5
10,0.75,0.22337399647872114,0.35995933685461223,1
10,0.75,0.015768127809462573,0.0675652055238708,4
10,0.75,0.05853885744745513,0.19146114255254487,3
10,0.75,0.051126318247808444,0.36554034841885824,2
10,0.75,0.22337399647872114,-0.14004066314538777,4
10,0.75,0.22337399647872114,0.35995933685461223,1
10,0.75,0.22337399647872114,0.35995933685461223,1
10,0.75,0.06016840572859605,0.18983159427140395,3
10,0.75,0.22337399647872114,0.026626003521278863,3
10,0.75,0.03592524660768637,0.047408086725647,4
10,0.75,0.22337399647872114,0.35995933685461223,1
10,0.75,0.011469181810646378,0.23853081818935362,3
10,0.75,0.051126318247808444,0.36554034841885824,2
10,0.75,0.22337399647872114,0.5266260035212789,0
10,0.75,0.22337399647872114,0.5266260035212789,0
10,0.75,0.0008907266304110095,-0.08422405996374438,5
10,0.75,0.22337399647872114,0.5266260035212789,0
10,0.75,0.003306804705818678,-0.08664013803915205,5
10,0.75,0.22337399647872114,0.35995933685461223,1
10,0.75,0.0008907266304110095,-0.08422405996374438,5
10,0.75,0.6623992294064142,-0.012399229406414164,1
10,0.75,0.24175913958548945,-0.2917591395854895,8
10,0.75,0.6090400455538584,0.040959954446141617,1
10,0.75,0.0002521225070323263,-0.15025212250703235,9
10,0.75,0.5860822545816282,-0.1360822545816282,3
10,0.75,0.26303652729247295,0.18696347270752706,3
10,0.75,0.6086948858179753,-0.15869488581797525,3
10,0.75,0.24175913958548945,-0.39175913958548947,9
10,0.75,0.6086948858179753,0.04130511418202473,1
10,0.75,0.6623992294064142,-0.012399229406414164,1
10,0.75,0.6623992294064142,0.08760077059358584,0
10,0.75,0.6623992294064142,0.08760077059358584,0
10,0.75,0.21940735109689347,-0.3694073510968935,9
10,0.75,0.0002521225070323263,-0.15025212250703235,9
10,0.75,0.4967909547833075,-0.34679095478330746,6
10,0.75,0.6623992294064142,-0.012399229406414164,1
10,0.75,0.5742552604116484,0.07574473958835157,1
10,0.75,0.26303652729247295,-0.11303652729247293,6
10,0.75,0.5422684587046469,-0.3922684587046469,6
10,0.75,0.6086948858179753,-0.05869488581797527,2
10,0.75,0.2629936790618288,-0.21299367906182876,7
10,0.75,0.44440927545847886,-0.4944092754584789,8
10,0.75,0.24315756576632586,-0.3931575657663259,9
10,0.75,0.5422684587046469,0.10773154129535309,1
10,0.75,0.0,-0.15000000000000002,9
10,0.75,0.1616508089511316,-0.11165080895113155,7
10,0.75,0.5742305069340705,-0.024230506934070528,2
10,0.75,0.42853421735144903,-0.07853421735144905,4
10,0.75,0.3166049127277152,-0.06660491272771518,5
10,0.75,0.385599188513301,-0.43559918851330104,8
10,0.75,0.385599188513301,-0.535599188513301,9
10,0.75,0.21940735109689347,-0.16940735109689342,7
10,0.75,0.21940735109689347,-0.2694073510968935,8
10,0.75,0.6623992294064142,-0.11239922940641417,2
10,0.75,0.6086948858179753,-0.05869488581797527,2
10,0.75,0.24175913958548945,-0.1917591395854894,7
10,0.75,0.24315756576632586,-0.3931575657663259,9
10,0.75,0.21945273335876703,-0.069452733358767,6
10,0.75,0.3594889549228737,-0.20948895492287367,6
10,0.75,0.385599188513301,-0.535599188513301,9
10,0.75,0.21945273335876703,-0.26945273335876707,8
10,0.75,0.42853421735144903,-0.17853421735144903,5
10,0.75,0.24175913958548945,-0.39175913958548947,9
10,0.75,0.5422684587046469,0.10773154129535309,1
10,0.75,0.6623992294064142,0.08760077059358584,0
10,0.75,0.24175913958548945,-0.39175913958548947,9
10,0.75,0.5468475106079831,0.0031524893920168995,2
10,0.75,0.6623992294064142,0.08760077059358584,0
10,0.75,0.5422684587046469,-0.19226845870464693,4
10,0.75,0.385599188513301,-0.135599188513301,5
10,0.75,0.0,-0.15000000000000002,9
10,0.75,0.6623992294064142,-0.21239922940641415,3
10,0.75,0.261836400724347,-0.011836400724346996,5
10,0.75,0.3764851312661076,-0.32648513126610756,7
10,0.75,0.26303652729247295,-0.11303652729247293,6
10,0.75,0.6090400455538584,-0.3590400455538584,5
10,0.75,0.24315756576632586,0.006842434233674144,5
10,0.75,0.6623992294064142,-0.11239922940641417,2
10,0.75,0.26187931623708605,-0.3118793162370861,8
10,0.75,0.6623992294064142,-0.11239922940641417,2
10,0.75,0.24175913958548945,-0.39175913958548947,9
10,0.75,0.0002521225070323263,-0.15025212250703235,9
10,0.75,0.5422684587046469,-0.2922684587046469,5
10,0.75,0.14559895790530974,-0.29559895790530977,9
10,0.75,0.5468475106079831,-0.09684751060798308,3
10,0.75,0.6623992294064142,0.08760077059358584,0
10,0.75,0.4694541344903692,-0.3194541344903692,6
10,0.75,0.46992211475481305,-0.11992211475481307,4
10,0.75,0.44440927545847886,-0.3944092754584788,7
10,0.75,0.6623992294064142,0.08760077059358584,0
10,0.75,0.5468475106079831,-0.2968475106079831,5
10,0.75,0.6623992294064142,-0.3123992294064142,4
10,0.75,0.385599188513301,-0.535599188513301,9
10,0.75,0.5742552604116484,-0.12425526041164842,3
10,0.75,0.4967909547833075,-0.24679095478330748,5
10,0.75,0.0002521225070323263,-0.15025212250703235,9
10,0.75,0.21945273335876703,-0.16945273335876698,7
10,0.75,0.6623992294064142,-0.11239922940641417,2
10,0.75,0.44440927545847886,-0.5944092754584789,9
10,0.75,0.6623992294064142,0.08760077059358584,0
10,0.75,0.6086948858179753,-0.45869488581797524,6
10,0.75,0.6623992294064142,0.08760077059358584,0
10,0.75,0.21945273335876703,0.030547266641232973,5
10,0.75,0.14559895790530974,-0.29559895790530977,9
10,0.75,0.5742552604116484,0.07574473958835157,1
10,0.75,0.6086948858179753,-0.35869488581797526,5
10,0.75,0.24315756576632586,-0.3931575657663259,9
10,0.75,0.5065292841479625,-0.05652928414796249,3
10,0.75,0.42850099142022324,-0.4785009914202233,8
10,0.75,0.5468475106079831,-0.49684751060798305,7
10,0.75,0.0,-0.15000000000000002,9
10,0.75,0.385599188513301,-0.33559918851330095,7
10,0.75,0.6623992294064142,-0.11239922940641417,2
10,0.75,0.6090400455538584,-0.05904004555385839,2
10,0.75,0.24175913958548945,-0.39175913958548947,9
10,0.75,0.24315756576632586,-0.3931575657663259,9
10,0.75,0.26187931623708605,0.08812068376291393,4
10,0.75,0.6623992294064142,0.08760077059358584,0
10,0.75,0.3764851312661076,0.0735148687338924,3
10,0.75,0.21940735109689347,-0.16940735109689342,7
10,0.75,0.1982055807652513,0.21846108590141539,4
10,0.75,0.49122554744404323,0.25877445255595677,0
10,0.75,0.49122554744404323,0.25877445255595677,0
10,0.75,0.0711822430037673,-0.0711822430037673,9
10,0.75,0.07197245885197745,-0.07197245885197745,9
10,0.75,0.05401868758400663,-0.05401868758400663,9
10,0.75,0.06528426172947921,0.1847157382705208,6
10,0.75,0.3878268224287339,0.1121731775712661,3
10,0.75,0.1524620991231389,0.0975379008768611,6
10,0.75,0.3514304689713095,-0.01809713563797616,5
10,0.75,0.07777061003044872,0.17222938996955128,6
10,0.75,0.459832406379585,0.20683426028708168,1
10,0.75,0.08129409482449701,0.08537257184216962,7
10,0.75,0.00530360499782212,-0.00530360499782212,9
10,0.75,0.0,0.0,9
10,0.75,0.12520878807357239,0.3747912119264276,3
10,0.75,0.19082965561052068,0.225837011056146,4
10,0.75,0.459832406379585,-0.043165739712918316,4
10,0.75,0.0549373740911705,-0.0549373740911705,9
10,0.75,0.2607152226933749,0.1559514439732918,4
10,0.75,0.06156011572976283,-0.06156011572976283,9
10,0.75,0.49122554744404323,0.25877445255595677,0
10,0.75,0.3878268224287339,0.19550651090459945,2
10,0.75,0.02243035191528453,-0.02243035191528453,9
10,0.75,0.49122554744404323,0.25877445255595677,0
10,0.75,0.49122554744404323,0.008774452555956769,3
10,0.75,0.02026030711911042,-0.02026030711911042,9
10,0.75,0.27142142629317934,0.31191190704015404,2
10,0.75,0.13947309085243442,0.27719357581423226,4
10,0.75,0.13930887005604153,-0.13930887005604153,9
10,0.75,0.38912364978807834,0.27754301687858834,1
10,0.75,0.13249648641337675,0.11750351358662325,6
10,0.75,0.3423284026419178,0.07433826402474891,4
10,0.75,0.49122554744404323,0.17544111922262345,1
10,0.75,0.13199169267231325,0.20134164066102006,5
10,0.75,0.12809943965902804,0.038567227007638594,7
10,0.75,0.22646561173524504,0.27353438826475496,3
10,0.75,0.06304317797024295,-0.06304317797024295,9
10,0.75,0.10004696880635078,0.14995303119364922,6
10,0.75,0.07153923200392931,-0.07153923200392931,9
10,0.75,0.49122554744404323,0.25877445255595677,0
10,0.75,0.054716619018709056,0.028616714314624314,8
10,0.75,0.49122554744404323,0.17544111922262345,1
10,0.75,0.3527383773688254,0.06392828929784128,4
10,0.75,0.07153923200392931,-0.07153923200392931,9
10,0.75,0.05951339548593937,-0.05951339548593937,9
10,0.75,0.12520878807357239,0.2914578785930943,4
10,0.75,0.07123114870903602,0.09543551795763061,7
10,0.75,0.06325677788705819,0.02007655544627518,8
10,0.75,0.22646561173524504,0.19020105493142164,4
10,0.75,0.06019065083938557,-0.06019065083938557,9
10,0.75,0.12520878807357239,0.458124545259761,2
10,0.75,0.35899251776501295,-0.19232585109834632,7
10,0.75,0.07148612890569572,-0.07148612890569572,9
10,0.75,0.08469516592203497,0.08197150074463166,7
10,0.75,0.49122554744404323,0.25877445255595677,0
10,0.75,0.49122554744404323,0.25877445255595677,0
10,0.75,0.17781657149297747,0.07218342850702253,6
10,0.75,0.0711822430037673,-0.0711822430037673,9
10,0.75,0.27142142629317934,0.31191190704015404,2
10,0.75,0.07236200144916793,0.010971331884165436,8
10,0.75,0.49122554744404323,0.09210778588929011,2
10,0.75,0.1398252965500606,0.026841370116606034,7
10,0.75,0.12486866579692091,0.2084646675364124,5
10,0.75,0.3878268224287339,0.1121731775712661,3
10,0.75,0.07123114870903602,0.34543551795763067,4
10,0.75,0.43187055559681353,-0.09853722226348022,5
10,0.75,0.49122554744404323,0.25877445255595677,0
10,0.75,0.49122554744404323,0.25877445255595677,0
10,0.75,0.05993683602672273,-0.05993683602672273,9
10,0.75,0.49122554744404323,0.25877445255595677,0
10,0.75,0.004711615066227637,-0.004711615066227637,9
10,0.75,0.08099673306275634,0.25233660027057697,5
10,0.75,0.0708885909457414,-0.0708885909457414,9
10,0.75,0.02939134205290339,0.05394199128042998,8
10,0.75,0.152289551106487,0.01437711556017962,7
10,0.75,0.3514304689713095,0.23190286436202387,2
10,0.75,0.2194035398363463,0.030596460163653694,6
10,0.75,0.0027453516058025818,-0.0027453516058025818,9
10,0.75,0.0004067161279524001,-0.0004067161279524001,9
10,0.75,0.22646561173524504,0.19020105493142164,4
10,0.75,0.014580918669557907,-0.014580918669557907,9
10,0.75,0.0007657060564544294,-0.0007657060564544294,9
10,0.75,0.49122554744404323,0.09210778588929011,2
10,0.75,0.06433112192918622,0.01900221140414715,8
10,0.75,0.06507221040897937,0.10159445625768726,7
10,0.75,0.07123114870903602,0.428768851290964,3
10,0.75,0.4837492874056374,0.016250712594362615,3
10,0.75,0.14009478901114436,0.02657187765552227,7
10,0.75,0.13199169267231325,0.034674973994353375,7
10,0.75,0.0021431443156229024,-0.0021431443156229024,9
10,0.75,0.005352765148951,-0.005352765148951,9
10,0.75,0.49122554744404323,0.25877445255595677,0
10,0.75,0.27142142629317934,0.22857857370682066,3
10,0.75,0.49122554744404323,0.17544111922262345,1
10,0.75,0.4837492874056374,-0.0670826207389707,4
10,0.75,0.13754217745055075,0.36245782254944925,3
10,0.75,0.49122554744404323,0.17544111922262345,1
10,0.75,0.3520720543573125,0.0645946123093542,4
10,0.75,0.3878268224287339,0.19550651090459945,2
10,0.75,0.8846850956852224,-0.6923076923076923,9
10,0.75,0.8846850956852224,-0.5384615384615384,7
10,0.75,0.9826408586840785,0.0,0
10,0.75,0.9826408586840785,-0.23076923076923078,3
10,0.75,0.1689864093151694,0.11947512914636904,6
10,0.75,0.9680567115073361,-0.6153846153846154,8
10,0.75,0.9826408586840785,-0.07692307692307693,1
10,0.75,0.9826408586840785,-0.46153846153846156,6
10,0.75,0.18094116044347042,0.2613665318642219,4
10,0.75,0.8846850956852224,-0.6153846153846154,8
10,0.75,0.06676138493996508,-0.16291523109381123,11
10,0.75,0.9826408586840785,-0.38461538461538464,5
10,0.75,0.9680567115073361,-0.38461538461538464,5
10,0.75,0.12744625720955838,0.16101528125198006,6
10,0.75,0.08907123541814055,-0.1852250815719867,11
10,0.75,0.8846850956852224,-0.3076923076923077,4
10,0.75,0.8846850956852224,-0.6923076923076923,9
10,0.75,0.9826408586840785,-0.38461538461538464,5
10,0.75,0.9826408586840785,-0.3076923076923077,4
10,0.75,0.9826408586840785,-0.38461538461538464,5
10,0.75,0.13514845205100667,0.38408231717976254,3
10,0.75,0.1222736628243225,0.08926479871413906,7
10,0.75,0.9680567115073361,-0.8461538461538461,11
10,0.75,0.9398289956970705,-0.46153846153846156,6
10,0.75,0.9826408586840785,-0.07692307692307693,1
10,0.75,0.8846850956852224,-0.15384615384615385,2
10,0.75,0.9680567115073361,-0.7692307692307693,10
10,0.75,0.9826408586840785,-0.15384615384615385,2
10,0.75,0.2455785165522859,0.04288302190925253,6
10,0.75,0.8846850956852224,-0.6153846153846154,8
10,0.75,0.08907123541814055,-0.10830200464890982,10
10,0.75,0.9680567115073361,-0.6923076923076923,9
10,0.75,0.13514845205100667,-0.23130229820485282,11
10,0.75,0.9826408586840785,-0.23076923076923078,3
10,0.75,0.9826408586840785,0.0,0
10,0.75,0.9680567115073361,-0.8461538461538461,11
10,0.75,0.13514845205100667,-0.15437922128177595,10
10,0.75,0.13514845205100667,-0.23130229820485282,11
10,0.75,0.8846850956852224,-0.8461538461538461,11
10,0.75,0.9826408586840785,-0.07692307692307693,1
10,0.75,0.18094116044347042,0.10752037801806802,6
10,0.75,0.9826408586840785,0.0,0
10,0.75,0.8846850956852224,-0.38461538461538464,5
10,0.75,0.08907123541814055,-0.1852250815719867,11
10,0.75,0.17967605980281343,-0.27582990595665957,11
10,0.75,0.12744625720955838,-0.06975394951725067,9
10,0.75,0.9680567115073361,-0.46153846153846156,6
10,0.75,0.12744625720955838,-0.22360010336340452,11
10,0.75,0.9826408586840785,0.0,0
10,0.75,0.9680567115073361,-0.6153846153846154,8
10,0.75,0.8846850956852224,-0.8461538461538461,11
10,0.75,0.9826408586840785,-0.15384615384615385,2
10,0.75,0.8846850956852224,-0.3076923076923077,4
10,0.75,0.9826408586840785,-0.15384615384615385,2
10,0.75,0.08907123541814055,-0.1852250815719867,11
10,0.75,0.08907123541814055,-0.03137892772583284,9
10,0.75,0.12744625720955838,0.23793835817505699,5
10,0.75,0.9826408586840785,-0.07692307692307693,1
10,0.75,0.13818569520024426,0.0733527663382173,7
10,0.75,0.9826408586840785,-0.38461538461538464,5
10,0.75,0.8846850956852224,-0.7692307692307693,10
10,0.75,0.8846850956852224,-0.5384615384615384,7
10,0.75,0.16828933816592273,-0.2644431843197689,11
10,0.75,0.8846850956852224,-0.3076923076923077,4
10,0.75,0.18094116044347042,-0.046325775828085836,8
10,0.75,0.9826408586840785,-0.3076923076923077,4
10,0.75,0.8846850956852224,-0.5384615384615384,7
10,0.75,0.9826408586840785,-0.3076923076923077,4
10,0.75,0.9826408586840785,-0.5384615384615384,7
10,0.75,0.9680567115073361,-0.8461538461538461,11
10,0.75,0.17364678630049102,0.19173782908412434,5
10,0.75,0.24980936013667854,-0.19211705244437083,9
10,0.75,0.9826408586840785,-0.15384615384615385,2
10,0.75,0.1222736628243225,-0.14150443205509178,10
10,0.75,0.9680567115073361,-0.38461538461538464,5
10,0.75,0.9680567115073361,-0.6153846153846154,8
10,0.75,0.9826408586840785,-0.15384615384615385,2
10,0.75,0.9826408586840785,0.0,0
10,0.75,0.08907123541814055,-0.1852250815719867,11
10,0.75,0.9826408586840785,0.0,0
10,0.75,0.9394896498108463,-0.23076923076923078,3
10,0.75,0.06676138493996508,-0.16291523109381123,11
10,0.75,0.9394896498108463,-0.15384615384615385,2
10,0.75,0.9680567115073361,-0.8461538461538461,11
10,0.75,0.17632192147614734,0.18906269390846803,5
10,0.75,0.06676138493996508,-0.16291523109381123,11
10,0.75,0.8846850956852224,-0.6923076923076923,9
10,0.75,0.9826408586840785,-0.23076923076923078,3
10,0.75,0.06676138493996508,-0.16291523109381123,11
10,0.75,0.9826408586840785,0.0,0
10,0.75,0.9394896498108463,-0.3076923076923077,4
10,0.75,0.8846850956852224,-0.8461538461538461,11
10,0.75,0.08907123541814055,-0.1852250815719867,11
10,0.75,0.9826408586840785,-0.15384615384615385,2
10,0.75,0.9394896498108463,-0.15384615384615385,2
10,0.75,0.06676138493996508,-0.16291523109381123,11
10,0.75,0.08907123541814055,-0.10830200464890982,10
10,0.75,0.06676138493996508,-0.16291523109381123,11
10,0.75,0.9680567115073361,-0.5384615384615384,7
10,0.75,0.8846850956852224,-0.38461538461538464,5
10,0.75,0.3057912208405609,0.11087544582610581,1
10,0.75,0.2290091161470067,-0.14567578281367333,2
10,0.75,0.0,-0.25,3
10,0.75,0.0,-0.25,3
10,0.75,0.3057912208405609,0.11087544582610581,1
10,0.75,0.5548418449270073,0.19515815507299272,0
10,0.75,0.5548418449270073,0.19515815507299272,0
10,0.75,0.0,-0.25,3
10,0.75,0.3057912208405609,-0.2224578875072275,2
10,0.75,0.5548418449270073,0.19515815507299272,0
10,0.75,0.5548418449270073,0.19515815507299272,0
10,0.75,0.5548418449270073,-0.1381751782603406,1
10,0.75,0.5548418449270073,-0.1381751782603406,1
10,0.75,0.5548418449270073,0.19515815507299272,0
10,0.75,0.5548418449270073,0.19515815507299272,0
10,0.75,0.2290091161470067,-0.14567578281367333,2
10,0.75,0.5548418449270073,-0.1381751782603406,1
10,0.75,0.3057912208405609,0.11087544582610581,1
10,0.75,0.5548418449270073,0.19515815507299272,0
10,0.75,0.3057912208405609,-0.2224578875072275,2
10,0.75,0.3057912208405609,0.11087544582610581,1
10,0.75,0.0,-0.25,3
10,0.75,0.0,-0.25,3
10,0.75,0.0,-0.25,3
10,0.75,0.2290091161470067,-0.14567578281367333,2
10,0.75,0.5548418449270073,0.19515815507299272,0
10,0.75,0.2290091161470067,-0.14567578281367333,2
10,0.75,0.5548418449270073,0.19515815507299272,0
10,0.75,0.5548418449270073,0.19515815507299272,0
10,0.75,0.5548418449270073,-0.1381751782603406,1
10,0.75,0.5548418449270073,0.19515815507299272,0
10,0.75,0.5548418449270073,0.19515815507299272,0
10,0.75,0.3057912208405609,0.11087544582610581,1
10,0.75,0.0,-0.25,3
10,0.75,0.0,-0.25,3
10,0.75,0.5548418449270073,-0.1381751782603406,1
10,0.75,0.5548418449270073,-0.1381751782603406,1
10,0.75,0.5548418449270073,0.19515815507299272,0
10,0.75,0.5548418449270073,0.19515815507299272,0
10,0.75,0.5548418449270073,0.19515815507299272,0
10,0.75,0.3057912208405609,0.11087544582610581,1
10,0.75,0.0,-0.25,3
10,0.75,0.0,-0.25,3
10,0.75,0.5548418449270073,-0.1381751782603406,1
10,0.75,0.5548418449270073,0.19515815507299272,0
10,0.75,0.5548418449270073,0.19515815507299272,0
10,0.75,0.5548418449270073,0.19515815507299272,0
10,0.75,0.0,-0.25,3
10,0.75,0.3057912208405609,0.11087544582610581,1
10,0.75,0.0,-0.25,3
10,0.75,0.0,-0.25,3
10,0.75,0.5548418449270073,-0.1381751782603406,1
10,0.75,0.3057912208405609,0.11087544582610581,1
10,0.75,0.0,-0.25,3
10,0.75,0.3057912208405609,0.11087544582610581,1
10,0.75,0.0,-0.25,3
10,0.75,0.5548418449270073,0.19515815507299272,0
10,0.75,0.3057912208405609,0.11087544582610581,1
10,0.75,0.5548418449270073,0.19515815507299272,0
10,0.75,0.5548418449270073,0.19515815507299272,0
10,0.75,0.3057912208405609,0.11087544582610581,1
10,0.75,0.2290091161470067,-0.14567578281367333,2
10,0.75,0.5548418449270073,0.19515815507299272,0
10,0.75,0.3057912208405609,0.11087544582610581,1
10,0.75,0.5548418449270073,0.19515815507299272,0
10,0.75,0.5548418449270073,-0.1381751782603406,1
10,0.75,0.5548418449270073,0.19515815507299272,0
10,0.75,0.5548418449270073,-0.1381751782603406,1
10,0.75,0.5548418449270073,0.19515815507299272,0
10,0.75,0.5548418449270073,-0.1381751782603406,1
10,0.75,0.5548418449270073,0.19515815507299272,0
10,0.75,0.0,-0.25,3
10,0.75,0.5548418449270073,0.19515815507299272,0
10,0.75,0.0,-0.25,3
10,0.75,0.0,-0.25,3
10,0.75,0.5548418449270073,-0.1381751782603406,1
10,0.75,0.5548418449270073,-0.1381751782603406,1
10,0.75,0.5548418449270073,-0.1381751782603406,1
10,0.75,0.0,-0.25,3
10,0.75,0.5548418449270073,0.19515815507299272,0
10,0.75,0.5548418449270073,0.19515815507299272,0
10,0.75,0.5548418449270073,0.19515815507299272,0
10,0.75,0.0,-0.25,3
10,0.75,0.5548418449270073,-0.1381751782603406,1
10,0.75,0.5548418449270073,0.19515815507299272,0
10,0.75,0.0,-0.25,3
10,0.75,0.5548418449270073,0.19515815507299272,0
10,0.75,0.5548418449270073,-0.1381751782603406,1
10,0.75,0.0,-0.25,3
10,0.75,0.5548418449270073,0.19515815507299272,0
10,0.75,0.5548418449270073,-0.1381751782603406,1
10,0.75,0.5548418449270073,0.19515815507299272,0
10,0.75,0.0,-0.25,3
10,0.75,0.5548418449270073,0.19515815507299272,0
10,0.75,0.5548418449270073,-0.1381751782603406,1
10,0.75,0.5548418449270073,0.19515815507299272,0
10,0.75,0.5548418449270073,-0.1381751782603406,1
10,0.75,0.3057912208405609,0.11087544582610581,1
10,0.75,0.5548418449270073,0.19515815507299272,0
10,0.75,0.0,-0.25,3
