epsilon,L0,leakage,utility,mask_size
0.1,0.25,0.003609042830710618,-0.586942376164044,5
0.1,0.25,0.003609042830710618,-0.586942376164044,5
0.1,0.25,0.22337399647872114,0.026626003521278863,0
0.1,0.25,0.03592524660768637,-0.452591913274353,4
0.1,0.25,0.0008907266304110095,-0.5842240599637444,5
0.1,0.25,0.22337399647872114,-0.30670732981205445,2
0.1,0.25,0.03592524660768637,0.047408086725646975,1
0.1,0.25,0.003306804705818678,-0.586640138039152,5
0.1,0.25,0.03592524660768637,-0.11925857994101968,2
0.1,0.25,0.015768127809462573,-0.4324347944761292,4
0.1,0.25,0.03592524660768637,-0.11925857994101968,2
0.1,0.25,0.22337399647872114,0.026626003521278863,0
0.1,0.25,0.0,-0.5833333333333334,5
0.1,0.25,0.015768127809462573,-0.5991014611427959,5
0.1,0.25,0.051126318247808444,-0.13445965158114176,2
0.1,0.25,0.015768127809462573,-0.5991014611427959,5
0.1,0.25,0.003306804705818678,-0.586640138039152,5
0.1,0.25,0.22337399647872114,0.026626003521278863,0
0.1,0.25,0.05010955345870127,-0.4667762201253679,4
0.1,0.25,0.051126318247808444,-0.30112631824780844,3
0.1,0.25,0.22337399647872114,-0.1400406631453878,1
0.1,0.25,0.015768127809462573,-0.5991014611427959,5
0.1,0.25,0.22337399647872114,-0.1400406631453878,1
0.1,0.25,0.051126318247808444,-0.13445965158114176,2
0.1,0.25,0.22337399647872114,0.026626003521278863,0
0.1,0.25,0.22337399647872114,0.026626003521278863,0
0.1,0.25,0.003306804705818678,-0.586640138039152,5
0.1,0.25,0.22337399647872114,0.026626003521278863,0
0.1,0.25,0.015768127809462573,-0.5991014611427959,5
0.1,0.25,0.015768127809462573,-0.5991014611427959,5
0.1,0.25,0.05010955345870127,-0.3001095534587013,3
0.1,0.25,0.22337399647872114,-0.1400406631453878,1
0.1,0.25,0.05010955345870127,-0.4667762201253679,4
0.1,0.25,0.03592524660768637,0.047408086725646975,1
0.1,0.25,0.22337399647872114,-0.30670732981205445,2
0.1,0.25,0.008222647309668152,-0.4248893139763348,4
0.1,0.25,0.03592524660768637,-0.11925857994101968,2
0.1,0.25,0.0,-0.41666666666666663,4
0.1,0.25,0.22337399647872114,0.026626003521278863,0
0.1,0.25,0.015768127809462573,-0.5991014611427959,5
0.1,0.25,0.008222647309668152,-0.25822264730966815,3
0.1,0.25,0.0008907266304110095,-0.5842240599637444,5
0.1,0.25,0.003306804705818678,-0.586640138039152,5
0.1,0.25,0.051126318247808444,-0.30112631824780844,3
0.1,0.25,0.22337399647872114,-0.30670732981205445,2
0.1,0.25,0.003609042830710618,-0.586942376164044,5
0.1,0.25,0.0,-0.5833333333333334,5
0.1,0.25,0.015768127809462573,-0.5991014611427959,5
0.1,0.25,0.008222647309668152,-0.25822264730966815,3
0.1,0.25,0.22337399647872114,-0.30670732981205445,2
0.1,0.25,0.06016840572859605,-0.31016840572859605,3
0.1,0.25,0.0096768865126029,-0.42634355317926953,4
0.1,0.25,0.011469181810646378,-0.2614691818106464,3
0.1,0.25,0.008222647309668152,-0.25822264730966815,3
0.1,0.25,0.03592524660768637,-0.28592524660768637,3
0.1,0.25,0.003306804705818678,-0.586640138039152,5
0.1,0.25,0.051126318247808444,0.0322070150855249,1
0.1,0.25,0.22337399647872114,0.026626003521278863,0
0.1,0.25,0.22337399647872114,0.026626003521278863,0
0.1,0.25,0.05853885744745513,-0.47520552411412176,4
0.1,0.25,0.22337399647872114,-0.1400406631453878,1
0.1,0.25,0.013497595919447658,-0.26349759591944766,3
0.1,0.25,0.22337399647872114,0.026626003521278863,0
0.1,0.25,0.0008907266304110095,-0.5842240599637444,5
0.1,0.25,0.003306804705818678,-0.586640138039152,5
0.1,0.25,0.22337399647872114,0.026626003521278863,0
0.1,0.25,0.003306804705818678,-0.586640138039152,5
0.1,0.25,0.015768127809462573,-0.5991014611427959,5
0.1,0.25,0.011469181810646378,-0.428135848477313,4
0.1,0.25,0.015768127809462573,-0.5991014611427959,5
0.1,0.25,0.051126318247808444,-0.13445965158114176,2
0.1,0.25,0.051126318247808444,-0.30112631824780844,3
0.1,0.25,0.03592524660768637,-0.28592524660768637,3
0.1,0.25,0.22337399647872114,-0.47337399647872114,3
0.1,0.25,0.0,-0.41666666666666663,4
0.1,0.25,0.015768127809462573,-0.5991014611427959,5
0.1,0.25,0.003306804705818678,-0.586640138039152,5
0.1,0.25,0.03592524660768637,0.047408086725646975,1
0.1,0.25,0.22337399647872114,0.026626003521278863,0
0.1,0.25,0.0,-0.41666666666666663,4
0.1,0.25,0.22337399647872114,-0.30670732981205445,2
0.1,0.25,0.22337399647872114,-0.1400406631453878,1
0.1,0.25,0.22337399647872114,0.026626003521278863,0
0.1,0.25,0.22337399647872114,-0.30670732981205445,2
0.1,0.25,0.05853885744745513,-0.47520552411412176,4
0.1,0.25,0.22337399647872114,-0.47337399647872114,3
0.1,0.25,0.013497595919447658,-0.4301642625861143,4
0.1,0.25,0.003609042830710618,-0.586942376164044,5
0.1,0.25,0.0,-0.5833333333333334,5
0.1,0.25,0.015768127809462573,-0.5991014611427959,5
0.1,0.25,0.0008907266304110095,-0.5842240599637444,5
0.1,0.25,0.22337399647872114,0.026626003521278863,0
0.1,0.25,0.22337399647872114,-0.1400406631453878,1
0.1,0.25,0.003609042830710618,-0.586942376164044,5
0.1,0.25,0.05853885744745513,-0.30853885744745513,3
0.1,0.25,0.015768127809462573,-0.5991014611427959,5
0.1,0.25,0.22337399647872114,-0.1400406631453878,1
0.1,0.25,0.015768127809462573,-0.5991014611427959,5
0.1,0.25,0.051126318247808444,-0.13445965158114176,2
0.1,0.25,0.0,-0.5833333333333334,5
0.1,0.25,0.5065292841479625,-0.7,7
0.1,0.25,0.26187931623708605,-0.6,6
0.1,0.25,0.6086948858179753,-0.2,2
0.1,0.25,0.14559895790530974,-0.7955989579053098,9
0.1,0.25,0.5860822545816282,-0.7,7
0.1,0.25,0.21945273335876703,-0.669452733358767,7
0.1,0.25,0.0,-0.65,9
0.1,0.25,0.21945273335876703,-0.669452733358767,7
0.1,0.25,0.385599188513301,-0.7,7
0.1,0.25,0.6623992294064142,-0.2,2
0.1,0.25,0.21945273335876703,-0.669452733358767,7
0.1,0.25,0.14559895790530974,-0.7955989579053098,9
0.1,0.25,0.6623992294064142,-0.2,2
0.1,0.25,0.6086948858179753,-0.1,1
0.1,0.25,0.46992211475481305,-0.4,4
0.1,0.25,0.26187931623708605,-0.5,5
0.1,0.25,0.6623992294064142,-0.2,2
0.1,0.25,0.6086948858179753,-0.2,2
0.1,0.25,0.6623992294064142,-0.3,3
0.1,0.25,0.018199449314831084,-0.5681994493148311,8
0.1,0.25,0.6623992294064142,-0.3,3
0.1,0.25,0.4694541344903692,-0.4,4
0.1,0.25,0.46992211475481305,-0.6,6
0.1,0.25,0.5468475106079831,-0.4,4
0.1,0.25,0.6623992294064142,0.0,0
0.1,0.25,0.26303652729247295,-0.8,8
0.1,0.25,0.6623992294064142,0.0,0
0.1,0.25,0.5742552604116484,-0.3,3
0.1,0.25,0.44440927545847886,-0.8,8
0.1,0.25,0.385599188513301,-0.7,7
0.1,0.25,0.4694541344903692,-0.7,7
0.1,0.25,0.26303652729247295,-0.8,8
0.1,0.25,0.3594889549228737,-0.6,6
0.1,0.25,0.24315756576632586,-0.7931575657663259,8
0.1,0.25,0.5422684587046469,-0.4,4
0.1,0.25,0.5107698719387217,-0.7,7
0.1,0.25,0.44440927545847886,-0.9,9
0.1,0.25,0.46992211475481305,-0.5,5
0.1,0.25,0.0,-0.65,9
0.1,0.25,0.6623992294064142,-0.1,1
0.1,0.25,0.6623992294064142,-0.2,2
0.1,0.25,0.6623992294064142,0.0,0
0.1,0.25,0.4694541344903692,-0.5,5
0.1,0.25,0.5468475106079831,-0.4,4
0.1,0.25,0.5065292841479625,-0.2,2
0.1,0.25,0.5860822545816282,-0.4,4
0.1,0.25,0.6086948858179753,-0.3,3
0.1,0.25,0.6623992294064142,-0.3,3
0.1,0.25,0.6623992294064142,0.0,0
0.1,0.25,0.5422684587046469,-0.2,2
0.1,0.25,0.26303652729247295,-0.6,6
0.1,0.25,0.44440927545847886,-0.9,9
0.1,0.25,0.24175913958548945,-0.7917591395854895,8
0.1,0.25,0.385599188513301,-0.9,9
0.1,0.25,0.46992211475481305,-0.6,6
0.1,0.25,0.46992211475481305,-0.4,4
0.1,0.25,0.0002521225070323263,-0.6502521225070323,9
0.1,0.25,0.5065005929742044,-0.4,4
0.1,0.25,0.24175913958548945,-0.8917591395854895,9
0.1,0.25,0.385599188513301,-0.6,6
0.1,0.25,0.14559895790530974,-0.7955989579053098,9
0.1,0.25,0.5742552604116484,-0.4,4
0.1,0.25,0.6086948858179753,-0.1,1
0.1,0.25,0.385599188513301,-0.7,7
0.1,0.25,0.6623992294064142,-0.1,1
0.1,0.25,0.6623992294064142,0.0,0
0.1,0.25,0.4967909547833075,-0.3,3
0.1,0.25,0.6623992294064142,0.0,0
0.1,0.25,0.6623992294064142,-0.1,1
0.1,0.25,0.0002521225070323263,-0.6502521225070323,9
0.1,0.25,0.6623992294064142,0.0,0
0.1,0.25,0.385599188513301,-0.9,9
0.1,0.25,0.0002521225070323263,-0.6502521225070323,9
0.1,0.25,0.5107698719387217,-0.5,5
0.1,0.25,0.3166049127277152,-0.7,7
0.1,0.25,0.24315756576632586,-0.6931575657663258,7
0.1,0.25,0.21945273335876703,-0.669452733358767,7
0.1,0.25,0.6090400455538584,-0.4,4
0.1,0.25,0.24315756576632586,-0.7931575657663259,8
0.1,0.25,0.5065005929742044,-0.7,7
0.1,0.25,0.6623992294064142,-0.1,1
0.1,0.25,0.6086948858179753,-0.2,2
0.1,0.25,0.46992211475481305,-0.3,3
0.1,0.25,0.6623992294064142,0.0,0
0.1,0.25,0.24175913958548945,-0.8917591395854895,9
0.1,0.25,0.2902622119955647,-0.9,9
0.1,0.25,0.5742552604116484,-0.3,3
0.1,0.25,0.6623992294064142,0.0,0
0.1,0.25,0.385599188513301,-0.7,7
0.1,0.25,0.44440927545847886,-0.8,8
0.1,0.25,0.4694541344903692,-0.5,5
0.1,0.25,0.5422684587046469,-0.2,2
0.1,0.25,0.21940735109689347,-0.6694073510968934,7
0.1,0.25,0.0002521225070323263,-0.6502521225070323,9
0.1,0.25,0.6623992294064142,0.0,0
0.1,0.25,0.5065005929742044,-0.4,4
0.1,0.25,0.6623992294064142,0.0,0
0.1,0.25,0.385599188513301,-0.8,8
0.1,0.25,0.44440927545847886,-0.8,8
0.1,0.25,0.6623992294064142,-0.3,3
0.1,0.25,0.0007657060564544294,-0.5007657060564544,9
0.1,0.25,0.35075303839525485,-0.3333333333333333,4
0.1,0.25,0.49122554744404323,-0.16666666666666666,2
0.1,0.25,0.057685338454133706,-0.5576853384541337,9
0.1,0.25,0.12128687415935457,-0.2046202074926879,4
0.1,0.25,0.01629761505692995,-0.51629761505693,9
0.1,0.25,0.49122554744404323,0.0,0
0.1,0.25,0.11254423583660778,-0.11254423583660778,3
0.1,0.25,0.0010334108828575772,-0.5010334108828576,9
0.1,0.25,0.459832406379585,-0.16666666666666666,2
0.1,0.25,0.26371370493098534,-0.25,3
0.1,0.25,0.04244454678533638,-0.5424445467853364,9
0.1,0.25,0.07259017302874948,-0.4892568396954161,8
0.1,0.25,0.49122554744404323,0.0,0
0.1,0.25,0.49122554744404323,0.0,0
0.1,0.25,0.054635175434495475,-0.5546351754344955,9
0.1,0.25,0.08129409482449701,-0.581294094824497,9
0.1,0.25,0.022357120470564373,-0.5223571204705644,9
0.1,0.25,0.0021431443156229024,-0.5021431443156229,9
0.1,0.25,0.0007233384201356108,-0.5007233384201356,9
0.1,0.25,0.27142142629317934,-0.16666666666666666,2
0.1,0.25,0.13947309085243442,-0.3061397575191011,5
0.1,0.25,0.49122554744404323,0.0,0
0.1,0.25,0.1245492594155716,-0.5412159260822382,8
0.1,0.25,0.3186919797606491,-0.5,6
0.1,0.25,0.018277005250174838,-0.43494367191684147,8
0.1,0.25,0.3539186306232933,-0.25,3
0.1,0.25,0.31906267959159695,-0.75,9
0.1,0.25,0.459832406379585,-0.08333333333333333,1
0.1,0.25,0.1864234962965302,-0.6030901629631968,8
0.1,0.25,0.2067883627681063,-0.373455029434773,5
0.1,0.25,0.459832406379585,-0.16666666666666666,2
0.1,0.25,0.08761913683384737,-0.504285803500514,8
0.1,0.25,0.3520720543573125,-0.4166666666666667,5
0.1,0.25,0.07148612890569572,-0.4048194622390291,7
0.1,0.25,0.07148612890569572,-0.5714861289056957,9
0.1,0.25,0.3573454734803675,-0.4166666666666667,5
0.1,0.25,0.49122554744404323,-0.08333333333333333,1
0.1,0.25,0.12520878807357239,-0.29187545474023907,5
0.1,0.25,0.07123114870903602,-0.321231148709036,6
0.1,0.25,0.39669221622365947,-0.16666666666666666,2
0.1,0.25,0.40803444525214194,-0.16666666666666666,2
0.1,0.25,0.38912364978807834,-0.16666666666666666,2
0.1,0.25,0.031277673672644335,-0.5312776736726443,9
0.1,0.25,0.13970384419931137,-0.6397038441993114,9
0.1,0.25,0.020422188244681228,-0.3537555215780146,7
0.1,0.25,0.49122554744404323,-0.16666666666666666,2
0.1,0.25,0.0016564055234935537,-0.5016564055234936,9
0.1,0.25,0.13046003260360794,-0.630460032603608,9
0.1,0.25,0.1524620991231389,-0.3191287657898056,5
0.1,0.25,0.011893067053829531,-0.5118930670538295,9
0.1,0.25,0.059609311214231187,-0.5596093112142312,9
0.1,0.25,0.05333447864095864,-0.386667811974292,7
0.1,0.25,0.3539186306232933,-0.5,6
0.1,0.25,0.27142142629317934,-0.16666666666666666,2
0.1,0.25,0.054194903456543986,-0.554194903456544,9
0.1,0.25,0.06485300277393968,-0.5648530027739397,9
0.1,0.25,0.06149291928677614,-0.5614929192867761,9
0.1,0.25,0.0542928852558443,-0.3876262185891777,7
0.1,0.25,0.001723073636884176,-0.5017230736368842,9
0.1,0.25,0.13970384419931137,-0.6397038441993114,9
0.1,0.25,0.39669221622365947,-0.08333333333333333,1
0.1,0.25,0.459832406379585,-0.16666666666666666,2
0.1,0.25,0.009475379737679424,-0.5094753797376794,9
0.1,0.25,0.27142142629317934,-0.08333333333333333,1
0.1,0.25,0.27142142629317934,-0.08333333333333333,1
0.1,0.25,0.07059352772082239,-0.5705935277208224,9
0.1,0.25,0.49122554744404323,-0.08333333333333333,1
0.1,0.25,0.12520878807357239,-0.12520878807357239,3
0.1,0.25,0.49122554744404323,-0.08333333333333333,1
0.1,0.25,0.1272808561207297,-0.21061418945406302,4
0.1,0.25,0.31906267959159695,-0.75,9
0.1,0.25,0.25391434075327646,-0.5833333333333334,7
0.1,0.25,0.3101401511595575,-0.6666666666666666,8
0.1,0.25,0.27142142629317934,-0.16666666666666666,2
0.1,0.25,0.08129409482449701,-0.49796076149116364,8
0.1,0.25,0.49122554744404323,-0.08333333333333333,1
0.1,0.25,0.3106289849456506,-0.4166666666666667,5
0.1,0.25,0.13947309085243442,-0.22280642418576774,4
0.1,0.25,0.45206181053000827,-0.25,3
0.1,0.25,0.40803444525214194,-0.4166666666666667,5
0.1,0.25,0.0007966489725965697,-0.5007966489725966,9
0.1,0.25,0.12520878807357239,-0.45854212140690576,7
0.1,0.25,0.4837492874056374,-0.08333333333333333,1
0.1,0.25,0.4400981151104615,-0.16666666666666666,2
0.1,0.25,0.3174628801446353,-0.6666666666666666,8
0.1,0.25,0.07093563747408771,-0.5709356374740877,9
0.1,0.25,0.07956097853716526,-0.5795609785371653,9
0.1,0.25,0.02784967925602566,-0.5278496792560257,9
0.1,0.25,0.13754217745055075,-0.13754217745055075,3
0.1,0.25,0.022270217657129332,-0.3556035509904627,7
0.1,0.25,0.041082228045256075,-0.37441556137858945,7
0.1,0.25,0.4837492874056374,-0.08333333333333333,1
0.1,0.25,0.0034582910227277663,-0.5034582910227278,9
0.1,0.25,0.057300834987441096,-0.39063416832077447,7
0.1,0.25,0.49122554744404323,0.0,0
0.1,0.25,0.49122554744404323,0.0,0
0.1,0.25,0.4400981151104615,-0.08333333333333333,1
0.1,0.25,0.07479426249835319,-0.1581275958316865,4
0.1,0.25,0.49122554744404323,0.0,0
0.1,0.25,0.9826408586840785,-0.07692307692307693,1
0.1,0.25,0.8846850956852224,-0.8461538461538461,11
0.1,0.25,0.9826408586840785,-0.3076923076923077,4
0.1,0.25,0.9680567115073361,-0.3076923076923077,4
0.1,0.25,0.9394896498108463,-0.3076923076923077,4
0.1,0.25,0.9826408586840785,-0.07692307692307693,1
0.1,0.25,0.9394896498108463,-0.15384615384615385,2
0.1,0.25,0.17972302315170086,-0.6220307154593931,9
0.1,0.25,0.9826408586840785,-0.38461538461538464,5
0.1,0.25,0.9680567115073361,-0.6923076923076923,9
0.1,0.25,0.8846850956852224,-0.6153846153846154,8
0.1,0.25,0.12744625720955838,-0.5697539495172507,9
0.1,0.25,0.8846850956852224,-0.6923076923076923,9
0.1,0.25,0.9394896498108463,-0.15384615384615385,2
0.1,0.25,0.9680567115073361,-0.5384615384615384,7
0.1,0.25,0.8846850956852224,-0.6153846153846154,8
0.1,0.25,0.9826408586840785,-0.07692307692307693,1
0.1,0.25,0.12744625720955838,-0.6466770264403277,10
0.1,0.25,0.9826408586840785,-0.46153846153846156,6
0.1,0.25,0.2455785165522859,-0.7648092857830552,10
0.1,0.25,0.9680567115073361,-0.6923076923076923,9
0.1,0.25,0.9680567115073361,-0.6923076923076923,9
0.1,0.25,0.9826408586840785,-0.15384615384615385,2
0.1,0.25,0.12744625720955838,-0.4159077956710968,7
0.1,0.25,0.8846850956852224,-0.6923076923076923,9
0.1,0.25,0.9826408586840785,0.0,0
0.1,0.25,0.1222736628243225,-0.7184275089781686,11
0.1,0.25,0.9826408586840785,-0.07692307692307693,1
0.1,0.25,0.9826408586840785,-0.07692307692307693,1
0.1,0.25,0.8846850956852224,-0.8461538461538461,11
0.1,0.25,0.08907123541814055,-0.6083020046489098,10
0.1,0.25,0.9826408586840785,-0.6923076923076923,9
0.1,0.25,0.8846850956852224,-0.23076923076923078,3
0.1,0.25,0.9680567115073361,-0.7692307692307693,10
0.1,0.25,0.9826408586840785,-0.38461538461538464,5
0.1,0.25,0.9826408586840785,-0.6153846153846154,8
0.1,0.25,0.8846850956852224,-0.46153846153846156,6
0.1,0.25,0.9826408586840785,0.0,0
0.1,0.25,0.9826408586840785,0.0,0
0.1,0.25,0.06676138493996508,-0.6629152310938112,11
0.1,0.25,0.8846850956852224,-0.8461538461538461,11
0.1,0.25,0.2455785165522859,-0.6109631319369013,8
0.1,0.25,0.8846850956852224,-0.8461538461538461,11
0.1,0.25,0.8846850956852224,-0.5384615384615384,7
0.1,0.25,0.06676138493996508,-0.6629152310938112,11
0.1,0.25,0.9826408586840785,-0.46153846153846156,6
0.1,0.25,0.2455785165522859,-0.841732362706132,11
0.1,0.25,0.8846850956852224,-0.38461538461538464,5
0.1,0.25,0.08907123541814055,-0.45445585080275597,8
0.1,0.25,0.8846850956852224,-0.38461538461538464,5
0.1,0.25,0.23553045167227926,-0.6778381439799716,9
0.1,0.25,0.9394896498108463,-0.07692307692307693,1
0.1,0.25,0.9826408586840785,-0.3076923076923077,4
0.1,0.25,0.9680567115073361,-0.38461538461538464,5
0.1,0.25,0.8846850956852224,-0.3076923076923077,4
0.1,0.25,0.8846850956852224,-0.7692307692307693,10
0.1,0.25,0.23553045167227926,-0.7547612209030485,10
0.1,0.25,0.9826408586840785,-0.3076923076923077,4
0.1,0.25,0.9680567115073361,-0.5384615384615384,7
0.1,0.25,0.9680567115073361,-0.6923076923076923,9
0.1,0.25,0.13514845205100667,-0.7313022982048528,11
0.1,0.25,0.9680567115073361,-0.8461538461538461,11
0.1,0.25,0.13514845205100667,-0.34668691358946824,6
0.1,0.25,0.9398289956970705,-0.23076923076923078,3
0.1,0.25,0.9394896498108463,-0.5384615384615384,7
0.1,0.25,0.8846850956852224,-0.46153846153846156,6
0.1,0.25,0.9680567115073361,-0.15384615384615385,2
0.1,0.25,0.9826408586840785,-0.23076923076923078,3
0.1,0.25,0.9826408586840785,-0.6153846153846154,8
0.1,0.25,0.9394896498108463,-0.46153846153846156,6
0.1,0.25,0.12535612051410105,-0.7215099666679472,11
0.1,0.25,0.13514845205100667,-0.7313022982048528,11
0.1,0.25,0.9826408586840785,-0.3076923076923077,4
0.1,0.25,0.13514845205100667,-0.7313022982048528,11
0.1,0.25,0.9680567115073361,-0.8461538461538461,11
0.1,0.25,0.9826408586840785,-0.07692307692307693,1
0.1,0.25,0.8846850956852224,-0.23076923076923078,3
0.1,0.25,0.9680567115073361,-0.6923076923076923,9
0.1,0.25,0.9826408586840785,-0.23076923076923078,3
0.1,0.25,0.9826408586840785,-0.15384615384615385,2
0.1,0.25,0.8846850956852224,-0.46153846153846156,6
0.1,0.25,0.13514845205100667,-0.19284075974331438,4
0.1,0.25,0.9398289956970705,-0.38461538461538464,5
0.1,0.25,0.8846850956852224,-0.6923076923076923,9
0.1,0.25,0.8846850956852224,-0.46153846153846156,6
0.1,0.25,0.1689864093151694,-0.45744794777670783,7
0.1,0.25,0.9826408586840785,-0.23076923076923078,3
0.1,0.25,0.9394896498108463,-0.07692307692307693,1
0.1,0.25,0.9826408586840785,-0.46153846153846156,6
0.1,0.25,0.9826408586840785,-0.38461538461538464,5
0.1,0.25,0.9680567115073361,-0.5384615384615384,7
0.1,0.25,0.9680567115073361,-0.8461538461538461,11
0.1,0.25,0.06676138493996508,-0.6629152310938112,11
0.1,0.25,0.8846850956852224,-0.8461538461538461,11
0.1,0.25,0.9826408586840785,-0.23076923076923078,3
0.1,0.25,0.13514845205100667,-0.5005330674356221,8
0.1,0.25,0.8846850956852224,-0.23076923076923078,3
0.1,0.25,0.9826408586840785,-0.15384615384615385,2
0.1,0.25,0.9826408586840785,-0.38461538461538464,5
0.1,0.25,0.9398289956970705,-0.46153846153846156,6
0.1,0.25,0.5548418449270073,-0.3333333333333333,1
0.1,0.25,0.5548418449270073,0.0,0
0.1,0.25,0.0,-0.75,3
0.1,0.25,0.0,-0.75,3
0.1,0.25,0.5548418449270073,-0.3333333333333333,1
0.1,0.25,0.3057912208405609,-0.3333333333333333,1
0.1,0.25,0.2290091161470067,-0.6456757828136733,2
0.1,0.25,0.5548418449270073,0.0,0
0.1,0.25,0.2290091161470067,-0.6456757828136733,2
0.1,0.25,0.0,-0.75,3
0.1,0.25,0.0,-0.75,3
0.1,0.25,0.5548418449270073,-0.6666666666666666,2
0.1,0.25,0.5548418449270073,-0.6666666666666666,2
0.1,0.25,0.0,-0.75,3
0.1,0.25,0.0,-0.75,3
0.1,0.25,0.0,-0.75,3
0.1,0.25,0.3057912208405609,-0.3333333333333333,1
0.1,0.25,0.0,-0.75,3
0.1,0.25,0.3057912208405609,-0.3333333333333333,1
0.1,0.25,0.0,-0.75,3
0.1,0.25,0.0,-0.75,3
0.1,0.25,0.0,-0.75,3
0.1,0.25,0.5548418449270073,0.0,0
0.1,0.25,0.0,-0.75,3
0.1,0.25,0.0,-0.75,3
0.1,0.25,0.5548418449270073,-0.6666666666666666,2
0.1,0.25,0.5548418449270073,-0.3333333333333333,1
0.1,0.25,0.0,-0.75,3
0.1,0.25,0.5548418449270073,-0.6666666666666666,2
0.1,0.25,0.0,-0.75,3
0.1,0.25,0.3057912208405609,-0.3333333333333333,1
0.1,0.25,0.5548418449270073,-0.6666666666666666,2
0.1,0.25,0.3057912208405609,-0.6666666666666666,2
0.1,0.25,0.5548418449270073,-0.6666666666666666,2
0.1,0.25,0.5548418449270073,0.0,0
0.1,0.25,0.3057912208405609,-0.3333333333333333,1
0.1,0.25,0.3057912208405609,-0.3333333333333333,1
0.1,0.25,0.5548418449270073,0.0,0
0.1,0.25,0.5548418449270073,0.0,0
0.1,0.25,0.5548418449270073,0.0,0
0.1,0.25,0.0,-0.75,3
0.1,0.25,0.0,-0.75,3
0.1,0.25,0.5548418449270073,-0.3333333333333333,1
0.1,0.25,0.0,-0.75,3
0.1,0.25,0.5548418449270073,-0.3333333333333333,1
0.1,0.25,0.5548418449270073,-0.6666666666666666,2
0.1,0.25,0.0,-0.75,3
0.1,0.25,0.2290091161470067,-0.6456757828136733,2
0.1,0.25,0.3057912208405609,-0.3333333333333333,1
0.1,0.25,0.5548418449270073,-0.3333333333333333,1
0.1,0.25,0.5548418449270073,0.0,0
0.1,0.25,0.5548418449270073,0.0,0
0.1,0.25,0.3057912208405609,-0.3333333333333333,1
0.1,0.25,0.5548418449270073,0.0,0
0.1,0.25,0.0,-0.75,3
0.1,0.25,0.0,-0.75,3
0.1,0.25,0.5548418449270073,0.0,0
0.1,0.25,0.2290091161470067,-0.6456757828136733,2
0.1,0.25,0.5548418449270073,-0.6666666666666666,2
0.1,0.25,0.5548418449270073,0.0,0
0.1,0.25,0.0,-0.75,3
0.1,0.25,0.5548418449270073,0.0,0
0.1,0.25,0.3057912208405609,-0.3333333333333333,1
0.1,0.25,0.0,-0.75,3
0.1,0.25,0.0,-0.75,3
0.1,0.25,0.5548418449270073,-0.3333333333333333,1
0.1,0.25,0.5548418449270073,0.0,0
0.1,0.25,0.5548418449270073,0.0,0
0.1,0.25,0.3057912208405609,-0.6666666666666666,2
0.1,0.25,0.0,-0.75,3
0.1,0.25,0.0,-0.75,3
0.1,0.25,0.0,-0.75,3
0.1,0.25,0.5548418449270073,-0.3333333333333333,1
0.1,0.25,0.5548418449270073,0.0,0
0.1,0.25,0.3057912208405609,-0.3333333333333333,1
0.1,0.25,0.5548418449270073,0.0,0
0.1,0.25,0.0,-0.75,3
0.1,0.25,0.0,-0.75,3
0.1,0.25,0.5548418449270073,0.0,0
0.1,0.25,0.5548418449270073,0.0,0
0.1,0.25,0.5548418449270073,0.0,0
0.1,0.25,0.3057912208405609,-0.6666666666666666,2
0.1,0.25,0.5548418449270073,-0.3333333333333333,1
0.1,0.25,0.2290091161470067,-0.6456757828136733,2
0.1,0.25,0.2290091161470067,-0.6456757828136733,2
0.1,0.25,0.5548418449270073,-0.3333333333333333,1
0.1,0.25,0.2290091161470067,-0.6456757828136733,2
0.1,0.25,0.5548418449270073,0.0,0
0.1,0.25,0.5548418449270073,-0.6666666666666666,2
0.1,0.25,0.2290091161470067,-0.6456757828136733,2
0.1,0.25,0.5548418449270073,0.0,0
0.1,0.25,0.0,-0.75,3
0.1,0.25,0.5548418449270073,-0.6666666666666666,2
0.1,0.25,0.0,-0.75,3
0.1,0.25,0.0,-0.75,3
0.1,0.25,0.5548418449270073,0.0,0
0.1,0.25,0.2290091161470067,-0.6456757828136733,2
0.1,0.25,0.0,-0.75,3
0.1,0.25,0.0,-0.75,3
0.1,0.25,0.3057912208405609,-0.3333333333333333,1
